139257.00008871453 1.3903429014182302
0.5699684309984625 0.7059944237040592
0.256627428681714 0.33608743925146556
0.14129232700469144 0.2504985248891449
0.14412198285179265 0.2017925644368173
0.18273412660801447 0.15186669886587467
2680.448474382983 0.07975929128606096
0.5795228382708477 0.7370985503608829
0.2710413254897232 0.3895351984582657
0.21564437094057973 0.33400462901704714
0.17266540914618017 0.23948982800521498
0.20417207668555276 0.1629263069648999
0.7351627212231953 0.8349506567461604
0.9244631077412844 0.7118842363087965
0.2785858564167787 0.10419376524577002
1.3185814656391812 0.9393990747591157
0.9118253041836988 1.0147480973688796
0.4300643498201758 0.5406182179517893
0.4883945120133868 0.44936394138943303
0.3111557812680622 0.25697398967628715
0.21657887556085437 0.1625603834073292
0.9760644798608429 1.0176327228207929
1.8666346207575155 1.5469435541175645
2.388614876003851 1.3809315608136812
0.8851167728708129 0.9996436457804668
1.0362424757472537 1.051549304130656
1.7201901210338977 1.012153284661422
1.0309809147725064 1.0240330206001862
1.6156501744670966 1.151531683749226
1.8868837676402044 1.1390250436290632
1.121435551407068 1.0323433248283074
1.901864338790346 1.1549115897718867
1.7854373799948928 1.1166395181199607
1.7173259231923934 1.0540798904244026
0.35863226108209556 0.508899191974723
0.3262483484177673 0.47437755405725496
0.43671429633966 0.44727469574649553
0.8373880486592442 0.5936484953182599
0.31619404272460544 0.40956225974615335
0.23799305498317064 0.35686121391760195
0.22184823167951467 0.24115542440376975
0.39801067892954084 0.49062057059684183
0.4784390740583412 0.46496966887331975
0.20799645976581002 0.16387462255228297
0.2754238805618301 0.1030259022124881
0.7761283325544227 0.6881688826619392
1.5186150636152786 0.6808813860985856
1.5058815113128161 0.6969630614153945
0.4218189845012443 0.6315936578035253
0.27132500506722157 0.3351742273163647
0.1755641549058759 0.24876357193489002
0.2437423059674111 0.16170185038431134
0.25871203103043217 0.10239888112590717
0.5742005784222026 0.6791561004939564
0.6044036876778959 0.6121586184297556
0.8789775132800239 0.8049496248105663
0.6646888028984023 0.8056098630325563
2.0658083223301826 0.7677206406372263
0.8400127323754877 0.7797098299310985
1.1235683742108318 0.8360344722375119
0.20848244251038855 0.3384802023778991
0.2186137937866381 0.31505907606791544
0.5391741881753511 0.48763660187403984
0.8311720690258978 0.4645290542303774
0.24010597822754762 0.290693168509633
0.18275695876767636 0.28083724526722553
0.41771525193903314 0.34977230967369244
0.2499532413324579 0.1860143466280282
0.30926544074291507 0.10952156950905649
0.6928059036018066 0.41766926066833276
0.3954323449431889 0.5280557982703364
0.553715101105523 0.47923214230909844
0.21873874052781195 0.16545008111004544
0.2571434439259277 0.10359017673568793
0.42503580436347776 0.34541845689663947
0.8182428380048319 0.4985954427782438
0.570962250353245 0.5100538056976425
1.938233391373847 0.4334029286214544
1.151055243372586 0.6247860947101004
1.4983125952705967 0.7536855040091475
0.17264592141070312 0.24991592573972665
0.2537522823718576 0.20559729906330515
0.25154173046773837 0.1668828719769124
0.24457874977557986 0.21418414547430464
0.213458802865323 0.16201462947242373
0.2949546924184193 0.21904657209525102
0.2874798598606751 0.2891144255916426
0.2850394261851683 0.10473351552931832
1.1801190758378584 0.47117313593393334
0.22668097073700674 0.24374519194018227
0.19757320681100282 0.16617888484183635
0.20917486587727072 0.14929196399319966
0.24338612307521804 0.10223732320986699
0.37933748462160066 0.1491245018156594
0.3156612336169672 0.19638467658165643
1.9411742637796112 0.3437744873860412
0.18615524164776473 0.14742696744102773
0.2307370039394133 0.10356765172391207
0.2775789650448903 0.11803541243967314
0.9348868520314453 0.19357250315119978
2780.602975594488 0.07868259348120393
0.866325267896408 1.0788920917765472
0.8386951780610855 0.9810601537785704
1.1275182524775729 1.0804613774800367
1.5297581173698562 1.1009002154400278
0.9938386628066488 1.1469511803610635
0.9269101180367234 1.002208808105938
2.248004563366427 1.008033412639516
1.2844798406421585 1.2101998632513942
1.7092947198414623 1.243802009429698
2.1541580705994092 1.367042840331509
1.481137327513915 1.2977842664857646
1.6607277521812023 1.2835363476270591
1.481812040052856 1.0370567118628673
1.6325127332144076 0.7839298056024879
2.8510655244888383 1.7463018561537518
1.8031089845279142 1.4930436235918154
0.7592381247031926 0.9412218459455639
0.8366383794517765 0.926919684389887
0.9203601981794851 0.8791217496478361
0.6701714474382996 0.7825718695147481
1.6573815065881434 0.8249070682124712
1.4631544584606333 1.0271724247093372
0.580784461100617 0.4833213094401663
1.0341649734740552 0.46373439405042244
1.0005259728975355 1.1071690190229215
1.525819354842181 1.0700861865669982
1.246375778708026 1.1364943394702076
2.3006008110631786 1.2237515151970093
2.9549124245463725 1.228465307961847
2.2673395096032074 1.4033326043571859
1.234721007502926 1.1038769171858303
2.2525112069424456 1.174952413643557
206033.19122161146 1.6502228341067604
0.6182098036572454 0.7598849107969601
0.2670208557340928 0.37434370117930604
0.14664150478094762 0.25013713200516335
0.1685301648150198 0.1978893165667578
0.19018080177996427 0.16082079160880347
2735.5704346085563 0.08035394235061727
0.8797270197179095 1.042004364561756
0.27104712504878226 0.38954973364912737
0.2505581862057041 0.35877633477603593
0.17304764069803344 0.2398492364977581
0.20545261094480827 0.16290076918705437
1.6533911711806768 1.4968356422321116
0.9292421135637581 0.7224326607742411
0.2787337880743026 0.10434054830786306
1.4102855639781393 0.8713526566076966
0.9199717597252259 0.9843262922728511
0.44615445381644936 0.5431460768228136
0.8888115939134097 0.7996122411225537
0.9095026470884816 0.7364204218963294
0.2173033669536813 0.16248608758581862
0.9851421291146214 0.9812725590322208
1.9777132858302127 1.5767034184454694
2.415183643369001 1.4458996768787422
0.8857605513647531 0.9561228926725951
1.046545063435996 1.0170555997096424
1.0600787094855615 0.9874555060520886
1.9183071503289026 1.2362247904743655
1.124858266533581 0.9728200122804358
1.7176083495356782 1.054030421165222
0.5526359032445554 0.7804626686111913
0.32880783813995695 0.45618472814769084
0.5297536154263087 0.5799284057474603
0.8462510675627115 0.6163308043699399
0.3453818302002206 0.49712552618873773
0.25762374614377415 0.3393668494117326
0.22398185142025717 0.24372734157107181
0.41126130250654086 0.5340330942830072
0.2080051486264777 0.16387248431777673
0.2759284757875621 0.10377230073155969
1.10710487017711 0.5804609999605768
1.8640081530902035 0.8158113629745829
1.5528315593555924 0.7197486570527192
0.42807806437307017 0.5778058461907879
0.2938281976450725 0.35229851996949857
0.17744460898100906 0.2462560485077263
0.2509010472339762 0.16766460421353135
0.258989314311038 0.10261738795061809
0.5752517807903119 0.7385641865404375
0.613515948268207 0.6126698593310882
0.8965500918075551 0.9789223311480096
0.8417761317239402 0.7817852338232404
1.4026154001784943 1.0337351612185937
0.2168848735962445 0.337495962884539
0.22051359239456303 0.31449793513125396
0.5446159643965405 0.49319240605068226
0.8975168684365236 0.4871085326784931
0.24150493617594496 0.29262865419471046
0.1940954532823262 0.2638648874291412
0.6828982957563213 0.48375719901865505
0.2715598329584611 0.16520336574983888
0.3197250198966911 0.10950791248057846
1.2136942213242854 0.5841912976109704
0.4357077849820017 0.5842915095405752
0.31088113943943857 0.1844783692600106
0.26004389783802634 0.10364654245111199
1.0122250714737313 0.628819598207401
0.8227406846364882 0.5090347116745915
0.5722014334050503 0.5254630059882202
1.5093183923605904 0.7530627321570591
0.17981989862877618 0.25503371251255863
0.25483842688610725 0.20473066893253572
0.2522216700129157 0.1662823695333204
0.2619744569612343 0.20774775200104412
0.2144776361476442 0.16266636806348161
0.30718812323389943 0.22615522556103543
0.29954195404780537 0.277987424346789
0.28507817810850117 0.10473137331854993
1.383270450590825 0.6267352292867251
0.22954223919205752 0.17708112963901243
0.2088246932224465 0.17493213297786986
0.20935949868813475 0.14916978298828207
0.24519537901947014 0.10246344988781439
0.5064683070557903 0.1469225229746714
0.3205669813903429 0.19999037080095983
0.19052929705344707 0.16131029572875055
0.23388167756259015 0.10461391523952358
0.6500775902180187 0.1166252556925703
1.294458988846803 0.2210973315556024
2811.9969792789398 0.0787477545102469
0.868850072247151 1.0795626563649507
0.8454634325072989 0.9770116575786204
1.2328752114367594 1.1592854187501418
1.5804183566255512 1.0865415236438505
1.135658964551092 1.2205087243483213
0.9641205280407084 0.9358516203538414
2.4145563786279642 1.0079492070498122
1.4279594149309836 1.1533419313392357
1.7249914347945499 1.2438488874595368
2.2835615653174495 1.4349822475638128
1.5266165172429105 1.490229374509092
1.8541952919320153 1.4252224541825989
1.9208736706410123 0.6885036758670905
2.8517504341326254 1.5454478845463744
2.053932450163892 1.4056097651565262
0.7701646910297681 0.8149216388961119
0.8803333612608992 0.9258060613694508
0.9453367644481687 0.8574195530711788
1.5347167930229353 1.0875320786673508
0.6609367620264652 0.4852650352980818
1.0070007744144882 1.1123727341556042
2.880833018497008 1.605322936816478
1.2398701560863241 1.103577169954797
0.6216988431957846 0.782538407833355
0.28993821365010874 0.3734417719860652
0.15845117737518088 0.24823547735602197
0.2010947658827607 0.18986966905752
0.20121769155770752 0.13511266174502912
2749.351430068409 0.08023881232788738
1.1808006354772722 1.3089173065099353
0.27865216242618657 0.38762476808764157
0.6828797634818489 0.7891270533287578
0.20193523230149646 0.2267709499997973
0.21015209422507428 0.1641312062047602
1.6590496376784887 1.4376434219129304
1.014113006313067 0.7961521897104632
0.27970826065422255 0.10504398728781246
1.653401705897445 0.8661625335939589
0.9403984278954349 0.9836891475337948
0.7057313369120907 0.83807348117762
0.9101940279056673 0.9674865873621495
1.1317154889519598 0.8268454405016996
0.21895206241130027 0.1619507123052063
0.9966082665382532 1.0521653582995678
2.0261639096140907 1.4876978661743339
0.9285855484967478 1.0037175313529931
1.1875892286255172 1.092412837904519
1.3211484473960111 1.1175229985559676
2.2090051688578134 1.3326752883686122
1.2495940341727412 1.0743786709017367
1.786413765679618 1.100672195782972
0.6861302758153678 0.9008465175816587
0.33021054317480686 0.4540506987241919
0.5565336996762409 0.6422601261331158
0.8485146487960046 0.6183002022977961
0.43412190567965747 0.5250583285412447
0.26243768759425773 0.33029867636257804
0.2509964993910699 0.24369130999116842
0.4244967478768087 0.47503600209336205
0.2082549033021045 0.1652795700276014
0.27759536340085894 0.10487415184429204
1.2707371996655386 0.8765385565810466
1.636665561356488 0.7520377384846773
0.4340391512950641 0.6310814645365967
0.29798973103187976 0.3817065300370071
0.21161188529391117 0.2447448996063587
0.25339533772447675 0.16728122832703385
0.2593770086760278 0.10253024595003823
0.8103230301317613 0.6782918534441493
0.661761541068264 0.5273965655160815
1.1591431233201628 1.1013644237530145
0.9334523058953921 0.6585163940904397
1.5600868365181069 0.8220010392593032
0.21888399108169515 0.4069423066732285
0.23021455516186984 0.32672252136621677
1.1870495324597803 0.5405835491666415
0.24232416391033001 0.2913478575498089
0.21172889935035052 0.25587560414621746
0.7708884539179683 0.5510601460455533
0.2718467110832179 0.1651831568666937
0.3303043121514583 0.10699512100820853
0.46369474327954063 0.43632234724980645
0.2624093959718933 0.10506687762758071
0.5744913943865725 0.5100702898608743
0.18836975981621393 0.2549351548338219
0.2554572119700782 0.20424516120422548
0.2669902832614637 0.16347481970557695
0.26247760835028844 0.20687190678222103
0.22260224710171814 0.179847970618884
0.3072139477030566 0.22834161421481997
0.30002974010361433 0.27905539004650104
0.28526163145116123 0.10473238734902098
0.23029640968396956 0.23791831113917886
0.22033518353245624 0.17941516619144163
0.22015405338648167 0.15406313929511603
0.24532465393032304 0.10287560034821402
0.5230686962817 0.1492343359223445
0.3521783043679356 0.18840942142659467
0.19597672123730164 0.1637683364685524
0.23485334412180328 0.1039502974089758
0.7475713248014755 0.12077954778716324
4082.5371043087175 0.07970202854879185
0.8718552723334403 1.0797696617572905
0.9528581685658143 1.1019672926724384
1.2911928763983498 1.1661580958075328
1.605642959758095 1.1084376999160857
1.1438085458546063 1.2307604211888594
1.0032580106009814 1.0618422769985878
1.5230258626122877 1.203381688739888
1.921747040253324 1.2041397039887232
2.4250901494664667 1.4804942213439893
1.9321278963707735 1.676422363207325
2.551412845254102 1.8419940842403035
0.8206687208624783 0.9132236545187543
1.2073481984687606 1.1108773957580491
1.5936653546248603 1.0502019289753242
1.0016162366879264 0.7713301717888733
1.0102188887219075 1.1072325367499964
1.2982963948520738 1.1330735153636395
0.6882166105132033 0.841237063704263
0.3733346470624471 0.5045061004702194
0.1602735384137839 0.24833404022428696
0.5901410472404582 0.47980341067867227
0.2084220754311534 0.13603939248362862
2782.0451834512314 0.08035323913235404
1.2765283266156653 1.3282519629964769
0.28561118941098435 0.4288756325465646
0.27515752050645514 0.29923856767128587
0.24915606210818075 0.1628954418769969
2.081564541080654 1.7502577454624861
0.2811621658787527 0.1031532431439834
0.9888261700543823 1.143483754675079
1.2014892283311993 1.202804339519175
1.3102839786137583 0.5871482714621892
0.22604890512093345 0.153247148620126
1.0139219090450868 1.1257308518417548
3.3802516382267234 2.2309535321955316
0.9309634845222323 1.02246019506801
2.5114594282151046 1.8741707089170834
2.3191817021357704 1.2333865370513284
1.3064188292854837 1.1514675505918388
1.8621952708023062 1.1112664908786585
0.6973697539653234 0.8956930634318122
0.3922099437049946 0.5943237847535883
0.5644822442729152 0.502035378292399
1.3695893299378166 0.7813477888497278
0.4450452772448362 0.560616751668061
0.2649528211098654 0.3461659651053449
0.2520541839380123 0.23998034657245723
0.638659084952659 0.6896081027620358
0.20858236497126154 0.16356046011603714
0.2825801428085486 0.10401852052434843
1.3514021680790482 0.8702876815848726
1.672366184686354 0.7495762180809987
0.4399673604169266 0.6309961260673462
0.37998539932471764 0.5232951714594882
0.21191774675202896 0.24574372741818107
0.25407132585420916 0.16720091693438394
0.2867822351155588 0.11823175259002111
0.8635071188270109 0.7975667668583384
1.3435286140899678 1.2339106630891976
1.2086109588637224 0.8832280045935021
1.6082815459804167 0.9678193918862599
0.22381310772098373 0.33836052850135523
0.2652847589906727 0.2797868620401215
1.2044342988373364 0.5865560124244419
0.24701714350110615 0.294727328892661
0.2181152206005495 0.2510462279336156
0.278642844558732 0.16916857898843712
0.333005924550296 0.1277389844271905
0.47862878840773604 0.5057085950666078
0.28845777869762906 0.10518071421294611
1.0828111822605535 0.7146175716122938
0.18997056190173595 0.2959607665349854
0.42742678633559356 0.3620225430074945
0.27092111561757826 0.16399941251960332
0.26700052318565437 0.1999049057170782
0.23299144967305926 0.1881597627729582
0.30331175625895257 0.2782827765556667
0.28562284361474066 0.10361846201987199
0.347425081816896 0.24854545846105464
0.2469323491971926 0.14264374400727922
0.22077200943527503 0.14280000584013208
0.24610977863198916 0.10287366802339726
0.5428150764775391 0.1493425196396731
0.35329285990342274 0.22436587564450078
0.20391947505475144 0.1376196743518848
0.23530835584927412 0.10394681110627806
6083.669769210549 0.0893111502217702
0.8857266578738532 1.1015940322780922
0.9596084120030723 1.1019163964764263
1.5079886151189545 1.0956945647303995
1.700213118377893 1.130393572114491
1.1732772831161515 1.1574401491711557
1.8230775948865934 1.2294944571809234
2.4310194739235307 1.4765618964550877
2.287850920310822 0.9998446322224512
1.0343778064069244 1.117646275324483
1.3291485097079843 1.1592777546050057
2.632245573692621 1.9332787877782733
0.9082835272319316 1.086549976037034
0.2800018077684586 0.31369144424302836
0.21887321432909473 0.2509391441127198
1.921591003763461 1.0319602759607331
0.8914595567921735 1.0624007473796078
0.25149691862404444 0.2038625298891319
3.8118698885176645 2.3423712570186233
1.3055003051709446 0.6464385444712301
1.354749088145923 0.8959828653203397
0.6967477395429034 0.4898704514380303
0.7574455325509029 0.7756768164164451
0.5465872601253099 0.6026951384940672
2.2361987126671172 1.0293212487177232
0.21234038230037788 0.17167838270369704
1.0552792826809425 1.1776837034046055
0.25518761591270794 0.29472654943878557
1.2315017198747524 1.13621080014728
0.4653860003978829 0.6294775974485367
0.8324862863415388 0.7942335487859384
0.23710321822769206 0.106069857421233
0.16028297083325033 0.24845057177603613
0.7518649140521515 0.09066842383406694
0.30388648620202774 0.27882890076040223
0.25676792839262474 0.15460054894433872
0.3359313471195027 0.12785366953765936
0.32636891431100534 0.2267250439638936
0.4551390979781189 0.42790110960216887
0.24756284324435626 0.14010122707627307
1.2989887340091486 0.6783845109121509
0.28688475253445234 0.10467388301312379
2.3781187349825834 1.2387672194010415
0.724778582603641 0.8224437765311772
0.4048503884613909 0.5038312158062375
0.881110842003038 0.9736932265898555
6110.726785587727 0.08911751749416051
1.3989953298579394 1.1736034769395218
0.7513349570639194 0.9083097744494251
0.2600999799554789 0.1793494613995883
0.4850698117157858 0.6103189634896109
