2.6934273874041113 2.8693824565883337
1.7120882100584023 1.9474424204442016
1.6408878935001487 1.5731242519652149
178029.89886976668 1.054288300498155
3.127608157373569 3.0367121700610684
1.8662308060148338 2.0576408411383005
1.637090528234109 1.6573469174822062
1.845672982896028 1.2451865721095738
5.607474309444967 4.573684667959382
4.476582668664322 3.8355279550609347
1.9890952816663323 2.03908492575565
1.6436888729893608 1.7017527396650354
1.8656397555104238 1.2133276858349245
3.0440310303503946 2.9254301695346236
1.902347662105663 2.0746683248548257
1.6613702519522973 1.6897236842155938
1.879413665261848 1.2508310070410449
1.805859227123723 1.9816824567635503
1.6975596344004984 1.6794773678668269
1.9134107047906936 1.2616911672219457
1.768513944175753 1.6613762370518765
1.9446286261609562 1.2982812014697298
206610.51773468617 1.1637209997704538
3.6847152701111128 3.506460925245681
1.848228217215832 2.010718999373112
1.6307514952397755 1.6444702176669475
1.840846240743205 1.2053534124650982
4.302766658283766 3.8187851929240004
2.60839393396372 2.7320843561351458
2.801579052309304 2.3231294846715933
3.830374611675524 3.510559294706252
2.6738536865204745 2.7896941105776367
2.720773041180397 2.313288607123191
2.7206530214836677 2.718119026127727
2.8900549852940083 2.337079468909204
3.367984047698315 3.2351907150729966
2.004204369347484 2.044728719158444
1.640623455760394 1.6926258158861858
1.8550298686064188 1.2464996499618137
3.8069888878219533 3.524481934157521
2.639906746817511 2.7629350466498295
2.6875840820372554 2.2884150415522697
2.6704176475925316 2.708879410220324
2.7329267947997122 2.288501770495393
2.921620509833755 2.2751041223470683
3.0943021669547575 3.027713818300822
1.8824447293911382 2.037396556383403
1.6539790966972543 1.7022828677133028
1.868664202467859 1.2409683858243241
3.046434985380914 2.8964465267970247
2.8341855592702814 2.2691681250942994
3.0164448839023104 2.3045643962454765
1.780481913266788 1.9976339512887913
1.6785845631951513 1.6710698032315525
1.9014621824987241 1.3017488746920975
1.7405929120912575 1.5921944933758754
1.9273252347933085 1.3090843862864958
201838.23391361814 1.1451987912838122
3.454696227114904 3.3316121769898843
2.5423147071320535 2.606389175295446
4.2890654683288805 3.641762445125483
2.580065422686255 2.7300462936948646
3.999223271083528 3.661717418637635
2.6117606769234625 2.722852379578508
2.779349190102551 2.3179320617243455
2.5916361441356077 2.607875111547391
2.8442117395179087 2.168543927007101
3.9521359755478005 3.5813081836300453
2.585298864221514 2.734560085684209
4.203237993723763 3.741493789322976
3.879766851013405 3.566974998669868
3.927752593224593 3.4077591715024633
4.019888703572816 3.5653843226865307
2.593942692107749 2.694668127179069
2.665359783956191 2.2524921186832496
3.9220467238297716 3.435059560899963
2.5637656089068166 2.6192260899063458
2.839069420903936 2.270925361351198
2.8353359535361387 2.20222609967158
3.177890032954762 3.0349073258880424
2.512549677113268 2.635141307185953
2.8163156220755394 2.313043431494446
3.0366434814484036 3.092812307286198
2.503744787198129 2.6873755297148154
2.630152512349681 2.2248290573826157
2.5015679615480337 2.626693236431683
2.6536741504511134 2.278160335223763
2.767148003322997 2.1884641939142986
3.896365930966472 3.676489586924852
2.513730685437232 2.706868601983574
2.609887317498978 2.246008763356442
4.020045840199959 3.3876487551405168
2.4870567409811164 2.6133974235048676
2.6186884473034064 2.2597793565817876
2.731189999579639 2.2221360521865265
2.3925979437418228 2.662811167934742
2.5629278964748297 2.6819163699491124
2.4704734819311964 2.570999042087991
2.9494513674628187 2.2769390104519998
2.7239758770997664 2.2960726215180483
2.4362313273657548 2.5636036231454122
2.6331493385059552 2.250358718608746
2.8155521812260327 2.1386186931477695
1.5877040798439477 1.8847568582889245
2.8778698062069212 2.1613861039033417
1.537365243776219 1.5499663402264032
161688.16684988185 0.9700654375883598
2.9859024517156962 2.9592553295672714
1.8427957770269967 2.079200563396313
1.625507181647003 1.6271090837331617
1.8416819227416896 1.2682453092151547
4.1910217834232455 3.7373613249920656
2.1117052010729416 2.262516682673354
1.615673187318716 1.695574639743037
1.850778271075074 1.285568672009254
4.038926496421095 3.633614352040506
2.182690046734849 2.2668533787424434
1.6389090190157343 1.7790278709102907
1.860351138371126 1.2922194065913462
1.909900499916128 2.0968868482220597
1.6683110609846201 1.7538076943733525
1.890721445433315 1.2786942744187006
1.7391075371489928 1.7097007396840112
1.9238668204209333 1.2338250953369145
1.9965887594739855 1.3232141149609498
3.885318485345807 3.599433683892657
2.162749859780971 2.3345543368329604
1.619472312188079 1.721941590811038
1.8426962244897696 1.226492132463513
4.020636715813083 3.6455757844667067
2.6956924589169655 2.809605740195585
2.733594326999298 2.3882219489023218
2.685103953019138 2.798600464212943
2.7538531968190627 2.3641912546126695
2.976956629296934 2.3747852699050824
4.093444149436715 3.741052395961633
2.2078631886940108 2.278943734335373
1.6261579724974766 1.7429165328912275
1.8609951105513929 1.2861166175224485
2.6563139042207777 2.7366058373226805
2.809031777410588 2.3480103272181436
2.9070303769845993 2.334081481147706
1.884650202577487 2.0821969431664202
1.6635018071947543 1.751610327976691
1.8835657830595902 1.289222127749412
1.7192361646928755 1.6784997378498252
1.9017704032703153 1.2223710964273637
1.9777104466376327 1.277163408474247
4.076698778092387 3.757763428877312
2.543399531110193 2.7158506399306948
4.282616984025814 3.644625646113799
2.639149921756909 2.810870928039693
2.913048833457217 2.587899763865999
2.5684496510456905 2.740755253789978
2.7111971297113113 2.239933129075155
4.014017614458565 3.7467496073859077
2.62774925359533 2.832404023508325
2.7892729629031323 2.464718888042224
3.784004339764653 3.500837171608681
2.5858100848979735 2.7015836781292024
2.778954528470447 2.4180582985725616
2.7097358856809377 2.2622984629328062
2.814189843801528 2.9389921935853116
2.4765377968809705 2.674544882577236
2.8679344208440205 2.4426578745737775
2.4715575429578296 2.716505695535492
2.4719866396818166 2.6700942663770113
2.643937273852961 2.3810082401052783
2.659855656918285 2.323374011068831
1.7783216445592553 2.0343503878762186
2.8812084164790206 2.3026612951259215
1.5404722301293265 1.647737755847186
1.7462868925404798 1.2195596004198528
2.80195532220718 2.888216881492923
1.8658500809285568 2.109632719283284
1.6035252752462479 1.709535054378224
1.8269879876086672 1.2747250823987946
3.3314770975473804 3.358371160354956
2.0239854862691087 2.265588739104795
1.6038296087800377 1.7828146144984611
1.8237318867543135 1.2717120488208873
1.9020250692965504 2.129663031642547
1.621512711958379 1.766529166832557
1.8381128472349286 1.2624836019944508
1.7078247989560427 1.7368150098415525
1.8922322946325023 1.2878565007848932
1.9805014598894437 1.3365218553486502
3.2177588081845796 3.2906872544518957
2.1553674234885207 2.454962240389455
1.5974711592200876 1.7662342089308156
1.8288097770989773 1.2218226947999915
2.5860269376236262 2.7585013532866585
2.7914427310482615 2.2544266362195358
3.0522212919407243 2.504461220021115
1.8837855866283753 2.078130772069385
1.6076571834415918 1.778320806143548
1.8527321665766547 1.2813957434040342
1.6917192526359015 1.7158139327948434
1.8698767511236287 1.2390561804658775
1.9558133553864259 1.3230421806283381
3.8436794106526957 3.5392891839316025
2.441877791093124 2.695819763214002
2.718851848350932 2.3632941733829043
2.463620850193208 2.681491595350143
2.8911160658853063 2.5496676068603024
2.58989344307596 2.2543702224494195
2.477653109152209 2.7243301173031735
2.7529881888461345 2.5038885795967962
2.6552382843768285 2.3204353944791336
1.7800559008163566 2.020370486419146
2.7609785242424802 2.399390788995593
1.5254472358791737 1.6463348284561892
1.7297856970711254 1.2229782286905049
2.527956477145306 2.824082555600662
1.706574458626596 2.0235321927115253
1.569059834984699 1.693025949995156
1.7986723928414048 1.2767122968016316
1.7524256165109549 2.0956954910457517
1.5780341910276432 1.756908515501802
1.7845628458621166 1.2431987197897314
1.6382982099928551 1.7230031864701958
1.834225969473628 1.307966642293218
1.941874757403785 1.3180674251861058
1.7359359736997062 2.061227908729628
1.5627418223443226 1.7160321012342563
1.7969130716198598 1.2720489644266813
1.610115288326753 1.6783288626198323
1.8133572997783447 1.2763341581798981
1.912180072416065 1.2823704153000504
1.704839305474613 2.0487872787058983
1.530055425349302 1.58186042401646
1.7524466044558809 1.2824282310123416
1.610205207218748 1.9664463589956929
1.5512801595601287 1.6657069910255045
1.7699556862478665 1.2460354933438729
1.574864657141466 1.6111356687363454
1.753694662928726 1.2817824505577449
1.8544363303078581 1.2880072905166429
1.6010451869879179 1.661517833885375
1.7688460495871277 1.250264204309262
1.8582531350849116 1.28017219800056
1.5368970144546226 1.6343928847484552
1.7359807739558422 1.2752511528635413
1.5484011035232874 1.5708971962051517
1.731871558846672 1.2611025034184544
1.7867747994824856 1.2808473718810598
1.8199413044565311 1.3032393361338825
1.7260844987353936 1.2595412863446573
166107.66489127904 1.0750222736090889
1.865430077570359 1.2973784734440879
1.78264388791995 1.4899419973522532
1.9434912027445703 1.299785615061667
1.7884475735672283 1.3064508994213864
3.102670005190983 3.049700689401973
1.7357742251973722 1.2552709690000707
1.6109274742144808 1.6792271176026907
2.0418111685657108 1.4305019539704737
1.6275252755052367 1.7526381896088183
1.7202823140565915 1.7026258957182854
2.602036942844593 2.7363280901069666
4.004703027180815 3.325288560473525
1.558495449019874 1.7162362891406169
2.4891644682117033 2.621111496490015
2.730228800120927 2.285457992404862
2.4821028642485397 2.728465630130106
1.9119893340166132 1.2510558070569329
1.8574453504983097 1.296209657608122
178196.46792704568 1.0817039151852035
1.6417700719358308 1.785762846331499
1.899709594671051 1.3619663541830578
213872.27698180487 1.1860667177426167
1.5555104545310834 1.4595246351104114
2.3961910905660155 2.6683251055046124
3.6365664749325366 3.463226208635975
1.8415028085724545 1.2085373458477082
4.427380059802315 3.410794260819213
1.8080600627382108 1.3336825823428557
1.917470190058152 2.06846409472863
1.8312393782822476 2.0298693217240578
2.8422403887759815 2.3451468922241983
4.048495856044872 3.462320571560341
2.541050186371281 2.726766076535655
2.723685437786723 2.7645775804968618
1.8432409872838322 1.2627114001211879
1.8483054217797652 2.012156718009825
2.8906123014908793 2.7755082100698956
3.8186194962861113 3.5553376425533982
1.9025909445841198 2.0765750844316444
1.6089132678785143 1.7673358594114212
2.1802409760518286 2.2997542253984142
1.7479642432571862 1.6494347372067049
3.4563496945203642 3.42172804014239
2.698979600849394 2.79271682276723
1.8622947414014948 1.284943251365186
3.1626393468973286 2.538965195849854
1.6744891728351794 1.7857251119839495
2.7313168859411854 2.2224288239755206
1.9476092389759225 1.3082728924399838
2.6333098004090014 2.8395728853705062
1.894305262694608 2.080293410484355
1.5960168581138803 1.8964491612174725
4.343021920344899 3.7263916432425193
4.107540876417005 3.6810966268413248
1.889957348890358 1.3003531060889812
2.6855536730940135 2.4289657665125866
2.613196329575211 2.7146444650816894
1.6624167609810478 1.691718008281012
2.8539742579960854 2.2653686828435364
2.617652118495376 2.746279051247185
1.6661871564471724 1.834907342802327
3.037046911763939 2.327340435491856
1.6477762346091986 1.731918608414248
3.917626824287156 3.578120962427845
2.6739585031536706 2.789725973596148
2.8219364824532853 2.800729030316519
1.7701099832592027 1.7285943166253173
4.01229873641887 3.3502024922713396
2.5934832628695057 2.6148423790481727
2.046585779359626 1.3294131893025132
1.5830269302672844 1.7579296512541993
1.6102304299676442 1.9664486932019865
4.138171842171506 3.81391319519793
1.5833507635103374 1.708485678609905
4.075698104328827 3.6589610955680483
1.8182325602412888 1.6901752148503557
1.7149589603912048 1.9463635144046163
1.8397417781976486 1.9710072694336411
3.928853415463373 3.4323861449682127
2.7949673885999324 2.317900625985468
2.7624627623073645 2.3987337882446242
1.7561302857812233 2.115134205166387
2.6189041230578227 2.259138241476816
3.92117074056864 3.5635831322223104
2.590005112674647 2.7003241129639504
1.8136536188876458 1.2500842082799035
1.8712618541177841 2.1251503303247223
2.7213330178446506 2.3110069327511034
2.5623802001027602 2.8747939028689267
1.8452424171255235 1.2347005097357435
2.749637215987626 2.3257222983731345
1.6985621771952415 1.6837262997329674
4.236283841477555 3.777996273216389
2.861441148529718 2.2577358529384894
1.6133254354340212 1.7184926521559105
1.8983765890563142 1.3240998064830383
1.904677150685404 1.3819839173611115
2.388394623277322 2.3893689218147913
1.7537079408847998 1.2799174502242796
2.838253494419246 2.4671199587068635
1.979536894877664 1.3156336661879569
1.780784024617554 2.022859106475548
2.564798958446195 2.6213422600134315
2.5726583373316245 2.6554228155577553
4.210819727579707 3.762836354703261
2.955586532415243 2.2149584800207913
2.7325111572004244 2.2793157589653594
2.95187202525731 2.6436969272879804
2.869980033469993 2.2941681529988096
3.5255355439801472 3.437161593913156
2.6568213332464907 2.3225640574204194
2.4418894710892713 2.6958341936829844
1.7104139284602307 1.7259067361781462
2.493800100790581 2.728845328862222
2.6022760123150475 2.753818383778877
2.735386435611997 2.7766306154923774
1.8799650059738002 1.316789849337897
3.2480860644257463 3.313007237233165
3.044298811604923 2.973521036828098
2.863195970104786 2.4144853826462107
2.495497691565297 2.7360911999703474
2.472008762447075 2.7184019611011188
5.508942011101428 4.2532413807703415
169440.32239354527 1.1001295471262655
1.7207340023405897 1.7013686912599375
4.593361022712543 3.8817846903687316
3.016799932215645 2.3047854121702906
2.830973010350041 2.4271135882944233
2.658544639393811 2.2742546327490247
1.8438141979567608 2.0819132802760967
3.0528442363443222 2.5048154593220167
4.276518260487165 3.5586085992065417
2.165580003286395 2.3977180572131713
1.9264340636697703 1.2476172329029107
1.9946116902602649 1.3356892291467353
3.887901272905149 3.6698265393640126
1.8750848179121502 2.0538022194680097
1.6832922579049656 1.7579829427775102
1.877902754675747 1.9281832376242813
3.045542061297282 3.0558721798819475
2.589427150448205 2.7431260472461045
1.6020452202024011 1.6628658803073086
1.8138162064025583 1.2649563097306982
2.986776970524554 2.369734938116976
1.9040476060587086 1.3011632943647278
1.5874875807385005 1.6368613083673782
2.8339852845612636 2.2686548463113727
1.6077528042013887 1.625264786595109
1.9581237826818734 2.0721822615424115
1.9084469888920141 1.2924135028361001
2.7411897326423826 2.6697522098670996
1.8531990377920033 1.2458722978012124
1.6014868556281285 1.6540111174415952
2.891570784471309 2.924229388789609
2.7147722202561795 2.230903953199305
1.884052247393786 2.0353723679888
3.88493905250247 3.5466525024621265
1.9191625520767461 1.2849755659279567
2.640916156420892 2.277695167593039
204969.0695190869 1.2562358588244724
3.7767212239117165 3.0844057315095004
4.027748751498342 3.3966244702489172
2.6755950445641434 2.7244546323251924
2.759032477681549 2.359462252138396
3.9651194633032456 3.5803136810628713
2.1236756146975497 2.249804378595389
1.9194484054325052 1.2435354313227083
2.5045333286116236 2.5871242283375055
2.236972268328328 2.242607495868006
2.696326671626972 2.810071400836301
1.6989391953687731 1.7306524355840427
1.752971425396825 1.2846644340847828
3.496998599221753 3.348864234803147
1.8198165545429856 1.2382712777543803
1.757645436612215 2.09404216759271
1.8404629035373876 1.2782897450249928
1.6438793353456607 1.7012859447446451
1.7588340051823212 2.074515953391907
2.505585081275882 2.6269706772534245
2.843516315117412 2.9742510250524665
2.862332532959262 2.107570027894077
2.613918425025036 2.736680300814056
2.2377486234511035 2.259255526059669
2.7666869673685506 2.356439452355712
1.8279285064873583 1.254930822485953
203166.4267037163 1.1678082219789705
2.6881593729932884 2.28903716356814
2.228614581457837 1.341279844499926
2.9219018314944574 2.3148523202419993
4.077039277482943 3.4239378100289213
1.6314244768762194 1.6512180945275383
1.8949038910644327 1.2885649125383898
2.5866669695924847 2.6858948001949177
1.7840885352031757 1.9983873625457005
1.6466123853945724 1.6665155431300902
1.786953216968251 1.2420852693245967
2.835978492057824 2.204710254133623
1.5920645365000272 1.7013680166609235
1.6532043247407322 1.6425502161122767
3.01301670934288 2.396946756505062
1.7529618633824253 1.2547225503562165
1.6461427386527563 1.602380258862088
1.52813434752934 1.6458343695825448
2.9243202993206854 2.3911740393366077
2.524258374947654 2.7285754099646033
1.584492190852098 1.7615129183413796
2.802580745382273 2.8647713823528598
2.1507522171060685 1.2275168596832615
4.198713748128521 3.709263327616653
1.9816262849343729 1.3373042867353127
2.9059185430609213 2.251938692810225
1.868486661065802 1.2281132716881848
1.5439612035377266 1.557069570725215
