110707.75636439954 1.2106014968064196
0.3181249711276503 0.48976099490634983
0.18608600201248934 0.397425197240559
0.1691359977514138 0.31828935150530857
0.1536875881626696 0.2097850575179394
0.17088324730968565 0.14685258429685882
3150.788770097592 0.08020822536363506
0.6167480498045221 0.8643346320301342
0.46398431742063395 0.6390673996774475
0.2509580669773167 0.3102215896367645
0.21177194691493384 0.21857208742655526
0.24416498120089888 0.18807141632551946
0.7001766092393753 0.9269538665234894
1.0149666199671623 1.0002640333937294
1.4024444378602052 1.126513908374277
1.0386240456434388 1.0012723737774443
2.276916394190792 1.041511169120957
0.8965554499137376 1.1211793064846316
0.47285885488551627 0.6552848701647129
0.360055074105438 0.5029108793419249
0.4994059807245479 0.42611694627427166
0.5378989551265272 0.2430252729958291
0.9908106453318952 1.1505845892646396
3.857634879419756 2.5907370479938696
0.7535181145943584 0.9581843049220662
1.5205335538131686 1.0746925497787703
0.9988415228358878 1.0219180057675423
0.968171138089891 0.9452661787506911
2.282584871727796 1.0908721625593918
1.4340173394991513 1.0277601273780501
1.570755438320026 1.059921380609952
0.39205434887282586 0.6003793522497631
0.2558700761560955 0.44046567969618056
0.28191394878210785 0.3413686757152471
0.5517255932030465 0.4200731615350071
0.3271640385379018 0.6012719866252175
0.2886196492719403 0.3555572383556186
0.21459826851088956 0.2649011435220214
0.25783556661270707 0.19888155819944572
0.2802225799157615 0.11540749378911727
0.42926128505373756 0.5523948685557685
0.37224343870565824 0.6344606341922019
0.3654497248408909 0.46699063920465195
0.25912157233952304 0.2950908736141454
0.21792094520634903 0.17012289138694442
0.5910927908026744 0.7761933186713803
0.5703964602304223 0.686797859182717
0.7411043794384697 0.7189379586677516
1.5637279462711882 0.7801178380726659
0.8646718759503487 0.7300674933743088
0.9910323368657579 0.8890729360221192
2.3368720822061153 1.0005828567518247
0.180485168519033 0.3891825285972075
0.20598413569549065 0.2997071822594158
0.2396379932484316 0.25629464528238066
0.20946216494927383 0.3037188020929003
0.23250605723260648 0.2719327633966712
0.20310067744881977 0.17301190032014693
0.3448013188493225 0.11104673224886415
0.4655443941508288 0.515975261066667
0.9152404822561209 0.4922145193307735
0.31408295715974094 0.43211228073454844
0.28279932023832904 0.38421987408936054
0.20115864408784317 0.1760295730131186
0.6337067095777213 0.4717770118880765
0.5652621572348215 0.5366634250273943
0.16153270467196568 0.24907585581958655
0.18879746117608764 0.23136352879611483
0.25478766821453197 0.1710262490453262
0.15675520709514143 0.25330464342055614
0.22312361686253296 0.19220464226322845
0.25498523945072626 0.10983638518329297
0.5251835630846731 0.36505387227527425
0.3107007721737417 0.33438798906183087
0.36072060905157555 0.254804351630853
0.3417366478596987 0.11755822491552825
0.3556175776349263 0.24881965349429433
0.6815556527874707 0.45475708326525194
0.20639419081951615 0.18060984316939102
0.15680342747632023 0.16122389138090412
0.7284213048440792 0.2175816930069117
0.2009100536779368 0.1835726656779754
0.2663906662048538 0.11798520922323738
1.383210968820888 0.24829730944496559
0.2620997848066484 0.22070598486763096
0.18553338417059576 0.16913555753171144
0.22062301979950474 0.0937114037507212
0.2710248094173595 0.11817956674182994
0.8612546313225804 0.1825102138191707
2511.3306370867613 0.07858341051051211
0.9000352868668695 1.1670160493746402
0.7853900378928594 1.0165589035387135
0.7163993968136372 0.8564388874423343
1.366875170434679 1.094597999566426
1.0937633250861596 1.211250510966503
0.8213727904188515 0.9156100354176728
0.8692745359637906 0.7829607072286902
1.8962305507949337 1.7031635808127452
1.266287831876111 1.3777764699907773
0.8374880519324392 0.9273523511228878
0.6422005577561416 0.7146442828549393
1.3388137156317765 0.7362618884294949
1.8804894936209675 1.7124289134532793
2.0963260036656637 1.6630176778932095
2.945737723220369 1.8098469612732042
3.1192356032590074 1.8872679556433871
0.48109335972396144 0.6838374483311027
0.51205850444769 0.6405223270603335
0.6561071638745759 0.5819402030873579
1.0000642175169434 0.5196215583604715
0.7486127465821584 0.904611026045075
0.9110132943951303 0.9286122603986545
0.6424900258216312 0.633832405844482
0.41134930953690213 0.2848015095618801
0.3085646698729665 0.10987856832180594
0.39338868846648783 0.529079700675712
0.4327519689063558 0.4506469725463006
1.0261736212445958 0.6419406338110512
1.1445908334102877 0.9907645695905053
0.31592890048081124 0.35267642436240726
1.1273041117338694 0.3564055735664545
0.7097134114166139 0.3757405945437641
0.9653679100290764 0.48430506110631405
0.4653075571406913 0.2964433737181079
0.8346809851524827 1.0786760490797547
0.9284655820865857 1.0845062864983845
1.3420990140005111 1.1148085021242842
2.4829890080354655 1.1046859810380507
1.1365615873680328 1.1220597247827688
1.1869533028173165 0.9806445964837118
2.4259279704158576 1.6516520886067063
1.3122188294220487 1.307892743519083
1.55140025827672 0.8404920256954689
2.3032902441943364 1.5283515052216432
0.9086256028484905 1.0529008155545516
1.27532737883068 0.7223990542613195
1.2349374643753666 0.7131105953395894
1.0550103940728377 1.078817896132164
1.5489753477633876 1.0787178123285448
2.3815521881381647 1.0897668563381826
1.827102789388598 1.235568675953472
2.9761398087015047 1.266765569416334
1.7529149905972807 1.282125840857545
1.3620381342815695 1.049260736780072
1.5845718309627554 1.0830588506617866
112255.43413052744 1.2259132754819941
0.5186277902445667 0.8408450855442031
0.18610985674926334 0.3975558584267908
0.1746529321276444 0.26643255033012964
0.1683878131332428 0.22171950067367746
0.17543661110829084 0.1424916808394615
3158.2774514165426 0.08027426846273636
0.6261714708747695 0.8703922047449549
0.6044623476329017 0.8512748576755966
0.2644552721056861 0.2993694868052193
0.23472346926632096 0.2640912035966233
0.24681912073467677 0.1878090566376283
0.8783558255491795 1.0028993444974112
1.069858668875042 1.0999438628718872
1.1217600647038393 1.0917220388519413
0.9140484778745903 1.1269506418032758
0.5969179173620243 0.7766416427369238
0.38779122668891053 0.4287865043007568
0.5544086835463874 0.44943877564132095
0.6852679958089612 0.24189475816458703
1.0083338455738782 1.1168137469905317
3.9960604914901783 2.6070497080985535
0.7553598880155814 0.9550817085242402
1.7357099903737936 1.1161937672722742
1.125011103601274 1.1461668114649293
1.0503307607473793 0.952756686039373
1.5318341430898763 1.1158531485079433
1.709438705644633 1.063799100499712
0.39378759261739454 0.6151001269453013
0.33600205625601487 0.5713280280616617
0.454968747432017 0.5473952166254978
0.7347034901597818 0.6274801997924104
0.3365800434074506 0.5475514100006562
0.28888704517371644 0.3546664305414212
0.21713026951001996 0.2686146732817201
0.28042197974215155 0.1100988285339103
0.42967099360984384 0.5519804508322506
0.3982133718102405 0.6748915215133175
0.3831451874573294 0.44476854244720254
0.27462629062256694 0.29652938547681457
0.2181339795396351 0.1706644295306225
0.7308979223694536 0.7150365643512337
0.602143842511794 0.66405844833344
0.744512839518612 0.6753259034393124
2.084310718603529 0.7326675203674446
1.2641330023459476 0.9788657680925222
1.117149936602679 0.9648585425566237
0.18292738524400748 0.38841947009251593
0.20639363000023153 0.3184422922726087
0.2638940966683439 0.2952791041970464
0.216588123806566 0.3026665234611684
0.32946369188422037 0.28650108376215216
0.20619061544760858 0.17698340084413425
0.3548952532474165 0.09678282807610566
0.4659883839836614 0.5160230681227858
0.9332166993510989 0.4917992405201089
0.4180650187577826 0.5592458606960313
0.29356129227393046 0.4067608649113141
0.20128958921071166 0.17193090972866748
0.7653350123590814 0.7261184200048789
0.8767222484583224 0.6540184060483912
0.1647234566311383 0.24721413325232194
0.22031582018749754 0.22000373815270086
0.30771622458777714 0.24518531552339393
0.1800038070246463 0.23451553389628418
0.22665053830351933 0.19440901662938184
0.7987592818419138 0.1388486603941766
0.6529583228022985 0.26621499212070165
0.35591762018356776 0.3911461472252019
0.4526497487547365 0.2879804261604231
0.3739403095105798 0.11138937740216318
0.3758281197870027 0.299916439148237
0.7253209198285052 0.4578868919397357
0.21758235368861203 0.1865292374894712
0.15695374075957477 0.16071140555707297
0.7560610771661923 0.23257460852778553
0.20340052490445837 0.18225913057876197
0.30438824967111267 0.10010908301191111
1.6510780370794675 0.28563669075637316
0.28313953480084175 0.219899743426134
0.18809018045831197 0.1702977462046095
0.22526536370262712 0.09777025990678037
0.2797174909612652 0.12240120688134706
2511.7649326553324 0.07858907379875012
0.9018159767430467 1.171570860707626
0.8093018356103455 0.9793802426366458
0.7175900171971145 0.8605207213591148
1.3670512226548914 1.0943589207811066
1.0945682462414412 1.2112928116249368
0.8898113573846442 0.9246860492623679
2.214948032631098 1.6763436669054717
1.2991775595172024 1.4358914640419764
0.8570917951851258 0.9950139222150631
0.6946408860465809 0.7449876766670585
1.5990389486635885 0.7887984037591325
2.175794924447399 1.7929396290640356
2.9792189093367356 1.808602954148728
0.5528685459171574 0.8160651095289082
0.5214823969265785 0.6316804250768587
0.6567753362561223 0.6298444739186558
1.2070113579780253 0.6012727515730327
0.7516017380476954 0.9072481621324882
0.4341145536291024 0.2826354032291265
0.30901708226473346 0.10974315298429305
0.3947142746889887 0.521466606061485
0.5111032181208295 0.6103429644540825
1.0737997514205193 0.6354809383114455
1.1489357101149849 0.9933418704998727
0.38142690517998123 0.45060978911269245
0.46947987592384793 0.30203107492716896
0.8900195507819815 1.1135729711723528
0.9371924637415296 0.9829923540111255
1.4324069671864628 1.0903825785831969
1.1501731457174131 1.1855997424696234
1.2768620138458238 0.983239583001987
1.3278787887400552 1.3081780454692453
0.9322456710454221 1.0450861838873424
1.2787804109970948 0.759549237345944
1.285639787799557 0.7367280475127627
1.0630760508602175 1.0779677091576336
1.6132428530554952 1.1054121753931483
1.885124204322289 1.2484706399662073
1.818634731338954 1.2812038762948086
1.4674631351125456 1.0678234915198226
1.5876907154960147 1.0824844600948247
114418.85881099425 1.247049671192962
0.5771580435781751 0.8214213999909032
0.18702919259225373 0.39748485977564013
0.1793296488673406 0.2621705111129225
0.17656355767597182 0.24586043974314334
0.19672489081766137 0.16615886763669996
3189.7375750056153 0.0801932025712004
0.6302764900903737 0.8760925200565961
0.6287100515930685 0.8308073133841629
0.298471384033563 0.36760622006183274
0.24150516422055446 0.2527185058250786
0.24764284520990243 0.18780803369267834
0.8992075095729947 1.0516263758813842
1.0703442496583657 0.9548246007289753
1.1472600195780003 0.9994411953955357
2.224549604444221 2.0670326742904943
0.7146016894672957 0.9155813712302607
0.4404984142460566 0.6433760530705726
0.801007533268969 0.4150291545052027
1.0128314733337802 1.1250740910193024
3.9964253682809074 2.6066090306393552
0.7756958222475172 0.9603037657276843
1.762671429119053 1.0916132522697837
1.0790692191083497 0.9745928379703871
1.5592805673020014 1.1559717946412205
1.7845554291696715 1.1854582130191695
0.41277897623699794 0.6044630700657134
0.3429538394654684 0.5457952256098424
0.47041336850055426 0.6077262979119369
0.8082039893555455 0.607726307521699
0.4093950738468155 0.5601694187401505
0.291545706267775 0.38123689986437104
0.21943581012083055 0.2662382735640547
0.28090559649427693 0.11451742257752272
0.44586852802083016 0.5494594775749209
0.40919136644391374 0.6315407478819473
0.3876928519518126 0.4647895156779898
0.31443226900782717 0.35686050542533493
0.21828377613714342 0.17031103263860659
0.752954337094045 0.7679468628694197
0.6183751802738391 0.6875138259375703
0.7741890279712496 0.7641629757569541
1.1320659981280015 0.778767638642273
0.1835699573239999 0.38841953806934626
0.2068261357564452 0.298523340936826
0.27358001285341826 0.29488675939284265
0.2189871155245191 0.3038710139819408
0.20698326066562647 0.16936509391631627
0.3594231295076211 0.10075317498440775
1.1502842260928465 0.6082083127169275
0.4193445924142123 0.5599466068383456
0.33816095729394097 0.3489938776659891
0.20133512155053424 0.17181445950774757
0.8924559152324245 0.6189513430951991
0.16954538462360436 0.24784483721336575
0.22351973566926353 0.21862734190462815
0.3373947208967325 0.266341216262706
0.1891749932396746 0.21683646225719028
0.23186885539109126 0.21318902222339242
0.8152772356133509 0.3493844406820813
0.37334762376418174 0.397254815439796
0.3739921856811401 0.11114205081820422
0.3774397402473667 0.30202295526306144
0.7512808684825668 0.4574833167031786
0.22166625420487865 0.19009668308864405
0.1575467087161213 0.16394209742974522
0.9029043352860603 0.2023184214294344
0.21061593888199287 0.16223705328478108
0.3068491380229516 0.09995115086507118
0.42752130890304524 0.1852010335445329
0.1901997192041829 0.17014944284200803
0.22544303800635612 0.09827975756002355
0.2799560896595692 0.11827116477725061
2513.3360805055145 0.07857924917740294
0.9018616517377664 1.171467296239683
0.8131044449963256 1.0167433429126669
0.73260447769681 0.8610878511949106
1.466422138730584 1.156236605385627
1.096054421535261 1.2107462652865573
0.897572754837664 0.982595890285633
2.274777812483497 1.678464195594457
1.3030604548424058 1.4352251044683584
0.7832105743112682 0.7832276594807341
2.390034582054679 1.91377299951885
3.0602205493874557 1.815791504101636
0.5537403877732082 0.8161925632417683
0.5438465929042308 0.7178371047847995
0.6911811566448796 0.5948237866816596
1.209045810654759 0.6032464871939467
0.7520571096330428 0.8340012801442007
0.3090757353376063 0.11050586332008377
0.41235156161356057 0.5004671315907762
0.7461489001865782 0.6804434940873374
1.5291370695107802 0.6245015248605311
0.39861271755218897 0.4214529285822738
0.8185093144415863 0.45335207484060064
0.9469585852137985 1.157033993866901
0.9390190992613989 0.9736214431762993
1.4452347973950093 1.1734696110260057
1.1552881520279548 1.186830491810496
1.382947767197774 1.0108659166062555
0.9400715547364855 1.052398277413012
1.2985634837020035 0.6890704004213555
1.5039736407730557 0.7965373251983248
1.0750112813636885 1.077641123228796
2.237634108622406 1.0767151411053084
1.9358899472644502 1.335479560659759
1.821206568668365 1.2812499596805527
1.4952471164710346 1.0653017611332054
1.594451318139423 1.1003293014346927
3.373719537770434 1.9491177916235967
1.1255914458647223 1.242226080351078
116007.72912042579 1.2512472775307706
0.2846100302444792 0.2801844300242349
1.7221417653811302 1.155173636446572
5430.069986926751 0.0838626884401813
0.43675674915893375 0.45900090893496537
1.2817079355462504 0.9833999766216891
0.6411111821436664 0.8620081683668555
1.0834792818428367 0.9741784364540905
0.22312877324279368 0.18153827691556323
0.1895335138504431 0.21682213513686713
0.27406829597136434 0.29449851203799954
0.9199596042296275 1.0027642326570216
0.4840827197033954 0.4500981740222539
0.3121405253940995 0.1744803123173186
1.8806841958415934 1.0619980125874813
0.346233338880663 0.44971943673581316
0.912009606722257 0.1867089316555986
0.28117131927924194 0.10981215939599284
0.3339584676020122 0.5402620216553612
0.8068171763679829 0.9336256990156133
0.7045810725060777 0.988989601036232
0.5455406395064671 0.6941945701594614
0.4656513764590722 0.5982579956996779
0.7633728635774867 1.0386659784437646
0.5377196050064049 0.3764287252531359
0.22607735087642372 0.09817301343409227
0.555912239754388 0.7296693302839793
0.4755750808621842 0.3029775472634607
0.560448798837663 0.7934927336617736
1.8067340609316869 1.3029359015397688
0.2893542906627601 0.12180831828151815
0.6186143994824211 0.6519896203752518
0.7780915379000488 0.8143309594905752
1.1451428106374852 0.4931504587902016
0.8240783475936935 1.0543192414744662
1.1069998087157176 0.6818948516634723
0.4187441679079724 0.5465197319655153
1.827146748934852 1.2711740031621408
0.3429693146221486 0.5457835713963244
0.2202964630185719 0.302492797267709
0.5062449495520691 0.1825284852423273
0.20153009400774713 0.17203110952376374
1.0540487937436653 1.081045616006203
1.1841944615404962 1.135551645161232
1.512528161336924 1.0904891431304078
0.8290739041818029 0.5135799150538054
0.9023115386805111 1.1707497592280245
0.2097071258641485 0.3534830110121551
0.3644184389662998 0.10426883428823991
0.5895372084845047 0.5479337219367098
0.7765627527581105 0.9603635041521015
0.18536679662113575 0.2044316203138436
0.7095939749231539 0.6407475667321876
0.9655330933292394 0.6421632658084849
0.9257408686987151 1.0733401446675146
0.34831193676091776 0.23626785178077256
1.0145170096444789 1.111209526240873
1.5087684210483219 1.0730918744043842
0.910323054817365 0.35122182888455267
0.856771557337019 0.5366626983818111
1.5852950847798937 1.1286991987568835
1.077507960667191 0.9860994233135667
0.18759530365264385 0.38821356201139995
0.1906122893796023 0.170269571511463
0.22221707095764942 0.19132548875898053
0.4901401129635302 0.6176911399722007
0.23550536991292853 0.26053710792812496
0.906122355120559 1.0562374422215437
1.3242252701354982 0.6896681924885415
0.31105037263987034 0.11221080725532091
3189.9156732190395 0.08020742897832984
1.3389358605942174 0.6260652565471134
2.0046263061653695 1.344472949767679
0.9379048206233922 1.004242149932212
1.8034306612519764 1.136056235999225
0.27962444684108745 0.3981499267829322
0.15778937566170242 0.16394150032572158
0.2565905800758886 0.2036231608321813
1.4522518972701435 1.388320595905936
0.44113256335655754 0.5991300855910662
