2.133088352343414 1.0647405569296615
1.402317367844684 0.45123782031592014
981.478082631807 7.450296515831845E-4
2.566722252352301 1.282458461636998
1.5042987261458045 0.5586428825781402
1.140982554797 0.026156016098063936
4.8437017752239 2.7001624631620227
2.7421504274451656 1.4485260341006247
1.6036793418849147 0.6403515495874864
1.6242656468407395 0.18011834887910663
3.7495185730125185 2.1380048188858645
2.566778423498339 1.2362887827634927
1.7450239729487924 0.7886378578174618
2.216789871785997 1.112590372159401
1.9923899719595362 0.8864844664801406
2.1730473718279577 0.913731123433748
2.846190707405621 1.201717590483394
1.503457886680403 0.5508527086735658
1.2461902720791118 0.061786411631939375
3.6867423201533924 1.944173966417304
1.656315045378074 0.7120208925716616
1.7413554111455403 0.21677809075048354
3.316684031736901 1.8727592951745973
2.1621483806371304 1.0126110319008323
2.6779189974150355 1.5331113383507775
2.735610691390116 1.1753122644726974
2.711470783093916 1.5107916386257618
1.5826910119353368 0.6240043567181293
1.8157643579809482 0.3258991532852416
3.0311113241463907 1.630814280595226
1.7663132088207292 0.8451339941010235
2.4030160073053812 0.4621916213400126
2.7480862096781107 1.4785387482037835
2.1782386340499267 1.1157863429582342
2.7038842819765776 1.2862412366090032
3.6197866501760614 2.0511745218168276
2.4957551099989734 1.3475755384861092
1.7651471622240735 0.8359504752927982
2.521308772612854 1.292258438142284
1.9376750139936036 0.9771431227694565
2.2396251961944356 1.0908770191905754
2.1551175028167564 1.1538670793472383
2.0371059367254243 0.9408961630264397
2.1352441981388703 0.979820467612093
2.5028526887194262 1.2661429213751167
1.9529253203136434 0.7085755214587862
1.6658601129304 0.7122120712974138
1.680740610785589 0.10352480120745622
1.8025805585206864 0.6297056983419382
1.469454037078899 0.13200023359591184
1.691170326154234 0.6559167611288761
1.9247861702520639 0.4007750564689414
1.637642293089714 0.6743042155807372
1.6574690121091622 0.651744107339824
1.5656471832466818 0.10487756457769531
1.8628469591937904 0.751403945541584
1.657936183606059 0.19104794854898793
1.8803135480927555 0.8424102645103724
2.1862626166294774 0.4310891716302716
1.9283654393769667 0.9197120400226328
1.726211635235676 0.7020716183715534
1.771453532125277 0.27387977101216027
1.8483655423514964 0.806106172352299
2.139399709219594 0.4731238245674278
1.8375869505459972 0.9078957510093189
2.6762239367105964 1.4125923327935694
1.6772125581733268 0.7440184353187305
1.7341550413550957 0.8193427603924861
1.8061822088833526 0.8190986333914894
1.6485506747751286 0.6952303936997123
1.8411217169826293 0.6750729718187861
1.8087543031203137 0.2578541108087439
1.9426663367920534 0.8077157886016465
1.3625184025695831 0.13679863153668062
1.6755329031692185 0.5248846010927322
1.7025871201151352 0.3116489942096986
1.889086426055529 0.8353140230091012
1.5257641048409631 0.1691990896101192
2.12954754117819 0.4872204582803452
1.5579284901973005 0.21269248731036694
1.7925700862524634 0.7052153649121538
1.8975481022015774 0.3759592853958244
1.7730504961718025 0.6404559371572185
1.7688163013709737 0.3054841428729575
1.768385347880168 0.7428315676142674
2.0074900192060725 0.44300564306556967
2.2923411928023225 0.578334036114275
1.6023167917529961 0.6242888494133909
1.6706066799182298 0.6028283161950974
1.7571621010559018 0.27368691828564795
1.9886516329628678 0.43718091261217873
1.3477748684887394 0.1256593429826039
1.748537922023641 0.5566494548724055
1.240404833721036 0.10085967100085619
1.500198764034393 0.2416607439109002
2.143200500626313 0.35668797289582604
1.3433945907291167 0.1347771933318544
1.7895129761488098 0.6319306825362678
1.426598403356676 0.1849505998720357
1.6536902245839706 0.28100952657357947
1.7199329083305455 0.4455804928748986
1.696975983358919 0.3083942595283695
1.805736549962697 0.37178530965042506
1.6414707953688623 0.5725027507339904
1.2916467818026396 0.1150960681511066
1.0500827126192305 0.020825924139295522
1.1687878623366266 0.08413309248722055
1.7120582554545019 0.38806772301685066
1.2771060696721213 0.12533155953125633
1.354179756334624 0.16227309847869636
1.5846642920390426 0.27862083696194123
1.058275311560346 0.023511710111132
1.0339465059154207 0.015798836457075187
1.2446000952934468 0.11688818502491709
198.17186222745403 4.424231120667677E-4
1.8257462479846152 0.7206100532742779
1.6619127284420063 0.6989552145377411
1.8557169003491736 0.2855997567505401
3.9079361439086124 1.8194489304214576
1.9349088349288694 0.9368350392204674
2.7332564883606167 1.595243426107193
2.99282334680985 1.3621934580256325
1.6669293316981406 0.6288313450019144
1.7939912090105015 0.3543152151182594
1.929351847158459 0.9628223861434079
2.1148849606017532 0.42714957975468626
3.1790480837121393 1.7914683674123755
3.038744237012168 1.4769067048454825
2.9917473175193336 1.5619274617432608
2.2550726843823727 1.1379247172530067
3.0828777196006896 1.7572904952886386
2.9716767589361845 1.5048506538208333
2.893294354068858 1.7679027799055584
1.6612347808603412 0.7129729285564168
2.022229096926393 0.36010409798072657
1.890515356038272 0.7478790167905209
1.7840065122185758 0.2315435088749563
3.6163767673958516 1.573181743362574
1.9331728553822194 0.9256092987404595
2.085845965129488 0.3498831166345222
2.2719734869403343 1.0332253159337337
1.9097889315356376 0.7000656281136658
1.5077001167623787 0.1802701964929218
2.0644499813204833 1.0337127083239244
2.0948976494182587 0.3487829168602955
2.4515540182363824 1.2309497716305278
2.1529048422340633 1.0969929931438498
2.4471711110670356 1.2362960727341121
2.597312827842562 1.1156102397792633
1.8138324605089724 0.6229213600165752
1.7914620482584152 0.32194810764564624
1.9720597962015431 0.7470595659822914
1.7196080545761263 0.2676351894177431
1.7829683149813955 0.7718449165153157
2.0999272805873845 0.43763566148290206
1.8895602730069887 0.7540840000141196
1.6044440070532655 0.20376347746432028
1.880539250417787 0.8289560655209817
2.273555002973109 0.48330855283625357
1.8792184620933632 0.952699467147307
1.823006150932147 0.48697055662613914
1.6336569781371537 0.26841881137242596
1.7281585980396212 0.6930899837678706
1.6037645152701214 0.26973838478892376
1.905920776440114 0.3617945941680005
1.6972522152087648 0.6346458342542705
1.8800517804786763 0.3476802964083522
2.102062362713289 0.43511437000044073
1.6610464173933315 0.4422031024911573
1.5111285683302578 0.2145476739512416
1.5731689816037826 0.2552883872941946
1.7993675224646162 0.33180268730709
1.4272659699084447 0.19159654124042874
1.9558927242535362 0.9184818541385752
1.8206051556245433 0.8775141928232908
2.839332108486965 1.3139259436279196
2.1465230272196907 1.105543335362562
2.814981762704898 1.3367556447812248
1.7727244709645782 0.8201690974441853
3.435684392377228 1.732305455967746
2.2194194682960897 1.1702619728778565
2.850662045101897 1.4169269719393998
2.750541595460086 1.5028414924563425
2.627472390618112 1.3272317291021352
2.9795927343981816 1.4965184300842067
1.8229825997443807 0.8927541240080792
1.8841036748294204 0.8682604673969105
2.126909876612411 1.1043141600571287
3.219256443275839 1.5093885745221365
1.9899762688963734 1.0281115418344449
2.2437503193419888 1.1873979532855303
2.5998155373439613 1.3254778139869177
1.7692030960142944 0.7584992485952642
1.7826664574789415 0.7875536811584423
2.4693788143372624 0.685432715186076
1.8923420153154726 0.9420348256219784
1.632265735707167 0.6333167511509659
2.173431793715839 0.5258729763888044
1.9932249902536228 0.4471551700415999
1.9998735524281614 0.9616136618360126
2.749810162316951 1.3586721900083631
1.920746402772244 0.9552088446175634
2.3032669091025197 1.1158542813670147
2.5932585963613737 1.250011990608296
2.1755910220786676 1.0753592774691907
2.4254964480031456 1.2032436187638913
2.8083622529916648 1.322535531941063
1.9060383380612205 0.937166642721405
1.9767669468433522 0.9860640133120665
2.2472662824132255 1.1109541199309434
1.7988597938661717 0.8510854597682673
2.2176693991157803 1.0105640756912155
2.0993352371598566 0.9752881328750216
2.179080886086401 1.022248121122703
2.4370841139798145 1.1185704525731683
2.0769900653286744 0.9724125138459822
2.1336548004959264 1.0735220582853042
1.4029746199407311 0.45123153816195044
981.917426896152 7.4509830323638E-4
2.5700595184611537 1.3098452256764894
1.5043087021698305 0.5586765875977809
1.1412404096082267 0.025906520883755488
4.889373105923354 2.7376713162321935
2.74242368216194 1.4508689399968109
1.6045774028591924 0.6505338807718648
1.624404723286209 0.18024803527860137
3.787208873496681 2.1568689590052785
2.5719283180804684 1.3488713035728233
1.745123588863383 0.7882956308238551
2.2173623219652985 1.1003170366927735
1.9924770191832344 0.8869065113879284
2.1750494175225406 0.9201572580825007
1.50497374523421 0.5440499888416954
1.2465869554066615 0.061756566562619686
3.6867467352285965 1.9495684674059106
1.658905402339033 0.7218149693765588
1.7417383512668394 0.21295092736719262
3.317235941748592 1.8535728257346502
2.1640074104897216 1.0105376207103076
2.6892922780151154 1.5602345388581504
2.741341354603449 1.1726541836518403
2.7132499975818245 1.511340405953841
1.5830448933367491 0.6336822567080296
1.8159280716161563 0.32600057838579993
3.0913252942115075 1.5315390509976747
1.7673021455777438 0.8434551504712644
2.4079581569488555 0.45767523986492264
2.748558676038652 1.497298726407315
2.1862675543923205 1.1148965014030578
2.706118778068496 1.268669564735154
2.5022576409758615 1.3248619156688426
1.7653335575569078 0.8293395996757074
2.5445804257791442 1.3180346662198332
1.9406563999536768 0.9810577000903575
2.245291257226808 1.0939081412847962
2.1570966395143056 1.1625409849069641
2.03957319939354 0.9416239161129256
2.1353934859169454 1.0060114003474192
2.5119345277085454 1.31766183534033
1.9570490130909917 0.7551588872826616
1.6658925617926956 0.712162221977654
1.6855137631145163 0.0828000208741344
1.8029809386697897 0.6292840565770114
1.4704516363311328 0.14108303893900032
1.6954042913975553 0.6765400344390826
1.9394745597546006 0.36181758581383117
1.637653770369185 0.6743035625407092
1.6637635125661214 0.6793931928112925
1.565647929680777 0.10976020031907724
1.8689683379967117 0.7648826853729536
1.6582195357363858 0.17595390688581874
1.8808155628510086 0.8656202037733733
2.1871534823935255 0.4180468237663863
1.9412583776550083 0.9406857908212898
1.7262506254712002 0.7019683984149718
1.7717150421730437 0.2736467766869392
1.8488285397985507 0.8053332851429833
2.1397494383102833 0.4759067988421601
1.841596888083863 0.9005591956366855
2.713090213419255 1.263015037034346
1.68124580533023 0.7409509269086696
1.7405404796496138 0.8319571827504341
1.8062016170610058 0.8191958102384467
1.6493524380792701 0.6897294813306769
1.8451658816890173 0.6641002028393527
1.813069492038769 0.28922130180728056
1.9918983412192666 0.7010044150276561
1.3628479038936772 0.13732367620597513
1.6854078903840395 0.5139017041876472
1.7041950833083037 0.31387253649807034
1.8909428124995658 0.834767310417178
1.526687942062206 0.16390156613783646
2.1549987536847452 0.46278432696933985
1.558062809393882 0.20988203635422298
1.7992062415958614 0.679766137681848
1.9003176353581503 0.3739935702301375
1.7810619437499948 0.623699327985848
1.7742805748306039 0.2992865862023316
1.7713026120954716 0.7054694942053237
2.0092748608753617 0.43951214375398856
2.293440786478553 0.5721475318990136
1.6033394887343015 0.6239154515709042
1.6737500006715473 0.5767527890304023
1.7573634300216163 0.27382432837242304
2.00022705466804 0.4254480458127978
1.349655772059331 0.12509077101859137
1.7618651805527903 0.5038545656675715
1.2405833663676356 0.10111052668279313
1.503001295206507 0.24386127341094072
2.2161135717467486 0.6233289360044435
1.3435816819103024 0.13519147141180698
1.8231663114051742 0.5981638810788381
1.426645354835907 0.18488102261460052
1.6537308549988359 0.28094811100457523
1.7305090853372866 0.43414125898179234
1.6970073856345453 0.3083827343238799
1.8072258050230907 0.3746835829647067
1.6931428516528142 0.4700288091027942
1.2919908377425084 0.11571709183934079
1.054223564100094 0.025444575186695333
1.172155805330607 0.08265014501204314
1.8372685492143428 0.49174625767741276
1.2772985039152087 0.12515947751584722
1.3551203220163357 0.16312069080452335
1.5856860796118264 0.278310060942541
1.0584078595234323 0.023570044695914626
1.0386438223572978 0.015551994862268442
1.2478267449364244 0.11442709612206732
240.9298514322042 5.000413670757283E-4
1.8263370685739448 0.7215098886280493
1.6734362794740285 0.6750055787509209
1.8602945883041766 0.2923384617331035
1.936505578203334 0.9401186785078388
2.7385849488417326 1.619322975333402
2.9929047272049902 1.3623217329531239
1.6693452638474633 0.6209071674967428
1.794063701995774 0.35428155853489196
1.930152108193916 0.9470058785277047
2.1155887453201156 0.42767662278482727
3.1792758508829544 1.7906762896199093
3.043169384475654 1.4874352719461688
2.992528432496302 1.5695620337112597
2.2553299573018912 1.1380786572782484
3.086918235286821 1.7644414840736737
2.9746873622562022 1.5043747141639965
2.8951159458961673 1.7652375990556755
1.6613663727544505 0.7130221103075116
2.0224175374145155 0.3601102631209458
1.8912864109867216 0.7423564602595664
1.7840428198779794 0.2307538567651524
3.8686354073577722 1.8315868424767445
1.9333195827750544 0.9260432612675209
2.0863408469156743 0.3525900150588828
2.274006671310288 1.0490468919540068
1.923585469029728 0.6771122155658653
1.5093415833168968 0.1750171180319277
2.0692732125535267 1.0246683060665223
2.0965440277676928 0.3496097009850593
2.453002914378976 1.2318813291392101
2.153035839887584 1.091137749190755
2.4472478332251244 1.2364054122505213
2.6045627584116335 1.112043932041766
1.818953779710637 0.611725042563861
1.791855148424971 0.3223784134252489
2.081019163982275 0.552199847080201
1.7204348345938683 0.2676285923391828
1.78445590899094 0.7547940308016023
2.1032903898438087 0.43298364139634005
1.8898903939990968 0.7540834670135859
1.604663999397264 0.20969197363162317
1.8816385996326763 0.8387113085370345
2.275182780218549 0.5067998208308906
1.881647699234506 0.9451950702707403
1.849220141072675 0.637023182736457
1.636477509142117 0.26864647282611837
1.7296788474048732 0.6933571346737841
1.603850404030014 0.26997760899287815
1.9089347441635751 0.3739211129250373
1.6980487444647183 0.6342478091764772
1.88109431996333 0.35018009109556875
2.1047614581950853 0.46982557658099366
1.6697337666317968 0.4297528779408384
1.5113727533537968 0.2180038248969052
1.5738824869339103 0.25560061897997227
1.7993694430848939 0.331821984526482
1.428413434918613 0.19488952032126935
1.9569645292541686 0.9165310375835201
1.8207323137192497 0.8931787737723967
2.8845544517095476 1.4183509356136281
2.1478235585422167 1.114645443344835
2.815090711563959 1.33485000181771
1.7773654037328996 0.8349236463093659
3.5181502697499862 1.6214547281470362
2.21976587645019 1.1702412445380115
2.8506799133432263 1.4208321235631782
2.7534720150155714 1.5093543019693005
2.628674452456056 1.3186901765861545
2.98194461103365 1.4976823078706032
1.8236202425441341 0.8935965786962228
1.8843376687430835 0.8721962968907547
2.128045544632405 1.1080059420342034
1.990916203683645 1.0302265859836144
2.2472035390651044 1.1996503758893609
2.600792758985329 1.3254228521356652
1.7694924617134764 0.7644492686407857
1.784235864845316 0.7915551869517589
2.4720791271200797 0.6548392400357634
1.892555522101984 0.9420246134982959
1.6324338354307035 0.6366806155439267
2.17665525626161 0.5262201634086889
1.993281250994759 0.44665709472225323
2.002767450826937 0.9638826725652384
2.809415908997795 1.4069092725586536
1.9208226635799228 0.9549760068154199
2.3038448610958566 1.1159590462082973
2.6100854050070517 1.2499696134077094
2.1761024216249347 1.0756661788391497
2.4270133740164646 1.2071613393027498
2.8104597154251465 1.3234936869283147
1.9072540327888794 0.9382572468851257
1.9768417513883605 0.9858747534973655
2.247355239843321 1.110634084627974
1.7992114555685976 0.8513909086576078
2.21894217515705 1.017170265247394
2.0994637636003466 0.9755006660509892
2.1793483335092483 1.0216426881432767
2.4379175680159935 1.1176987397911518
2.077877949913817 0.972880162070067
1.5073253294367197 0.5145090287335632
2.1272376310648493 0.829639297831712
3.270595812491594 1.6866143576197945
1.9946677487347944 0.689230217684341
1.8638523303166052 0.29756201184712094
2.750213417721255 1.481315107059242
3.0841223553486907 1.5521877192466187
2.073012424613155 0.6890821837313412
1.9524619588086267 0.6022130721832293
2.7252545927869756 1.140254384155844
2.3681826791017535 1.2473199133013535
2.5734033672796075 1.345696740272699
2.0451388831721777 0.07175179923128874
2.468862057278444 1.2287057412379843
2.0961187808568003 0.34435061260193545
3.18397099280814 1.3945856310893485
1.1903681573250904 0.03300708410471826
2.0051375959282343 0.48407872192962076
1.8055358265325987 0.8978337171262987
1.6218418752159316 0.18508408761764433
2.1439490710021145 0.5255815897973172
2.0408568604205226 0.3983393844162352
1.242522713292499 0.10218803778058533
1.9705809658818807 0.4520105095945399
1.59469805017351 0.24162931401554946
2.0406827888994608 0.9426239763861126
3.098810057209853 1.529762061566596
1.286080197588052 0.13547024907071226
2.2629128169201445 1.0515789801815085
2.219339609754562 1.005477098919108
1.793118402947603 0.8157414472485506
1.7589810156547765 0.1508340676008122
2.2900639991878395 0.6055404163391362
2.2032730970849315 1.0203443384044169
