1.983453757552979 0.9437618949355997
1.3367744897518927 0.4085692478915086
1141.5580612719473 0.0017845324455784684
2.2955334376537744 1.155063962106
1.4304846048405988 0.49585680832472984
1.1380198616375918 0.02558706918013752
4.372651525395177 2.24206280329979
2.5420955361217636 1.3353508504042195
1.5290166692681442 0.5896277626037443
1.650205353736438 0.18803556576136787
3.366735346479043 1.734512407417193
2.3919148403944392 1.2211755197615624
1.8653582740486405 0.8055546090730259
2.0787826964403155 1.0245589452048953
2.220803159994012 0.8882176800719614
2.3830403243784444 1.0036360819307126
1.4657514957639644 0.557195292555752
1.2549757451833783 0.08211718652810562
2.7941359893360564 1.4666905604563305
1.6111791168076175 0.6879455301745616
1.7411641018284578 0.18989433295992103
4.592812535085814 2.3435331666851873
2.8436692846783584 1.436587926627413
2.391163092104186 1.0548245016240103
2.7019411534273527 1.4772197412700971
3.050886329330393 1.1989390784110312
2.5469418845327496 1.3444501486005063
1.5467553124536497 0.6286062450539626
1.8902821986999365 0.3257250118510324
2.8909409005085807 1.397334042653184
1.8116092039176968 0.8461215945944465
2.5750723314184105 1.3064571428584186
2.454605139589388 1.1057359629015955
3.426602143456445 1.8360326266869906
2.3663903194566016 1.0879116658286405
1.8949439453947168 0.818152840261434
2.3821269953024222 1.2075816322302675
2.180599678054561 0.9791800015325833
2.5844816007397924 1.0796554079576326
2.068809380029783 1.0034645731837242
2.3207119824868174 0.9443032562117313
2.4496300857543476 0.9921804692880671
2.310287511247286 1.1991319318578657
2.010889375926303 0.6876309165286777
1.590741517825093 0.614101404713711
1.6988967989942636 0.07776459771041072
1.6897583649219943 0.550243632019547
1.4908050725060744 0.12739343645683726
2.602835805374912 1.1541735594138638
1.5988000593476757 0.639894102822508
2.03707142027131 0.383672246764133
1.6957793306241118 0.6802169452634177
1.553016697667941 0.6165602782980797
1.5970131942835653 0.11498910742027119
1.7253729275727605 0.7115453831392626
1.6754976951756826 0.15682477625127667
3.22252574474858 1.49997321154123
1.8015724168364704 0.8418902672679052
2.279685784209596 0.43596925147616017
2.0486560318080738 0.897048769034289
1.6443610575462875 0.7026965527048954
1.8408837564777731 0.2820249173157615
1.7535579993233434 0.7716099838488063
2.2658165533920323 0.47386748567355547
1.8992059828262544 0.8832838061861242
2.5117017577081553 1.1327349296143394
1.7023460515431403 0.7476864655922417
1.8268660589328365 0.8209293257945909
2.0023011591278532 0.822113254294719
1.6346472304524653 0.681615768971243
1.8053853463852645 0.435558771796563
1.8549253954537681 0.2130902695051998
1.9945308993789705 0.3255702528154023
1.385364444063248 0.14197841766163619
1.5466918165802017 0.5254429952993938
1.78652816167939 0.31201770787510213
1.9568320988657035 0.38840004827573904
1.5619150067158378 0.167302619118744
1.8297023116298456 0.6990546926634797
1.5755173724954523 0.1812291011107744
1.6844156732848803 0.628729286506046
1.9745091610452208 0.376128347753306
1.6401732440191101 0.6192971425981054
1.838249918453891 0.31089478491925154
1.6666343064044962 0.65717863886366
2.1214915855589322 0.44106069081374477
1.5580972449786246 0.6241320007150007
1.5572056832935668 0.5970093432777197
1.7997212520478776 0.2695598904879402
1.751607571799559 0.5278823935237171
1.358879851207214 0.1319637322702248
1.624241889817636 0.5247577997112025
1.2389269454555427 0.10072020902785957
1.5447897309991352 0.23418603527200996
1.666270875445941 0.4917616048700517
1.3444874013738024 0.128849207884895
1.6665139845082977 0.5428020024822786
1.4479313607222632 0.18576372378880007
1.703702674634364 0.29172101287777424
1.5763523734435945 0.4526882208233496
1.7623794082392032 0.3136971569346738
1.8897392893124314 0.3630310561942874
1.5016413101166266 0.461378178120826
1.2921384385099122 0.11513382867417682
1.6156788565389393 0.3812330848309448
1.0263812420529206 0.016839688183627126
1.1715987966068975 0.08116953073419111
1.4925832313392458 0.4685476599282031
1.2797504574379555 0.12372910493701297
1.3686914945245257 0.16162432295270265
1.6372798684961793 0.26991418441417964
1.3857088975571203 0.40197098139958687
1.0356537570760986 0.02175293168527004
1.0160268599669835 0.01604063128354452
1.2492515226295233 0.11581525948054541
476.54531644025326 4.910381616778344E-4
2.435215319875081 1.006324553799137
1.9344546054510654 0.730699775479374
1.6225360063746492 0.6871676255293402
1.8540710918885797 0.18847258501237127
2.8484092388653135 1.3790339367112043
2.05056056952179 0.9427513651111712
2.838554496814239 1.5759069046913283
1.55808717490907 0.5800717549415232
1.8024403339652042 0.12509590624737787
3.566316292715122 1.682951119864604
1.955960268241161 0.9480541854729205
2.228744980035863 0.4363384428763497
3.1841179132066606 1.772036804283526
3.458288738735607 1.478124099596789
2.8759918152091144 1.5409748656087792
2.4895685535745757 1.1102773521525955
3.1031060909197072 1.7516753536092164
3.429892233250139 1.5033168393691079
3.2157854982083913 1.7596714260234971
1.6281021333803978 0.7090072298160429
2.1159897168378956 0.34541636920839447
1.739441346780743 0.7277657763967547
1.8216015547706585 0.21934150007920308
2.962928426747756 1.2255598651772925
1.933418781090474 0.9426405474048596
2.1408268261261716 0.3432160490859688
2.461103172656598 1.0196461498290725
1.7971964829384308 0.6337657461282135
1.5494980460377878 0.17765511979588094
3.357978077599287 1.211708234838622
2.0089716856927846 1.016431725806896
2.1247660718965196 0.2894050972698504
2.6830259162035954 1.226545357858421
2.8728885587062725 1.3809029554083532
2.2970034723072166 1.087808187366837
2.6901514384975522 1.2257055403533925
1.6717714105626407 0.6416071683711246
1.858432486409438 0.310698880631282
1.7841862044657462 0.6479706042939464
1.7723448895720066 0.27154037334658077
1.6611211546975027 0.7120708614181763
2.1872063684157874 0.4183635668442398
1.7386715686386554 0.6672466317612912
1.625284534903193 0.22285645135446217
1.7713913859090278 0.8227432447013637
2.3677834279341816 0.4775403254891635
1.9336897855264685 0.9020584508527772
1.6087529384925618 0.5809013859513298
1.6823983635426303 0.2565297255727241
1.5948982400229228 0.5146348155316576
1.6568273402661369 0.2609767505344418
1.9866330887885162 0.37993016859563833
1.5678713710462924 0.599626859912354
1.939088081256919 0.3444975718742897
2.191539635444525 0.4407267800069099
1.467901139853765 0.4600994577763663
1.542310003812521 0.21391041264551314
1.6121086262258266 0.24591108432522013
1.8597396659485128 0.3259089065601468
1.4552546060039997 0.18964616387374908
2.5647993810285454 1.219345428994264
2.1716899915113403 0.9268723809035256
1.8901585767788096 0.8763157350560663
2.5816875160604065 1.2936636937110326
2.4034848467286336 1.104370451094751
2.9190920396586977 1.2445908869056805
1.7828824742512195 0.8181308107337106
2.855281360297064 1.4027635146502404
2.4376448087001683 1.1580252391677766
3.287039676852447 1.4014012248921168
2.6970189148715047 1.4957686461712476
3.004939362112032 1.2998576344337116
1.8881868618631665 0.8858877202638757
3.0923285051610403 1.4101456643681987
1.8081213604097723 0.8507438596377316
2.3543714726239697 1.0869947579330612
2.0671744111893764 1.016085542506809
2.4720760349878117 1.1895864375646539
2.95840135684756 1.294634449194381
1.672968416271422 0.7357081035118254
1.725467513778823 0.7838867852736979
1.9784099788883998 0.9246982155467613
1.534422066378264 0.6073527686023105
2.4035020385769146 1.1181738413372329
2.248760285210998 0.9690332410965543
2.4449870161731324 1.126333047551749
2.1226315289300244 0.9595244440912862
2.6494264816225206 1.123641881023086
2.3934152489382843 1.2093767899809107
2.448360939317451 1.0721486402857343
2.7886490735807197 1.1986700501807799
2.439755305162133 0.9640311212690673
2.076532254154205 0.9337276208479939
2.1917804079175456 0.9854621301881239
2.5501373852065288 1.1206873176583874
1.9443165413333798 0.8512573413415172
2.0678726226801043 1.0005506487371751
2.4412525411727852 0.9814839019049273
2.399138088201886 0.9810674327782181
1.9876193345671984 0.9541620203344864
1.3412454700413192 0.4234178301069922
1159.2181308425008 0.001957427404762846
2.2970906769741237 1.1642004719167973
1.43838929790122 0.5105598548187791
1.1381293008116489 0.025730846843419294
4.438770038234972 2.3305103494535464
2.5483627471955295 1.3318776514060564
1.5409035908501585 0.6216179510637287
1.6503182654351187 0.18799405927686008
3.4320732573115267 1.7618234309180478
2.3922679000751863 1.2266815005843115
1.8659770303243428 0.8059478014553335
2.0867415837117154 1.0420462887042772
2.221534258901304 0.8885165139600854
2.457429505252385 1.0317678648707704
1.4692611730542804 0.5605502611987061
1.2551526501606536 0.0822798734060034
2.799881590404446 1.485192590107311
1.6192472513692924 0.6988075990267225
1.742219896851117 0.19276894359221164
2.8463654667883453 1.4502532732292757
2.3933191063883297 1.068283203786382
2.704261058056984 1.481843590413083
3.0584478848292704 1.2118978826697289
2.548747382196783 1.1863331688419654
1.5491827569604568 0.6286846446336173
1.8908283908513739 0.3274284285123145
2.8945399038993314 1.398410196606867
1.81273805559937 0.8469890890172863
2.575220216084288 1.3071502566758615
2.4553768853853226 1.1067064130048676
3.4276291990367973 1.843905218508753
2.406264699135601 1.2781614878125236
1.8960502069454368 0.8189483893866348
2.3981490165936252 1.2475117268848959
2.180858067528936 0.9793063047707742
2.5845436794777576 1.0796883316473198
2.0734983509125606 1.0068702128878462
2.3208244728596488 0.9443488967033338
2.450297808944259 0.992451163402984
2.3168098428766815 1.229853383313465
2.014294751284769 0.6925600132087867
1.596832352698835 0.5886263899479716
1.698897290618014 0.10719308413357204
1.691723898955698 0.550858320387736
1.4929885814187838 0.1278035683485868
2.7452902625647253 1.2487560051135838
1.600883891871058 0.6263044507162516
2.0436393427547714 0.38792227095110354
1.697873639167757 0.6824214298632714
1.5530328461552383 0.6168569133499151
1.5977958289572682 0.11687706123768365
1.7266218969926768 0.7327559264225543
1.6760489449052405 0.16007997867118895
3.2271380840010515 1.5032138211878394
1.8018219840481984 0.8418321557361544
2.2819581776149302 0.43706366787914214
2.048702304456916 0.89729997656799
1.6481042062735765 0.7076027990071927
1.842817079245942 0.28441233114912895
1.7555203534918093 0.7713808795670188
2.2687119172009895 0.4781024867211863
1.9001038127763037 0.8838843729282616
2.5164264790988784 1.1498516083675403
1.703094055220515 0.7474770259546303
1.8283791734082198 0.8199876942977224
2.0023150148644744 0.8221112283507914
1.637349526925636 0.6836584985237784
1.8113801037902826 0.45485712674909395
1.8661205573704929 0.27639388018419475
2.0269790434740305 0.30947456573081267
1.3857523021472629 0.14233636086991802
1.5522898406264072 0.509721028740471
1.7866193461793216 0.31360876887570965
1.9847541911055697 0.4214545003500743
1.5622236700239673 0.16739145866236288
1.8507159516219343 0.7190266037898339
1.5816705847308723 0.18501119397551447
1.6932721755989988 0.7098384658503656
1.9752609924640607 0.3790130148626807
1.6534593323184819 0.6239643488410644
1.8384127786674986 0.3108758406235285
1.6750236262036822 0.7068366346626498
2.121831824777302 0.44097380134822406
1.5589861057644252 0.6248211701402039
1.7512799797694742 0.2946483269430322
1.7997221515715616 0.2695603556556841
2.06622365445613 0.4127018485050507
1.359934413349738 0.12747933183371532
1.2394562069989974 0.10273211171627723
1.5518515687702816 0.2371335002261165
1.670959028952806 0.4864451301516364
1.3446008586961062 0.12910284558108825
1.6680829272775466 0.5407287355157673
1.458727360477233 0.1840949053782817
1.7103470002890468 0.29456744292556836
1.5791931443642726 0.6307102203363951
1.7633417788614518 0.314553682941461
1.8901383501135227 0.36578280160905075
1.5069373919735873 0.5007267758044107
1.292230587987592 0.11122197381969087
1.684980449401563 0.3041508576824048
1.0298179759875505 0.01729362158027963
1.173326755700936 0.0831796978993058
1.760650871072432 0.46564871865907864
1.2801029557089931 0.12389369303377631
1.3703901574834687 0.16236311553423619
1.6395580607057192 0.27297403448597884
1.0360608082294374 0.021835440758443833
1.0184623397830987 0.017217397700123857
1.249745939517486 0.11665545158678388
595.1427891992528 0.0011349570230902565
2.43622538631876 1.0036777632296832
1.934966277131743 0.7310601147640394
1.629194827702091 0.7014399609996159
1.8542899826816024 0.18866433017296855
2.8510887614811704 1.3922165313329429
2.050593953726525 0.9429083478751166
2.849073010563388 1.58939194265292
1.5588105229808855 0.5823434753197643
1.8114405620943979 0.23165973615554103
1.9679151729431208 0.9627130430096785
2.228847317650162 0.4364663100916428
3.184668525030893 1.7724567774648183
3.4623156614829256 1.483582594879013
2.878434141193091 1.5466275022143225
2.4943369312266843 1.114602248723512
3.1034425595835824 1.7515174002758362
3.430729205533976 1.5043329371559317
3.2159779009319145 1.7597630894499778
1.6363101814661885 0.7147048102440439
2.1162077966085495 0.3454710709027267
1.7410608573656636 0.713015747802497
1.8216722138429453 0.21935213823704994
2.967530551237615 1.217511487992494
1.9361600506878722 0.9452896780641871
2.141246931352736 0.34345342314022587
2.4637739577469624 1.0222614725124748
1.8065128177503025 0.5986163085982784
1.5517337042438255 0.17742525083791216
2.01049466983926 1.0226683875511642
2.130550639527606 0.3273061110415406
2.686035654608637 1.2285692264270671
2.8731891457208585 1.383553706741834
2.298638289438511 1.0895873259744038
2.6910004236215563 1.2263766831051202
1.6863603496650534 0.5171164205860075
1.865835497061477 0.31077644980533436
1.7898531515705471 0.6636595211503863
1.7727212787667699 0.2731568047949963
1.6724051779182734 0.7303389632720856
2.1880141154169195 0.4185937786683367
1.7448720907573585 0.6529392957141127
1.6311375666072077 0.22402860789405504
1.7847379557261012 0.8397930087644185
2.3689461468564015 0.47848138304457855
1.9336929882572842 0.9019873211879632
1.7283843670843795 0.39228009815593246
1.6827604766855662 0.25766292346903713
1.6116797262973757 0.5213493742560853
1.657647367189133 0.26139479474109273
1.9872254078046114 0.3805571478537675
1.569597712131087 0.6024147506372504
1.9418387230876135 0.3522541225626605
2.1934582571125643 0.4424605626483903
1.4705200189876713 0.42544836384403384
1.5431758176208525 0.2143218475910203
1.6213698930374323 0.2586557160945316
1.8630257746377068 0.33401083313016255
1.4553195158848558 0.18958364014505363
2.5651170482055736 1.2260897372507353
2.171779580009706 0.9268528136208413
1.8910426301879164 0.8779634736323506
2.5914906156692603 1.2288742406281319
2.4034848467286336 1.104370451094751
2.9616045139013334 1.266053314027316
1.7878700149671118 0.8307979376199489
2.8565383324541225 1.387841737425975
2.450673368496571 1.1775477656299058
3.2873838007890583 1.4015272164618087
2.6975482526424535 1.4964897996624542
3.0077120318700006 1.3045032367610296
1.8909983092630451 0.8897038015062715
1.8098807194136852 0.8531794240664001
2.3613660480672225 1.092779653332014
2.0673400579392056 1.0162934899048675
2.476501706698456 1.1947306998408518
2.9589790246809784 1.2958494218567909
1.673756038723642 0.7362494258108457
1.7259891698357985 0.7833445800644072
1.9786886980615468 0.9247780839723163
1.5405043521916653 0.6157233895347028
2.4048699082527305 1.1108816863289288
2.249666119390426 0.9701361578999832
2.4479932680799226 1.0771901615216444
2.122645320085992 0.9595227759314268
2.650187838387838 1.1239140044989793
2.39390803785727 1.209430591815861
2.4522260291158124 1.0719591195932217
2.788666887552985 1.1986666222571365
2.0767905108120415 0.9338438665676881
2.1933636434376327 0.9862522527464399
2.5595333780103404 1.1251467784641305
1.9447390769814628 0.851536975513651
2.0684789380361126 1.0032454701233875
2.4495213990081277 0.9806644153264243
2.4156319437280134 0.9878627304223538
1.7968772398892285 0.829028768447691
2.4858224277843 1.328575136449655
2.406361186548744 1.2783847281856646
1.5600122297484758 0.6200377252577263
2.5495885867172863 1.349588429207627
1.7810216327096202 0.38702088058942347
1.520469617601254 0.06974773704444842
1.6138213587307055 0.25386178130456605
2.4604956944603664 1.2291926242759739
1.9802990576644435 0.2600100091369736
2.449760535179526 0.9999462766356584
1.8966497349117502 0.8188784155689193
2.8040004032826573 1.4967803128875885
1.999039702862401 0.5500751863330243
3.2158491758243786 1.2014453307730517
13701.523907050989 0.016463149674358774
1.0301073487342163 0.022083366175309545
1.8705472083925263 0.7777357864131749
2.7619887047003235 1.2049243017828521
1.8522981089192152 0.28887739242014154
1.92089296438569 0.8873058065019861
2.059211824444567 0.8500997638883436
3.4416419842883554 1.5585875774968772
1.838905738637463 0.28218087250054774
1.9616029155787218 0.7733855703857686
1.5603306254264937 0.6404030713974
1.972990989969321 0.37492650936539934
1.580692749644263 0.4429496108759708
2.561574054751219 1.1259336134325562
2.817756219866033 1.152595687858447
2.5509478691101393 1.3526344001705377
2.405907959712323 1.0904070840188864
2.99210294278439 1.2653059730319893
2.3457597788491036 0.3964276207321291
2.7353798635549538 1.1777842429938365
2.8154779795238265 1.314226259744467
1.6989930692086128 0.3110605222610079
1.8817175790909926 0.7901659399980069
1.5578039935952432 0.4604244824208058
