1.4334826892772439 4.207315728533482
0.7140823139203306 3.030581840792123
0.5936919191669655 1.990545199748511
0.6617344161293461 1.4415820874817524
85.61088113661425 0.8926465152851439
0.8662557028291138 3.7401997821664064
0.6623798343139236 2.248193784450682
0.6609087421766917 1.5436132577488575
1.0122482768980485 0.95962475894499
1.1413327863135185 5.1586912022440305
0.9171626444458902 3.8792893774563955
0.6964074070037676 2.3383951068044855
0.6358447642368312 1.6013849929204444
1.0205389998971657 0.946811336768121
0.7310391944673552 3.071822477288782
0.6502489584504155 2.2972091476274077
0.6547953919541363 1.6103456413998751
1.0280100279465625 0.9467322330123047
0.6499249735537781 2.0471388943759403
0.6903526126103923 1.5579672480024935
1.0369760716232905 0.9602239684391671
0.7413822791533081 1.4989072805724866
1.066138558155683 0.9916043184349719
29748.077171312325 1.0037521627802777
1.2588318334521693 3.6586796443128007
0.8024113704560791 2.1293106610899435
0.6472357752203491 1.5397081950123144
1.0089550936467013 0.9431535966734629
1.8333878265940142 5.085107567123353
1.1948184428584931 4.150563114327799
0.7304301319750538 2.7681735180398217
1.2562312461521414 2.0301708571169543
0.8853728210241338 3.855187256595573
0.749036106101659 2.7980452385576067
1.0642840023457076 2.1135006021187372
0.8042652915165963 2.5701394721155655
1.0813029992511525 2.0558554835171896
1.148524833079323 2.013651446511268
1.186228857409671 5.043061007734708
0.8628335265353863 3.763707713063235
0.6321638780216507 2.393025639614844
0.6794253270835766 1.6132225208410536
1.01355813133974 0.938776555992386
0.9081758644605303 3.8326620443705237
0.7249527497194721 2.7762502370773565
1.166074544229577 2.230459063352106
0.7428735277349591 2.685446173473085
0.9676180479691175 2.132661938405845
1.0356486987432247 2.0468661869223777
0.7348958880820718 3.066209260549896
0.620881644642468 2.2532230506621507
0.6412893814715482 1.614183839288412
1.0210284913005483 0.9482406369401506
0.8732356606407785 2.7534581602536408
1.4538280193240465 2.225178201636379
0.6122925573011431 2.0117871196200134
0.6579580602075099 1.547419321801227
1.0340139270048627 0.9516010780032909
0.7272931304347112 1.4839656548099693
1.0653080138878699 0.9801653210573935
26962.16476379643 0.9908762127525149
0.8664742917702618 3.8438506216303536
0.9049181100813678 2.8855076147263556
1.2842430472208282 2.070019508687399
1.2378973984308697 4.067019039775208
0.7236442995236724 2.794610488107998
0.9413604396436949 2.0320173560273718
0.9254449062156382 3.798282100412522
0.7216105377629568 2.7988187971581486
1.0289061802754254 2.12484759438746
0.7375408903620198 2.5382026893407925
1.10788368866834 2.059548221114164
1.0263380075239974 1.9205352317982518
1.2843534452468055 3.937187281906295
0.7414858945412257 2.784167539514711
1.112953798831812 2.1040307984978823
1.209741559373104 4.093017808874203
1.1374782180859384 3.4730829465766275
1.0894969027699706 3.35423167066595
0.8843216487821924 3.821720688946924
0.7202596245407178 2.8086812898280815
1.4530800008056461 2.285938406375061
1.0453344403328395 3.380750895396832
2.1783626914954786 2.9473823683809983
0.7801483851598964 2.574500286246222
1.1418534007317425 2.0976420055652305
2.076411940011602 3.0011632954542913
1.0377666469774085 1.9182384423440333
0.8665799035525464 3.8370228089847096
0.7208099287879741 2.657000882377912
1.055627941620732 2.0201829375120806
0.8683515499093334 3.8147459247005258
0.7165571043029755 2.811575443799522
0.9324246938276255 2.1123025741203696
0.7669045096477828 2.663814915949452
1.4465107219920639 2.117125801732565
0.9534222225901322 1.9726077501735106
0.8575283444388372 3.7986800371422245
0.7105210585503725 2.7680428734011513
1.3523636880788354 2.121088652766057
1.2482573448445113 3.361430943228798
0.7131517881521331 2.6223091628432464
1.0329118552058874 2.1307978333187823
0.9709429254520265 1.9934223306349466
0.7188272849602972 3.0250516318134757
1.0189210390774481 2.603491322543527
1.061306266899445 1.9894482682203027
1.0873592732124338 2.739011649501976
1.3848906585808423 2.3017633783886624
1.056946376311972 2.0363251410371057
0.7390025814751238 2.5318862330743603
1.0869378695710623 2.094579822050747
0.9695748921275013 1.9900034708419803
0.576865503990698 1.9880805281768776
1.142560005384523 1.9475020092110893
1.0794429965077164 1.9568424295264655
1.1943964354810246 2.0150838421782575
0.6610204584563215 1.4456328176350697
478.45071711464703 0.8946824832566763
0.896382779822134 3.842306969862771
0.6073470582884373 2.241923654349703
0.6602488555365196 1.5399862616998707
1.0023213453426654 0.9289327769285323
1.8400690902699552 5.027422394219302
1.274793280392342 3.964489761153407
0.6712903246353935 2.670723871143649
0.6180972880193932 1.6402108005992109
1.0078824507668298 0.9218390881576067
0.8691160710154183 3.8306119755807337
0.6715667990447497 2.675164836301152
0.6064523090769193 1.7014028648074424
1.02137422553469 0.97598353151797
0.6124633082634948 2.2592663414074994
0.6211047350333715 1.6445127891290698
1.027642026603549 0.9347581547532162
0.6887982243347581 1.567908217822009
1.0571748545020623 1.0138522007570585
1.124548791506892 1.0266514365343364
1.8341708226227045 5.139937825862737
1.294753553518363 3.875695332567297
0.6687122041496029 2.6672763617059987
0.6341560545372428 1.6508944992553598
1.0058976129191342 0.9296217128849245
1.069003827843317 4.751303137882124
0.7394431558258895 3.0288689966066844
1.721181275722873 2.583656013589011
0.9126550428541691 2.98500471442511
1.7583949034028268 2.5957184923293997
1.3654888053494492 2.3795881110613077
0.8596032958790151 3.7880024047505065
0.7846364655784398 2.7113223819664736
0.614031186894678 1.6833075626006073
1.0175582107189038 0.9181910761307817
0.7969459401367944 2.8573029588428387
1.5723151395309825 2.493380847059049
0.6082836702595803 2.256237089698542
0.6416119061217405 1.629598376901995
1.027061069065219 0.9432576127087966
0.6820162572580397 1.5600623682390204
1.0468113277282243 0.9531399425425381
1.1244476931134597 1.0288077672818001
1.1943279111012517 4.153905805131309
0.7380878927118435 2.8105027684964115
1.477203972783343 2.1807810167920967
1.2069328076069752 4.134461231684003
0.765232907602648 3.1016540230320304
0.7124423001410921 2.7725750229572794
0.9479488408424852 2.0054517657603004
1.5856066389593044 3.1198720762092575
0.7599967698586418 3.0321685704306747
1.6396377219247231 2.597349828314563
1.161513731448626 3.6161424158534405
0.7220002215883708 2.777699981981191
1.6354914967826863 2.3511045168120326
0.9570560542861833 2.0495462404314693
0.8786676386719635 3.7523026988125903
0.7446152598718778 2.853405420402101
1.2281498045791888 2.290809705535743
0.7282887598924584 2.777196676867434
1.3331142972172645 2.3306648916695565
0.7284955198892578 2.7754486761543857
1.356898571354542 2.226675379610195
1.1635090412304292 2.1796249250152195
0.606406671116031 2.267189616235446
1.6611863834618448 2.166576506179039
0.6435703224210307 1.5219728015602347
1.0035775415780992 0.9020556818030422
1.2012871930550186 4.943887216188541
0.8968167645455748 3.7812510643927784
0.6555436866522298 2.3821639182742578
0.6431612843102339 1.6139816440234833
1.0023832861154833 0.9162141339226989
0.8701909063912355 3.808191570760602
0.6659851736751781 2.6743561523342656
0.605810951741468 1.698860642597585
1.0369941972980081 0.9794329650720955
0.6405968866793416 2.4282330244819863
0.6017263481961814 1.69494154423661
1.0159654159284093 0.931798735416635
0.6596720309866134 1.6248264368284624
1.0409654325552347 0.9480672768578476
1.1186092391304792 1.049496484901692
0.8601116866779206 3.7599600681141796
0.7573470614976189 2.7303890077170156
0.604210309387518 1.6882776905717185
1.0076232005521544 0.9269854159592937
0.7610876544108318 2.8486692909951943
1.4556374280482687 2.54360483662152
1.6608897002052783 2.532788661633594
0.6413175334961053 2.427509911778427
0.6056941813691646 1.7036272311228045
1.0169401529973545 0.9286897786950855
0.6593907884056419 1.635313307713207
1.0418933638971508 0.9676018336152756
1.1258901249745 1.0288738675221751
0.8557215839898098 3.776653640287999
0.7570740004475436 2.874363465988381
1.1646494567638115 2.150360309139911
0.7157927369563378 2.758951781303785
1.5833538430270768 2.617403952389169
1.116648145657795 2.1250534497428673
0.7329998784613097 2.7579289650062915
1.485420455654464 2.55761649444361
1.0217263887321237 2.1027893175707995
0.7372469264923271 2.2706151501080614
1.3113489439090125 2.2242646455662456
1.260382537790837 2.2831156075140755
0.6300470447541432 1.6001443864617926
1.0056742831737593 0.9413519270257532
0.7142330752461884 3.0347720276679846
0.6141687561075674 2.231867096871337
0.6318879447238599 1.6069085893089925
1.014862842477497 0.9338604575628768
0.6220238633674192 2.310938471293758
0.6478619489556756 1.6278368864002406
1.014863401102819 0.9307926062162318
0.6579249635449915 1.6211327833927869
1.0253217570766442 0.9616109601404411
1.1117894822585044 1.0112972398713969
0.6218342241947797 2.2788335197489
0.6199588095625687 1.641189003577423
1.0153345223896628 0.9588092870326596
1.503081728310601 2.311104219137483
0.6633325277230722 1.6253156681581602
1.0352809120702162 0.9346169668941938
1.1204575104505385 1.0429263884364541
0.6084778623752919 2.2477870975886454
1.452426253000712 2.3048788990973685
1.047692719395493 2.0899072944412422
1.3808924706441847 2.057795392876434
0.6233665319456914 1.5908168874955022
1.011024537401805 0.921881481390247
0.5772465370928244 1.984849334583372
0.6539348181226423 1.5401616581408104
1.0094573870358563 0.9212081173263635
0.6686668145709164 1.5490863401959956
1.0071178679403419 0.9228510114655267
1.0975617998663376 1.0124426731984926
0.6798438011924498 1.5644993313215314
1.026574806258766 0.9641491712548327
1.111219169778659 1.0153264287958348
0.6445167459243092 1.5321705508635481
1.0152888507692046 0.9455689662456327
0.6711238182057327 1.4513940779338426
1.0055375003456493 0.9419181290905204
1.0816497819776916 1.0066587249648757
1.1019708572959963 1.0028723632828396
1.0096058326856185 0.9437707739924646
7748.278059750408 0.9019517286886161
1.556911337371264 3.245242843227182
1.0620920043428288 2.969739369219452
1.2422857728468175 3.326615271677224
1.4121850519874237 2.1605299300364336
1.30765130994364 1.3907074969665392
0.7424917866077324 2.7840958043392776
0.7528092649374039 2.654817294271926
1.2089887824933014 1.0948613530808746
0.7649017401996895 2.6342119332164327
1.370737206077017 3.029043748435659
1.3771740880444459 1.1208044156895132
1.4753856467358144 2.4150041808798153
0.7247482038370229 2.7971931772829306
1.644837159507616 3.627056668982357
1.1653877619432638 4.1554021166406985
1.2606959192348346 2.9915571781090606
1.014887431062271 3.8785200500361743
1.009621261375041 0.9436063791871926
1.0137573191738893 0.9395661209824584
1.0151763382757695 0.9306880197836125
0.9906566349927525 2.542950136969772
1.5917122643002037 2.787699988495107
1.1423194406304584 3.345168983620166
0.819097780560192 2.8698322842961668
1.352528571290642 2.13124898307606
1.0660438957463925 1.0119180895015985
1.0847210769485713 0.9851629605369361
0.9332094676051198 3.8272595929323927
1.133617487511556 2.0918696809301465
1.761269386291347 3.666579567470933
0.8666351474917918 3.8454573631750115
1.016414986080675 0.9485366652640307
0.6524905399818272 2.24548286950032
1.0293252361998106 2.1254619994016717
1.0274778860802511 2.6664492568988547
0.7166209544459221 1.599193981586596
0.9660100513626871 2.9967560506496085
1.0854817667678205 0.9980728589851875
1.0814094115968231 1.9314480480758933
1.16520594414796 3.582172538717878
1.6469031862133066 3.410405227995261
0.9473279517367253 1.7706029289928615
1.197729112915253 3.293614831550622
0.7206200412100171 1.5990202562192122
0.7790970678974669 2.0583434380154713
0.9021695180034597 2.7195290673218206
1.0802330205494926 0.9964682747829038
1.240544285976248 2.0780842635889805
0.9270578814635128 1.6425092622393618
1.0678916018287181 2.6995879001370557
1.2169010992415088 3.1032192218179153
0.9001492295009734 3.853897056104149
1.1353715263022819 0.9416861933047661
1.0299439808154396 0.9617528112923286
0.7302515775482278 1.7949526188205245
1.1660052839230037 3.5449946638417082
1.6213837405100606 3.8019879517333965
1.2537652794085774 2.1329091652300605
0.7471780954277342 2.7724420865528616
1.664848990534297 2.175866657211692
0.7368355362756505 1.6024799357097408
1.2665665368932353 2.95882296060892
1.4208509085106105 3.004395001317047
1.0364575953426323 2.1253282583283366
0.8854881207199674 1.8282944413864597
1.2272222479492918 1.3016965819565494
1.028910985855945 1.0266595385461823
0.7302111409560348 3.0595171006453414
1.5302509051353463 2.3169291605456537
1.0268910410553869 0.9823630934717479
0.7554791703245791 1.4750123013744854
1.309366456416899 2.5739512181534954
0.6819291438870417 2.376673966464277
1.1112790382508 1.0206374321360139
0.6092239955094615 2.246689478182331
1.7302893682127207 2.5944182699157903
253.85672756186116 0.8936632078987814
1.3779094416649214 4.057068108156316
1.4235689907223044 1.1369865554660987
0.728855616788316 1.4946716707891794
1.3565460510219363 2.331949977785259
1.4328533074382401 2.2390408865480955
1.3893525485300084 3.0218401731201716
1.1498987319930132 2.6860493586071215
1.6084887770661753 2.2949586775304684
0.7000917076831628 1.5759159422063895
1.1038734202743483 1.0555595334404355
0.9925344888159207 3.7394165294358683
1.2173484026515542 2.2143997268614966
1.0835207377665044 0.9888259534443931
1.0275585712115465 0.9458109708094675
1.2526458199299288 1.9740435644816086
1.0750606233453261 1.0651114039332699
0.9620420632479374 2.9110580498246703
0.6760331795653243 1.5606408413890418
0.645845775866068 2.2973041655547064
1.421970833738101 2.387152390765154
1.136914421177388 2.1293557123010594
1.0684594704815265 1.0302185628648208
0.9055110440112701 1.7917154453149526
0.6799458808771774 1.614469754941341
0.7228140016448945 1.6803573298744037
1.0122593504801178 2.6229445413041867
0.9129140284099094 2.5939822067419187
0.6438790625954591 1.6179158133024152
1.4892136409771433 2.173808597409303
1.1250111782563956 2.0470796497291492
1.726953683253233 3.9333118963115012
1.2594506207941607 3.5714390916320946
0.7621839683761579 2.661125310262278
0.9385189467400148 1.8418654371385932
0.7353287107965549 1.6963035302329987
0.7627664456169305 3.0311274476864694
0.6906355494313967 1.979734772086336
1.1449375896787146 0.9742739154473496
0.9270234436484448 3.7978966792934425
1.4763908141773445 2.2621608377100926
1.191725211784774 5.0215698149777594
1.1406091616910692 1.0419471118532178
1.1540421598007693 2.0282875774185625
1.6340235503111837 2.66091840835666
1.0130104452183213 0.8982680560962301
1.1723007869444193 2.140599445814275
0.8290736151616281 1.7752395043994333
1.156586874823088 2.022114858886514
0.634731904156536 2.235922242894363
1.1064197304559042 2.105536476057463
1.5225457899377415 4.046432400248489
1.8764763250813186 2.163444665714776
1.1345016992360109 2.0968532637198245
1.5546295368380023 2.618296767261159
1.8402541282054612 5.06552083421752
1.2176132257549506 1.113852750177558
0.8145723979263233 1.5590940812304113
1.0466238516883994 3.3832308165023526
1.6032652078187897 3.646236214486114
0.739413991151368 2.3359786691951743
0.6813527558907406 2.074456044604184
1.0505619898749445 0.9519195701708397
1.022854348664681 0.9564884269356112
1.6085185299382265 1.361999727063691
1.0403111916628203 2.4686430804959265
1.653495289580392 4.426032075711026
18094.915641634736 0.9591739690813459
0.6618454512610277 1.4416768571833116
0.7800366407640413 1.4990383863743897
1.5536978966360517 3.262131241796648
0.756566364097393 2.988393866723594
0.7106407276706009 2.765591073679656
0.8502093082641284 2.628576399252035
0.7411182869224316 1.6155976024637775
0.7039624130659313 2.136744133120871
1.3339738232846483 2.5453215662214443
1.0232934566607226 0.9306441843036659
1.3741614053462512 3.506430701218818
1.5463072759178331 2.517821942917074
0.9620566582197007 2.0531780117835137
1.1127569467104086 1.8706185357780585
0.6244939822204846 1.683154225670097
0.7023631548126918 1.6691403141123429
1.889280303496473 2.4216437913010775
1.114243762089793 2.7297588830333988
1.4374868277942936 3.005680937378621
1.1459175496761071 5.142255201182062
0.8103127199517501 2.8294115695352122
2.204791971447629 2.955119716508266
1.1257315167225872 1.0531411179168135
1.4430694286174797 4.032843157091643
1.5138057892489942 1.9761845761574772
0.7326201882706146 1.5055828630263826
1.490683316150732 1.9793956701144522
1.3003382064230198 3.863797790145606
0.6148007753348644 1.71211367460777
1.1571751961195422 2.271849273717497
1.0513193991736 0.9418453124843582
1.326301318298143 3.991121113647551
0.6626153837486951 1.5288097508444567
35236.031553978944 1.032803886897121
0.7312451940898609 3.0729671921287665
1.006840450261031 0.9305503555196326
1.0999458939794222 1.092836134223982
1.1693770457049686 1.0224541810379932
1.0164275854293658 0.9621860205336767
0.8008092253146519 2.82891754529767
1.4072176807264298 2.4151971883269487
1.3670497863836195 2.602258445557805
0.8974071640419987 1.6209432336071465
0.6294961642933077 1.641146685097627
1.1215146682988262 1.0244787100876425
1.5591547710538545 2.5479581569574856
1.5827726629687415 3.05336220631487
1.5696585575775925 2.3766404601945106
0.6096941380776455 1.7052578251141342
