1.154106489974885 1.4130216761620262
0.9838447710304643 0.5894603414148287
334.3533117737151 0.001313238122265581
1.188752264580916 1.8534925109611846
1.113609694790326 0.7167211354888621
1.1527222052530441 0.053503555660640544
1.8186857871941748 3.0545430680858594
1.1132764824458163 1.9193304240375024
1.0539717000883506 0.8214672584366023
1.5856957290388056 0.27445300991916777
1.2192897408193102 2.578037362855838
1.1729782300573008 1.721836147039211
1.2980128910588609 0.9241371656789406
0.9889617655336026 1.2644262056138098
1.4152509818986416 0.9286617170267604
1.655506263179332 0.9674995752520943
1.848704487794211 1.3765523023818496
1.0353491418729222 0.7110086772443359
1.229618950940125 0.09134060806592798
1.842988112978452 2.0389533033695733
1.1519411065807625 0.8558331175234718
1.671387691167213 0.2788620481616025
2.014833816291083 2.777965517098308
1.4952018404561054 2.3249526287238678
1.5249865160652902 1.1673424432979913
1.137425434706 1.6695568020859441
2.028161106060562 1.2909532064939635
1.3023745890001017 1.7478415606513458
0.980127406157888 0.7717933111371031
2.161191729243513 2.443321583813913
1.248971792550317 2.049962605289968
1.1679420813325554 0.9915973431664982
1.1558538814192918 1.8861333791633341
1.484189434027571 1.1686039747436883
1.8931483615693914 1.322712144657564
1.4020403425642685 2.358432773081446
1.1475200877491425 1.7078987782444124
1.2183443300845527 0.91130486492471
1.1615838842312858 1.6641831115731842
1.2880208959458619 0.999102411023535
1.5751874100217167 1.0858060870755946
0.9224885343797037 1.2554484046966872
1.4552692874597923 0.9699264875454694
1.5261219533223689 0.9958612658179671
1.6678453071302872 0.9783587683751718
1.524920625210342 1.631783281635799
1.4984979871357136 0.857938395218173
1.2167298395109174 0.8558983675540188
1.4926353552300875 0.06324340957231628
1.0987114055366243 0.9199101622458628
1.382974974755261 0.14445457503307377
1.5388637240510212 1.453367935002313
1.0797717059888068 0.756581004702653
1.882136373941326 0.43932766829965514
1.1260381495977194 0.7261035529417351
1.2795084643713197 0.9253030432592291
1.385289275714086 0.14133702889651878
1.4023865957079824 0.9639894614837978
1.554939054942582 0.1914053049164841
1.960737473632642 1.8281282109961738
1.1480391089756394 1.0572215677063395
2.0204324707748365 0.5070147530210661
1.3408063993239203 0.9841109758919556
1.0089578702261768 0.9507432126389334
1.641733486163566 0.3419768436171866
2.0241758143479087 1.5800287380746798
1.0600479686631186 0.9287708283159022
1.9271913877541085 0.5565361965833328
1.1451985838692331 0.9510214251266849
1.5084888948048518 1.4527777703898708
1.0746335164484724 0.8612916409406366
1.0547767595399422 0.8552511260648685
1.2845219835880053 0.8433546992577192
1.0821798697543799 0.7837069779962187
1.3373037538776766 0.9177816906805957
1.5800271137838182 0.1968853720126931
1.6560089087421899 0.49178976492552384
1.4309665989292593 0.14371583435822527
1.0454522291483985 0.777400222509955
1.5518873930571402 0.36418327098967396
1.4409319953659099 0.7190937080248937
1.410440923338475 0.21298202759416596
1.641896193097943 0.6797354398099659
1.5036535141229495 0.21593004350945594
1.0776882146720097 0.9645691184034905
1.793042813826497 0.40430988564506765
1.3950761388547956 0.6166449026425924
1.676310037499743 0.33256929218623904
1.3171553820795063 0.7600721042552729
1.8170921436992034 0.495737308459033
0.9403749032264247 0.7137005237605765
1.361510864959203 0.7378459983025487
1.6200706752288874 0.30814523780762976
1.6459594411921998 0.5570058206531558
1.3086289877683441 0.12807770370807497
1.3686781934363252 0.560353995201452
1.2352785994566107 0.14768852744822075
1.3778175351988549 0.2849308524059661
1.4531101835270688 0.6699020289633295
1.4237576444182871 0.1667667546352754
1.6418731895327183 0.44150136059988915
1.3615809597081054 0.2237031054232666
1.5848527838796769 0.32328865186364375
1.1225400393444092 0.6855077156366491
1.5680200350740852 0.36161522198569696
1.6534020558199671 0.4266432003563113
1.3638932377121533 0.5510966570793266
1.3192972175032636 0.11084397941207873
1.3395071249180974 0.5509034473077146
1.0292259096307164 0.01544333446725343
1.1459994670468578 0.12505293357157726
1.2079071505884913 0.6858418892966855
1.2390001738190373 0.1441593487158618
1.317698261573621 0.18160788285372353
1.4860030047106767 0.3325339935390469
1.0480848918564623 0.022797213035774
1.020376148787159 0.03159779367591331
1.1973542234383037 0.1452088164794349
156.8886473710152 5.221893106578708E-4
1.863900192618015 1.395386989583531
1.3431150868844963 0.8688744656884015
1.0624865065241667 0.8487954975319569
1.7327421619905439 0.3645663143999957
1.6229494358064431 1.8653022109031179
1.3074098780085022 1.0609235004855717
1.093890175059861 1.672202914781793
1.1367824244218185 0.8655546310990437
2.1687168674063715 1.6015177235761147
1.172417962963495 1.1450979329516426
1.9693679833606819 0.524027758659831
1.2725502018588324 1.964643137492477
2.0721947282504 1.5846356686771776
1.3676951802889434 2.200247851248581
1.6122203425626949 1.2750329160727563
1.3576831914920917 1.8566947933041038
2.030008969365485 1.6332390133994192
1.2689994862420348 1.7870666830176507
1.0164944256191573 0.863247583839948
1.4542599386105546 0.784901123015785
1.676129062134215 0.3326209329712725
2.0406840192199467 1.480914903939028
1.2652908695093144 1.0312152272553665
1.6905110445720428 1.1694070057376884
1.2328711139579027 0.9944679680951931
1.4641364336531426 0.2598775910167672
2.3079267753954005 1.8050275107907272
1.1149490293457425 1.2227966793769747
2.046613958116497 0.5014546763268033
1.7358488633137839 1.3479743564928093
1.5201839333006146 1.7790055063469026
1.4899726821638395 1.3291614797391955
1.6938657090679832 1.3787601969010255
2.0634647283268333 1.3079000815516646
1.1027765368203553 0.9429510901924921
1.702936592488919 0.3237914636143913
1.522967881416375 0.7809643784340461
1.6101721240665623 0.31580840231238705
1.158887160499782 0.8701567102337194
1.9708915536513456 0.48947023432711345
1.3738338918628592 0.7973476693538031
1.6120933743165131 0.31748186054656996
1.1426425141661545 0.9740267907497717
2.119068585674711 0.5926815002372334
1.2047230664457633 1.0264564561808454
1.3277293920649662 0.9070272598532951
1.5619188219091313 0.3144751033544628
1.3975626817261375 0.6116417527092913
1.5434604736510766 0.32269357984050123
1.820992785622904 0.4081790236845798
1.1366031918262738 0.7799909034957042
1.7790630333022288 0.4454304244237621
1.93581457925226 0.542005725108366
1.2832865774242046 0.8618470228741462
1.4420553335745403 0.2520932790240992
1.4941335779221254 0.31032367251429294
1.695466929621709 0.42664671350761185
1.370336378393922 0.2079554936927943
1.7850432964501994 1.4723563727162472
1.3290326074800738 0.9705111134451362
1.9749804066257193 1.5173644716026848
1.1111890049252386 0.9237351473465194
1.3726199774837649 1.568167774339258
1.4636199178080838 1.1108843566002988
1.9283392304222542 1.3627011755123348
2.3466712022920824 2.0028125922638202
1.0921432781760059 0.9012457428840382
1.5682353683871058 1.7188735241669355
1.382580755132767 1.2745535878700274
1.9277818241981612 1.3882732922739935
1.148909004388248 1.8431110047297812
1.8123907599187201 1.3960826662248635
2.020832745305544 1.5158862808897258
1.101612490911712 0.9254206078419608
2.400804960485482 1.4163365152622989
1.0386405694120837 0.9481206014438528
1.372850586480443 1.1267192372406585
1.7371300366476752 1.7914990835329598
1.1225058821693537 1.0870128025727979
1.4623959980888448 1.2749002157725087
1.7790586391863106 1.3738306786279886
1.172647690053918 0.7877141300817
1.242121829051005 0.8354534624141294
2.1686838514023057 0.7756344906207847
1.1491458358442175 1.024572210382146
1.0515875465150357 0.7517472728658078
1.3707941009907965 1.468143696755269
1.3486707680916195 0.9813371595538938
1.2213003421972817 1.5678706449839854
1.2684047175805195 0.993916927622572
1.5890653081184523 1.1279235401917767
1.177621682840738 1.586823890685709
1.4735026816683279 1.1091587115935273
1.6461133389850406 1.1962160440123435
1.680088922533789 1.1278402062038615
1.200072414279003 0.9661460514104401
1.2714443629958565 1.0005331887864575
1.51516242819966 1.1540471172110593
1.3137454148716206 0.9255657042532008
1.1117220543398643 1.350293659574655
1.4747713045481097 0.9871905388261684
1.562280551661464 1.0339836472808908
1.496092190557559 0.9992380467280274
1.682388960842799 1.0023495617306
1.303575582451875 1.2687751413549042
1.0200963633013023 0.6114587512036324
367.8949907449934 0.0014333754131178877
1.2262420030659287 1.838175142095351
1.1138747412008283 0.7168916921517219
1.1541274225536498 0.05214196459052419
1.8733828438747724 2.9062158616389344
1.1275089556601419 1.9384385296590763
1.083793668814603 0.8515302202299798
1.5919769869751015 0.2852969328445699
1.222069571978314 2.5842420397947206
1.286276997511039 1.7362604426747836
1.3258173565841576 0.9479190112467374
0.9997712421726845 1.305811040201973
1.4215670992926204 0.9338752559599847
1.6555729483352735 0.963456112630094
1.8507626764531118 1.2863373695793892
1.0588993864818035 0.6476281446758976
1.2310818129324481 0.11927263784632686
1.8535931422572158 2.0539800109910393
1.1982001478933468 0.9211603544307433
1.6713961742185934 0.27723003523036704
2.0160738751698553 2.9485035241650634
1.549047882614731 2.259947551873362
1.5330784996219173 1.166917165531153
1.1471998646048158 1.6327267707795643
2.0300428341571073 1.2933187382601319
1.3134780940362722 1.7350025080221179
0.9937581608665351 0.7892682010956485
1.3171754625590102 1.990499884080259
1.1743320107794877 1.0001604649662004
1.2005060556173857 1.9127406647789797
1.5011334325549162 1.155039519916361
1.8939436194524908 1.3231291233589886
1.4759171235747433 2.352243157960041
1.1689129902888058 1.6761060202788698
1.2197837385056323 0.9094795739340948
1.1894584677398479 1.5589983874103637
1.2902174750711919 1.0011002580982982
1.5806323463100251 1.1135776894856764
0.9333684162440564 1.265662618258049
1.4652757276747725 0.9797504790630036
1.5261308242474096 1.0110723894616234
1.6679935754081399 0.9805334681336407
1.5379357089733539 1.7015945635352017
1.5001815414847086 0.8678944891069932
1.2179309148740578 0.8490790696679018
1.496181087458321 0.08593823341735302
1.1152671012324586 0.8542691029554181
1.4057731860829508 0.154458704935078
1.5824460133896723 1.3774177514814219
1.0810985086808567 0.745427888802536
1.8968566376456621 0.4511501966209515
1.1356920433254898 0.7380714735006411
1.3281227532823752 0.8917941282872792
1.3857114874323484 0.13076242905288404
1.4124309724861055 0.9290920944144285
1.5661787314433728 0.23735722981051105
1.9746311928214269 1.9562189960211218
1.1759612107490294 1.1223945948420273
2.0308146645941023 0.5262850384938058
1.347635130633991 0.9752784859887896
1.1312601942707294 0.8938716498304655
1.653425485087527 0.3463875201340555
2.0401523961116883 1.5433754453496982
1.147473024055778 0.8344419708159914
1.9285231073323814 0.5511375532697782
1.2025285362254625 0.9331154128898939
1.5105107974031093 1.425884465632507
1.1707332505290218 0.7739099890633717
1.0688844642243511 0.8525551696679775
1.2845455362944682 0.8433296052609471
1.0987077809770376 0.7805759443289755
1.4663053939970843 0.7619881797849757
1.5869471381637272 0.22009600502185045
1.6668119522894542 0.5357106393477711
1.434301212802186 0.1765507893769901
1.0651068778319435 0.7938466696001822
1.5536861556475206 0.3645766042846915
1.537676374030442 0.6407433429635806
1.4142443431199956 0.20656648156809282
1.7000453334910524 0.6989171576580917
1.5124865956639146 0.25545956313124135
1.1529665404227665 0.9254195377583851
1.801440345999389 0.4119820366377135
1.410495728288483 0.6055625260182191
1.685510201274027 0.32993738087572166
1.4624262862745434 0.6102160697540329
1.818978879602219 0.5296331165048618
0.9966834774926066 0.6870702813526208
1.4611045358380437 0.8228943060812663
1.6325793424579276 0.3082873594909258
1.6658440311783267 0.5119712635731477
1.3087356367032177 0.12837865358030998
1.5746549157647736 0.6142453435420252
1.2455874893751617 0.15617081159696133
1.3923140731500556 0.26643232259117894
1.536066541597704 0.5544247558979714
1.430204455911153 0.18723820498323684
1.681787907137462 0.41068539236929563
1.3675717213447276 0.2270686254926294
1.5850183678718133 0.32261211328003964
1.1421660866661036 0.6974759183080139
1.570233058391853 0.36130602946286156
1.6601080333481013 0.40946645931079256
1.373099454885224 0.5498247628591075
1.4140597024968653 0.09692153263525631
1.569779953295058 0.5182854144142433
1.0448026866581324 0.01875916638428582
1.1495688290180681 0.12759893581801324
1.2739935345612003 0.6414956307038355
1.2589294083720861 0.14690658038973844
1.3195429186882437 0.18277089085602946
1.4860706002870376 0.3317226436702212
1.0498136119752701 0.024476602613647327
1.0303373351970346 0.03247360382157911
1.206641668886418 0.13304619015313235
191.68415014394893 4.8792315121493117E-4
2.04744758298549 1.2360925355141874
1.3439822415792393 0.8784002966531419
1.0794300430955228 0.838268984926476
1.7332357027559813 0.36469408318162383
1.6361227350654637 1.8276188817166967
1.316493332303088 1.054968929202372
1.1080902077419768 1.6620236389166927
1.1815311980252061 0.7794579581008949
2.1768270618963204 1.6305895315392966
1.1809850296481637 1.1511606796740572
1.9776903502011938 0.5368882628423889
1.288821813749114 1.953293892591765
2.074224554757424 1.60243519155012
1.4272218356672182 2.2045722347371033
1.6128701103838368 1.2750542249490333
1.358338478753492 1.8550384123785557
2.0301337589500186 1.633307820567906
1.2782991339856995 1.7933476464353328
1.032731961232969 0.8889458588592292
1.484832833391145 0.7358881573779203
1.6793551406263088 0.3326075174952532
2.063957789020331 1.4272583672347603
1.2748479859780755 1.0434003283268416
1.6910151478143032 1.1731372349582843
1.2334503507509507 0.9994917292047548
1.4641364336531426 0.2598775910167672
2.3453047874398507 1.719292024660297
1.1150800179138132 1.2193376111993919
2.047587282472144 0.528930864977663
1.7365178267237202 1.3344994019850813
1.5434513315893965 1.7089922676394271
1.4967049729672945 1.3272940471597803
1.7053621729367454 1.3651352087414261
1.253737142321906 0.9444779665568106
1.7033378620815889 0.3226557530385831
1.5425840073782189 0.7746052415429168
1.7280949470811011 0.3683748074251655
1.17967060114536 0.8280587449965069
1.9714348349142334 0.4919621761344325
1.4518095465278749 0.7727633326371443
1.6122100029285207 0.3172692279675813
1.1908018781794159 0.9397873982401896
2.122251598631215 0.5826079376139267
1.22296712107438 1.0609201498037264
1.392235836711679 0.9119149270535574
1.563804004517357 0.32128103462424784
1.4132479008156247 0.614540386525148
1.5439022150804498 0.3230598294326128
1.821855561672462 0.4089168126555648
1.1660970311839631 0.7956471915802492
1.7790685316616401 0.44111673891938763
1.946988866274177 0.536231350529603
1.4610202175771652 0.5777415034101832
1.4428649262709103 0.25100018280948855
1.495148197946638 0.30968386067289233
1.695484849684258 0.42666060765647096
1.3712840370071855 0.21003076989412137
1.8046454355323291 1.4728203547582566
1.3294565782627474 0.9634999102815546
1.1188055603394722 0.923584830325116
1.3860985286176708 1.5424418759077507
1.4643508318149416 1.1115431725394387
1.9302515452184428 1.357270574139143
1.1036903756648102 0.9099054137676912
1.5691309436891936 1.7194758350521084
1.4381400251918037 1.197586927754438
1.932319591054613 1.385019530899428
1.194381034659688 1.7473279475014833
1.8175858521689765 1.415092481436101
2.0273273428288063 1.5451000251835654
1.1376849596166587 0.9047667355055502
1.4763504073655038 0.991839531156808
1.3744195265847576 1.12729779583742
1.8104717185494148 1.7179745636410584
1.162040132896604 1.1292323494100136
1.4631474665354947 1.2751988201803306
1.779618118931766 1.3466673453734717
1.1862120448897293 0.9645486339853448
1.254157956217289 0.8421408115019978
1.1555493705682376 1.027725118183506
1.1527457914006214 0.7341232245411683
1.370982383479734 1.467414765585744
1.3539133841843487 0.983580223629413
1.2736877995103564 1.5218545887444423
1.2704084236266024 0.9844022913133423
1.5964835467649987 1.132321372570462
1.1824619159885559 1.577453291257312
1.4829981004264599 1.1178461927932553
1.6468792948867943 1.196713601620787
1.769501345532412 1.076121459169408
1.2004118657227636 0.9657624943795053
1.2723164854491225 1.0010010600071868
1.5323570158457078 1.1267176103908954
1.3189411885762532 0.8600112277744333
1.1912463840331267 1.0979780870264462
1.4757364092426963 0.98721888002476
1.572647217948425 1.039868487728366
1.507569415334225 0.9867520449775158
1.2910868480981954 1.664858625578192
1.6275776301936176 1.7851263590142594
1.173469009923595 0.1428936243529798
1.9007940420525353 0.28963697959213475
1.374056438079618 0.23623996848224937
2.2394704613965666 1.4549806349067094
1.360118297088344 0.9876103274004386
1.9873619808604763 1.611042484830085
1.452562541484763 1.160012616526478
2.0195180407835354 2.77910948110021
1.368724000696804 1.6739965672827921
1.3770451773035124 0.2056296537369452
1.6927949852698467 0.4512675259608003
1.1286366838283128 1.940808467783907
1.8273173317206215 0.6457432341015898
1.9397266721733848 1.3342876789351907
1.68645569474132 1.1180908922741615
1.9877710879002017 1.463665107689151
1.0506679107830146 0.026685570443097446
2.0457242424552673 1.3844768922706163
1.9133498871823216 1.6806427630109453
1.2032732578910246 0.10864745367705439
1.1597575095941977 1.6221326580884976
