1.5293066619779223 3.9182330967099515
0.7119945856910912 3.0587740333718365
0.5665787102590205 1.9841391634119343
0.6942119240166696 1.4706550315034341
401.36112758889794 0.8943492336812056
0.8582666118229876 3.7991191916548406
0.6252685232722824 2.238400199828945
0.6703178462282008 1.5456901952377216
1.027149686165203 1.0007185169479205
1.1475064357276314 5.206280611109012
0.9187433990561749 3.7721488696969243
0.750969753661535 2.557279899005273
0.6524933565603199 1.6188053380346448
1.046699211610713 1.0021583167180066
0.7440328445233486 3.1248207128382166
0.6196994771128346 2.2584576140607853
0.6569189311765097 1.6136412733993877
1.0453170014552846 1.000651370875356
0.641191539617946 2.0500493307150367
0.6615003518875467 1.5486508714566682
1.100693955961925 1.0412839369273856
0.7392126764520228 1.5077653320263018
1.0555793504870266 0.9738089252985839
27603.363240128325 1.0012613565765713
0.8722930288251635 3.7973979003613256
0.7315480745363864 2.13858357644647
0.6265437001376459 1.5243037282096665
1.0058770760227158 0.954765672851877
1.8486233705280848 5.142527892780648
1.2234108566776145 4.14546027921744
0.74493298335536 2.794969017589784
0.8914836744399653 3.9075062055531675
0.7653515443639937 2.85000707400864
1.2595998893570117 2.1832843715497328
0.7914033440244792 2.677559609617066
1.0293224740872768 2.077614796784569
1.1484906225307956 2.0211941054496982
1.2291978314913725 4.9525796164226055
0.8866240489650816 3.87564036408137
0.7088444127062297 2.5232010344329305
0.6217610744783462 1.5924051925323726
1.025585592571612 0.9795053810159411
0.9103568458237367 3.913530086422689
0.7270575918651423 2.8082201647122504
1.466390023386941 2.336182848755951
0.8005343258355702 2.779067841949729
1.6074142765369976 2.2963590513133405
1.1023638232500343 2.098354532981981
0.7425575944283463 3.0975658834897732
0.6407407302664458 2.2342569971795836
0.643672973927494 1.6084037672415936
1.0349957340138467 1.0052041125121924
0.793560729865455 2.6196704942866553
1.4939780262841813 2.2707962206522323
1.3148989610832507 2.2667108152485382
0.6172055169768785 2.0554428958026087
0.6618147167283299 1.544043281175128
1.0602977198305283 0.9932803805463637
1.528661098898532 2.281816750677762
0.7315616637287139 1.5126752085204347
1.0673198906950043 0.9959143887048411
28671.98506900582 1.0015685152290474
0.8754616447405846 3.865763872520033
0.830455945495251 2.5677711082250454
1.135512953301569 1.9433763389734224
1.260050483483456 4.080022370628109
0.7536217531212122 2.836790548027965
0.9997156819245548 2.038583930120299
0.9522722425853571 3.891673064674965
0.7266440807276277 2.7941608626587673
0.9562828560596738 2.110778120509904
0.7380916404978712 2.559426499395795
0.99797146491553 2.046020041333531
1.0624895261287004 1.954687824384897
1.311655013267926 3.961693887393431
0.7424562109357777 2.8554431387964883
1.1247661130854827 2.1591002592371975
1.2488655399353947 4.237784545612264
0.986853503992258 3.5584488355337363
1.5806233235373013 3.6091643052985627
0.877177962174009 3.885001892357306
0.7185045223959775 2.8084582109274185
0.9323845464070695 2.107346671690026
1.3463682682134024 3.5528196884805725
1.7088871583437806 2.969946526003394
1.8373327688332726 2.954439840901726
0.7360923804078533 2.5539821414481487
1.1929343241158359 2.096702913721301
2.1249394050304793 2.940857600543967
1.0483997441661028 1.9321690640276714
0.901657721140152 3.8974177795086113
0.7802272576938104 2.704885102282062
1.0342099733743568 2.024624190800983
0.909131672916829 3.9068719638255685
0.7484970043611285 2.814306493844077
0.9511587936218031 2.098918846721837
0.7417907630885345 2.679360453513228
1.0274380946494017 2.150023617949608
0.9760335832721279 1.9853626553758144
0.9340109404097283 3.932079077851973
0.7412388238622917 2.8576129100227163
0.892865145274335 2.097222727234312
1.0763455962534985 3.390943813042929
2.3575269849877687 2.966392944040294
1.9452008349662548 2.9864859310316936
0.7256227537397744 2.6760854368829348
1.0007687390493294 2.1475379675227577
2.0863155374598357 2.9248104142906324
0.9764999885838243 1.9910664610447881
0.8076888111822504 3.141231377037803
0.852231304635698 2.633981016202016
0.9877475989695403 1.9929517215125412
0.7718237124590355 2.5594855037825863
1.1467363381393825 2.1875049250442515
1.0022215663120442 2.0061864876510898
0.7387121152154582 2.5714234718533513
1.6392718562266078 2.3678864451442068
1.0001115192594092 2.0013577316127824
0.5994312131030441 2.045560490350198
1.028360788387695 1.9107493077086688
1.0669456204277283 1.9258175176612728
0.690082364389604 1.4485627176837585
8334.71671477176 0.930252176946898
0.8789235197570839 3.820260176089897
0.6226618268741437 2.236465221724273
0.6559238732130354 1.552891610250508
1.0090948050039272 0.9595884342207439
1.8669239636048542 5.106255666543206
1.2912084861574349 3.9951209100368414
0.6998867649440058 2.681353949903207
0.6258281724150823 1.6417744718609928
1.003651018634633 0.951200717573306
0.8875525290327152 3.860102480260394
0.7224168561788888 2.7770080977657017
0.6976384636858206 1.7550725900827355
1.0271489130375597 0.953196474324717
0.6506242831213507 2.2920444319130597
0.6871144383876683 1.6921579288052042
1.0504821674650622 0.9880618744974978
0.7331612415495771 1.5938953486916259
1.0558776313450613 1.0092217331086792
1.1263070609456967 1.023058328973453
1.882207276128761 5.109692909755614
1.3696675649690446 3.8989677697413887
0.8109587808387466 2.7862469996063464
0.6259091628557863 1.6334713548910198
1.0165274234879829 0.9548121952808208
1.0869966391346575 4.7758034020929605
0.7486189658964404 3.0812270513493907
0.8137590630153304 2.83167050291676
1.3844798858834242 2.4993034728212393
1.4553167211201905 2.258639983631714
0.8999330989481931 3.9171126836321117
0.6695685576166102 2.711372388409709
0.6223308646587483 1.713587725245223
1.0167669091402494 0.9553560765252284
0.7555918289598635 2.8230389296860876
1.6080199288847927 2.1326447297635807
0.6081056769980907 2.2741820315625083
0.6572923858099413 1.6841773127755206
1.0368987140939978 0.9700105417623235
1.5535054282260186 2.411100849543142
0.677490084977428 1.569415197232163
1.0542213010105292 0.9791948041341686
1.1334504601539201 1.0515770003839395
1.2641942655371068 4.087516882947589
0.745582475800341 2.8392806571827216
1.15336912175874 2.18284681454677
1.3414996591944452 3.934955454185719
0.7988674020324371 3.0867104288052456
1.600114164813236 2.3974000690221926
0.7743161527226523 2.838973100119693
1.022856761422544 2.0542596964690447
1.3217477086266616 4.062505799457888
0.7438298107063379 3.120102198404483
1.0601763038176149 3.57252309562618
0.7499249728886281 2.801023707268884
1.6173176863902832 2.1307904236565154
1.174683238674778 2.2003009934912727
0.9942891031241985 3.8225496377655266
0.7399369505891124 2.8607453481574683
1.2187043611709265 2.1436228796919554
0.7395834387177893 2.831254248712404
0.9509526099981317 2.110482331212716
0.746891977262276 2.8354561853692126
1.0770650179908903 2.2610159336584466
1.2855647304615219 2.1038713418824337
0.6708415483471986 2.274977409011332
1.5670610119317963 2.3073933253029755
1.263519401148702 2.128292975282439
1.5707427810541956 2.187463250149754
0.6842391898488236 1.537987020211839
1.0456005346153603 0.948019051406389
1.2779562481468334 4.967121207841128
0.9905488519556155 3.787518064756381
0.6377504863851973 2.4367613361019034
0.6320402120574214 1.6062636604857707
1.0194266722307275 0.9739958229844963
0.869943642796845 3.8337086511141445
0.8589065648030156 2.904184404232942
0.6246467110108567 1.692340569831261
1.0298608607882214 1.0145225241743518
0.6858578220542658 2.506850020620204
0.6529314054298946 1.7268817392321927
1.066004812117815 1.0018066623692834
0.6819770926501291 1.6557606091387913
1.0629630023641647 1.013519120012634
1.1254551440833813 1.0661237391509575
0.9025134613879624 3.858580831123959
0.6850434622029239 2.6594532651030436
0.5996972891300419 1.7090012718558518
1.026216900138428 0.973974080335031
0.7778651634084401 2.8421443100494765
0.6711700191366523 2.4696288847548793
0.6270732680100164 1.71379820338491
1.0403459305292462 0.9819736031733521
1.3367856938009521 2.1945474341116116
0.7560463444096965 1.6577841541743568
1.0914467303156503 0.9974114203007387
1.1377854998547678 1.0701022986430895
1.2824808933355172 3.0953125845464657
0.7291177266315865 2.818526425292621
0.7595577096807233 2.8208314823507186
1.1350055392250216 2.165600928064509
0.715057703085784 2.7946119951985393
1.230905538214031 2.2127735879259696
1.0559800428157 2.1554798852932375
0.7547388224500644 2.367376493960937
0.9716514655102388 2.155390266067323
1.5761222617665451 2.5610298379251617
0.646220888692216 1.6107133697156701
1.0475586364279557 0.9504740413811065
0.7403686757890631 3.09043960420081
0.6241988847375702 2.27765350126432
0.6410038577183049 1.610727943911738
1.0274053689429299 0.977796480241387
0.6297415257739039 2.2869703778952992
0.6246231288497536 1.6485874621131913
1.0266661199497975 0.96140287427833
0.7188026957351311 1.6541107901076761
1.0692212804901324 0.9945951862895084
1.1277432731098709 1.0195570223756165
0.6759101502651368 2.351844427984952
0.626092357995364 1.65767012275289
1.0354927286445577 0.9743176177823912
0.723870071600925 1.6631788387249744
1.0523996217358915 0.957172721636349
1.1306316819578306 1.037714374470528
0.6247827341565945 2.316047874418617
1.3550758450388667 2.148836803645459
1.260764634297506 2.1260250643729
1.2113697816248936 2.144883782129118
0.6671943907972511 1.607349704207148
1.0526747188014869 0.9735994302725477
0.5992968043409158 2.032236105710038
0.6512040756805567 1.550881483359332
1.056393886946409 0.9757350258383253
0.7093453458608553 1.5623062911481032
1.0444049644368736 0.985713217629347
1.123043216038638 1.0219961166724096
0.68517067730021 1.5782493539948292
1.0434419262417716 0.949157440367107
1.1270528590613418 1.0518989145814148
0.6532370025364752 1.544514398661797
1.0499935256481172 0.9385488318655857
0.6942153288411735 1.458268787393867
1.0424612810583007 0.9679460345203937
1.1182070744073425 1.00726973997843
1.1201637132379223 1.011713668335908
1.0667913749779516 1.0092572921304235
12535.16154216955 0.9317638164406804
1.057400413312043 1.9410646196380554
0.8267722662830715 2.952240994054945
1.2696515550126843 4.0965333655390435
1.4174843891939355 2.3404810476163496
0.9783868831450901 2.467780146835826
1.070085726587129 0.9349315075834189
0.744455070843069 3.1280803473636296
1.9381763141835529 3.0134870571988435
1.29468470282629 1.2334127144352116
1.2649823734749226 1.094517499313364
0.7273470741500855 1.6368442515244086
1.5775845937688997 4.442552824279615
0.7443408972014045 2.841176771860134
0.9144137737043939 2.892397946521638
0.6212917648634033 2.256498721987631
0.6798851449477928 2.482007766333094
1.05995391215702 2.1574422447895083
1.6230402469369496 2.1344684347428564
1.0595822580028085 0.965833802160813
1.067982626296569 1.9256978236650695
1.1866115945901998 2.166171239668661
1.306335617569297 2.8494530887472758
0.9322297943984312 1.5770072515218794
0.7860742551892045 1.6589680664067257
0.8349446808072584 2.6463273897923925
0.8673321895160492 2.6411623468379575
1.378454318218806 1.058528773582343
0.7570176064550213 2.8232841304866896
1.4027604152329896 2.938140870829856
1.2829882433472761 2.5291133074451375
0.965049917539758 2.114310117171458
1.3613538335594833 2.1892010461946754
0.9791425708867599 2.003453106759845
1.2633404693220613 4.079678466189536
0.9197714540764168 3.8961782117781514
1.2117057245655427 2.141193517546813
1.2723772618650144 1.3891964972367954
1.446397977549271 1.3689660906371333
1.6291949741615381 2.2748152468146885
1.064975957546016 0.9900232268201443
0.8812905387519256 3.8827853044841945
0.7607318549476332 2.3662253073516712
1.1358484567524192 2.764814535721879
1.87070087065751 2.1962684606954213
1.5992569401782626 3.562534402270405
1.5944434765635735 2.6707993842297952
1.2674579771496708 1.0120442410634665
1.5459003268058917 1.2324237050085707
0.6893386957668013 2.2450824800351703
0.7562035968842817 1.6617124234390361
0.7927837193706385 2.830969386734008
1.1473810692477477 1.169640048733096
0.839289418397093 1.8137982134538866
1.7629577536883947 2.491202792804556
1.0769165724960894 3.841167133189036
0.9228917368397651 1.6562902711085636
0.9250613304997732 2.7174688359651364
1.20387055706632 2.754285753534802
1.1708352611257666 3.788367235032535
0.9981000899378509 2.7776435425034784
1.0201885243384732 0.9583293563612676
0.6764311927493818 2.354046004000505
2.038285057840313 3.0950221296060008
1.1343265285196589 1.0464729485134079
1.3009507739911053 3.0000276940620463
0.7173016919023641 1.682756667606829
1.5624771717176174 2.5051110892280075
0.7424589055957374 2.5623246045054264
0.9572812745036128 3.9372516590779787
1.1759566868203148 1.1072703106090491
0.9032649556667147 3.9271610530667216
1.2079963277197752 0.9666335144153835
34855.291403757925 1.0285423438127101
0.7112080918222667 2.681315519529281
0.8939335854518564 1.6858316027766225
1.7170204402025204 2.248508109313864
1.475031936816422 2.2881014239976043
1.0517590824895524 0.9847037279203559
1.3334594813491574 1.8956837083024958
1.0883569713678882 3.803786524844896
0.8220989327941084 1.5164722511144693
0.6496992826308771 2.438687092496591
1.2247642186314418 1.1329701544902493
1.305501325082531 2.1879196344679226
1.3074747850946098 3.2362913789476897
0.585358757827667 1.9637725574635383
1.5939937689123533 2.400698892302251
1.1632927323192428 2.1981069088703418
1.1032492702763979 2.598130835661764
0.9093628867568665 3.7967000367949235
0.865102429912377 3.7942502574112864
0.9834514103064365 2.174962723266485
0.7471337168462482 2.792339842457883
1.0500079589999418 0.9770766677037249
0.80733805897931 1.6754689127991167
1.578731937617926 2.4249621740608496
1.4725738361076122 2.585619442355998
1.1332822580196524 1.046465522064313
1.094857760635699 4.7789529667279425
1.4671401851216683 2.335211178593237
0.7731524992984607 2.562008207112836
1.1217075792437117 1.0993011412270615
1.0678449988079193 1.015779333334048
1.0294113806215703 2.1525686857369903
0.644382131134893 1.6972129674049083
1.1554027992769664 3.690136041439306
0.6002907046590731 2.0315711208484455
0.6581009046309741 1.5554578019811234
1.1904238050241147 1.0623056564035516
1.394470349946149 1.1094829805272142
1.118301841857944 1.1132654391724528
1.076729067659399 2.0739947719636014
1.135601998528504 1.9725287216380447
0.933067492357285 2.6709875515162835
0.882600845661522 1.6425671358499214
1.5920843686161688 2.509896458182225
1.097140241827797 0.9947023189134643
1.294315489588553 2.7740960975361997
1.1477159774901375 1.0701682217810187
1.6221124616771183 2.5582348261905365
1.5231480263309718 3.7939635747786333
0.7631761092467398 2.8597726866504414
0.6908053397273948 1.9586302342979618
1.0549960621417764 0.9905350322866726
0.7893419420459242 3.0895055010261223
0.6578052397214412 2.268132514662835
0.7145648607276708 1.677135567238002
1.2308779902326226 1.0529034127800527
1.2441581815742189 4.14436979549725
1.3660732818322945 2.20470814439332
1.7103611705469128 3.61155919913255
1.1497482588131498 2.026572074964366
1.0566444909464479 1.0102231009059823
1.3105724598284638 2.527667535995449
1.429975621729032 2.2548497593369814
0.9564304946627677 3.9066741480377734
1.3380946221051897 2.996110870316203
1.0549808613547722 0.9684265650054497
0.6821075354259923 1.6560354480375818
1.067704312615214 2.834714285189947
1.6064333264900168 4.866726270736284
0.8959319874070787 2.9746537474804358
1.0855986867773737 2.2750363240388873
1.1196604040505547 3.8175933807032205
0.6818935399716769 1.6841643830812418
1.7070083368840596 2.422150797175069
1.1268386344413936 2.821090375420373
0.8988425201426129 2.277581542839093
1.0767594805235938 1.0088722990153587
1.0919370827969392 1.937152992275612
0.7024205405707296 1.7262179007846334
0.6881687477844715 1.6082044937413593
0.6920736690743448 1.671751538624169
0.7419323097582989 2.734225507989036
1.87986275320574 3.806220870132613
0.6275392613115233 1.63707772427595
1.5861397691459755 3.9818228650743563
0.785778611204683 2.846062323833407
0.80778680634971 1.5745231529299386
1.5104771640193773 2.1583526022269375
0.6323979737754165 1.6086736758311484
1.3188763821066658 2.6335916752502078
1.027549363821507 0.9487877812193787
1.1576498471630599 1.3448041898134047
1.299150272164165 3.9824304050880848
1.3413638311412546 1.3600727307799974
1.4266236906202046 4.9169822480307825
1.0681727949645299 1.0264628584968125
9656.517844357666 0.9359563047182327
1.0897046300880375 1.0439660472396424
0.7918715017594022 2.6829528868131947
1.4778635620800182 2.521606070434507
0.6937023455432652 1.4809710796093831
1.5324626751661783 2.2698351451830407
1.0334321406125786 2.0654795725158195
1.1226291169765337 2.1037412466050824
0.6186503783778271 2.0651726804648147
1.4053184049089884 4.747554078322568
1.176771318565748 1.1637151156286134
0.7421196317751565 1.5123033569031656
0.7642985595827213 2.8576558851364844
1.0900446168802718 0.9396967075336506
0.7913528271119035 2.7432884712598007
1.005441639954232 0.9630318714500397
1.3321087268338867 2.9771471724941865
0.6635898347628818 1.5628195179577622
0.8848620741070242 3.853322865536023
1.0511197976192812 1.0252521960226395
1.2957699360035462 2.166292635196531
1.40343234151484 4.243115512007904
1.1263316189240005 1.0255793195976706
