1.1824641580284077 1.4715745832593545
1.0908435878984306 0.5618345322479843
280.6682904026365 0.0011611136021766888
1.2499125746086304 1.853844024206732
1.0662095357487853 0.7287368823223281
1.1559836737299631 0.03910584710034179
2.3475592793719198 2.935356936649242
1.625664491389227 1.777207859101825
1.363917052135942 0.7632426655893786
1.5784651483530716 0.24531217413111914
1.5599270219820491 3.0091135555498147
1.3956545799702573 1.65184194635433
1.0944181542420575 0.8668175575141698
1.0875650792210878 1.4552836633184778
1.3831529618505636 0.9575676300999745
1.8990677282330373 1.4903052540343706
1.0625229043752034 0.7076210055346797
1.256651867343686 0.08706102863014803
1.905463067638249 1.9692850218062037
1.0876227783376506 0.9014844011701626
1.6698047285198931 0.26382981275797107
1.3635580306887578 2.2835644029604576
1.4977943808709777 1.27043045548147
1.3360613393290302 1.6880503314734638
1.9308336105499948 1.3282497683801424
1.3875262752820574 2.0238338375512344
1.0585394981624845 0.8081517052195752
1.4334476266782736 2.2900809002137477
1.0781888220577307 0.9618877476054722
1.241051307244854 2.0179825409869667
1.3556808705983157 1.1857507779754612
1.8410291832141683 1.2935735501872878
1.7963383347082706 2.49331156066839
1.140179247764734 1.7936097647929905
1.1219096489917835 0.8652272460285713
1.188461122010502 1.8679863284392901
1.210749770435047 1.0152016399863222
1.4949172553728987 1.1100633205325419
1.0938987159342326 1.462078872880964
1.40743828870302 0.969199910700703
1.4846933034897458 1.0153902643960175
1.683875199106085 1.0176471866133903
1.6456276132308547 1.6382151558205154
1.513616404368315 0.8660867744560277
1.1622379939260163 0.8309095130214164
1.6194055003624732 0.1716570966304457
1.3307473007364483 0.8900684751125565
1.388751205748942 0.13585255055938386
2.0291093243886182 1.3295327709050804
1.212847751413512 0.8254685276659127
1.01979432946445 0.7128998298776281
1.28332904544974 0.7762173131080433
1.4915402779495666 0.15492763415157162
1.2105030457875119 1.1216344758946573
1.564582560672672 0.19368983028443193
1.192794502649152 1.0068145052295316
1.9412246674697722 0.5281897606376975
1.1670852709766066 0.981430563126117
1.3978252598908587 0.7145849913516422
1.6497431090348016 0.3045012462080184
1.4198934095423714 0.8340440927058865
1.8884377605471903 0.510526257130328
1.11013989500562 0.9279971739280792
1.6436664293744503 1.619634340918622
1.070378786320028 0.8455281244338902
1.0323098693982766 0.8811940073784382
1.194080386613089 0.8372096593106795
1.0313729607728204 0.815188244903507
1.5394511259696977 0.7220410780062838
1.607073608144871 0.27296774871119855
1.648659766368554 0.5906406887545188
1.2715455679961958 0.16643691097993824
1.140654233753343 0.7977255159776664
1.5029289809024173 0.3233071522974716
1.6371927020684163 0.6887380777319515
1.3774684322648962 0.18732805756775828
1.511747917703859 0.8388711815980129
1.409482301654307 0.23383230674543032
1.317341614491117 0.8071269642195936
1.649526975102066 0.40830210938275463
1.2625855807946604 0.8024979706225205
1.5765385306500022 0.3474232253980393
1.1664806245590382 0.9117829435365792
1.7273599399892707 0.4718485684898097
1.9422211397408708 0.5924769863150996
1.030639650367713 0.7957523571936376
1.5677903668446094 0.6857309837483847
1.5329011266037618 0.31961802099128367
1.6081238498568569 0.49587927751090444
1.196950401220905 0.13478090773283508
1.378310042994745 0.6829170514077753
1.151022011347771 0.11764535769917424
1.3173393180712958 0.2331638464083937
1.5125374663726348 0.7101708705722047
1.2335074800068095 0.1466265955444327
1.452201100955397 0.7116062555059255
1.275469937890124 0.20386724946576684
1.4400798335325313 0.30751303911038513
1.0907239281199212 0.7324553477055987
1.4927190979263711 0.3226217995874688
1.5549029658063558 0.37681029575391606
1.7519618541652222 0.4964370043175489
1.4628071851973037 0.4364746170752656
1.160027452124675 0.12552120682401294
1.426298484334287 0.5011890356684425
0.9776414303582708 0.026783144659377506
1.0684461906079599 0.08003408918873549
1.2433180926073617 0.5558529602637098
1.1550277274089233 0.12395804335792697
1.201087008256005 0.1691654209381721
1.3855470277219595 0.27892384833053496
1.1271352784477058 0.5624035350727445
0.9800941773025287 0.025589983904165777
0.9477728092918682 0.01689709866134994
1.1185838022414158 0.11912338712007887
329.26378689244603 7.224263578276365E-4
1.9315264282380231 1.4118107466110343
1.3614429286317113 0.9007564380016292
1.060696575277402 0.9214439716160143
1.8011609086127982 0.3776816755997349
2.01760660587889 1.7187378623619247
1.1322130005203135 1.0435151683270005
1.37747025228308 1.6108434484292422
2.110933046029089 1.5592418709113218
1.3156309348321864 0.7617310336743635
1.722516053695932 0.3636931346639334
2.5934890369026724 1.9500672344700523
1.0790325710857118 1.0761473664835761
1.9642552369762063 0.4863588695202996
1.4322309703022555 2.3270682711471906
1.9060891803703774 1.6075682470109471
1.8699224079708059 1.826745473813455
1.4920795974569185 1.2303883878681328
1.6781508898809807 1.8502591036482088
1.8463059307277434 1.5941794626237005
1.1277550633668019 1.8003824870712986
1.1208841123591982 0.8310572446097906
1.8802237758440155 0.4070103262437939
1.2317758991150343 1.066986081301088
1.747413727719859 0.31297437390104965
2.3642446348963455 1.4800393428383298
1.0523141857916165 1.0744309420022944
2.0056068143107284 0.5542241901388536
1.5437369319711118 1.174301113950752
1.40879582981401 0.8705247102198665
1.5053406820174895 0.24426189871251824
2.57799146619966 1.9247734343569234
1.128965149744084 1.2411912430903984
1.994734610829366 0.4837043519335201
1.4994290668017698 1.367317739677736
2.1881043892314604 1.3756595940348508
1.2890588444810245 1.2024978243066409
1.5353450394273247 1.3605511323627022
1.8542257840734746 1.3152517278237434
1.2366673103458736 1.0503517972659022
1.683389326427546 0.3604600272515718
1.3920279126422817 0.9894994836322588
1.620568093101485 0.3549420908710924
1.1005418082338747 0.9164783993388312
1.879331777364102 0.5052752836887832
1.2372454932387735 0.9582994751350206
1.575481371703571 0.30847918158497695
1.2922900939656434 0.8552201061968132
2.0185884707095565 0.5743704049152228
1.079815484508067 0.9688790167957206
1.072225525301334 0.8266431845351453
1.5104408842051331 0.32040367790777624
1.4171610604868117 0.6266926265824582
1.4758621121555486 0.28712982057220426
1.6762206786296185 0.42463715824748405
1.0021687705432287 0.8698927143948216
1.6859803443022447 0.42286715915338663
1.8195570399817136 0.5100994960304476
1.1236335072965808 0.7262766400662591
1.3813032498803703 0.24760614913161436
1.4110095361237027 0.27619476836344453
1.5887763144746465 0.3812836666166412
1.299202704344797 0.2112913183365146
1.8488578033136331 1.4675011170015386
1.2862915065427187 0.9843438596220334
2.0390492836192715 1.5342215608837924
1.1171252660616622 0.9280099215578097
1.8496808398144302 1.2837539560508926
1.3063113221495697 1.1441627751401349
1.8460826032225368 1.3535547038925673
1.9280445635713468 1.6360848335355858
1.0109923518988215 0.927505933302701
1.8156073956912286 1.704247121976554
1.2798761132246668 1.2124441200500093
1.8076251385662894 1.456648047657659
1.2291403627151882 1.9728183053277262
1.7075335463408403 1.3784455521737173
1.8826530047668952 1.47534371797871
1.0768743242283911 0.9680357519567431
2.098468962066219 1.4305382108518154
1.11371717575518 0.9832916292892557
1.2615883357404525 1.1134220759670983
1.8469944100610165 1.6534829318815278
1.0499711203267246 1.074139196744781
1.272839977486883 1.2228718959291203
1.6577933265980735 1.326997256046066
1.0051862163939331 0.8871331516797489
1.0050990239479236 0.8979092455134936
2.1003024311492213 0.7294685479919345
1.0959756992936962 1.0027272283047868
1.0047083392904697 0.7280748828596062
1.2826012654293777 1.5678398468963466
1.2962293386431494 0.9972190529421809
1.4060202819594543 1.4892667499855765
1.2063850988484581 0.9677051623329848
1.5080385669590357 1.1167398384260228
1.0884333064654863 1.7365779641265242
1.4382225374461557 1.1085204420318313
1.5790245302269592 1.1974635061539445
1.1954989779370382 0.9560261408730596
1.2165519074325224 0.9954601365567095
1.4501595785525405 1.123203651840882
1.1147894067139341 0.8806246627861316
1.0068622055116998 1.3606003253903383
1.4664703857446142 0.9892448670053519
1.5055448229111859 1.0200363762007845
1.6953500549454352 1.1225903712270497
1.4310116432016686 0.9762076168549605
1.6614748555532939 0.9999585301054983
1.1968545534251969 1.4607188534759872
1.0937656967767186 0.5619915128158595
384.56207335850297 0.0015714836469735705
1.288552762394275 1.8415308241599817
1.0877620619252395 0.7093959566706779
1.1564687014280908 0.03942347456318156
2.348108107630033 2.9300435550459425
1.646780306723583 2.3821717832781224
1.3779522367969248 0.7448695456406507
1.5787790169704043 0.24514777779708943
1.5684076327926622 3.0867216842782876
1.4072052467270606 1.6431869466994677
1.0967441650156935 0.847555726504624
1.163811124921644 1.3905106349321568
1.3847398476002497 0.946766674592342
1.9094494845603391 1.4556637074806107
1.0756692579632 0.6974628941105716
1.2571896039475094 0.08746407122422878
1.9061691850561362 1.9722609343453172
1.0904086203590475 0.8935380079475542
1.6699969294072734 0.2657777809420189
1.3637222031734213 2.287342365625208
1.5066108278823513 1.2681849111834487
1.395124667052968 1.6600836122399407
1.9334603071000758 1.3303012955443967
1.453905573697702 1.9638795154898816
1.0599969837914502 0.8077018078550808
1.4409303715094164 2.2965083718096397
1.082150614099831 0.9885724590191984
1.2699898393764188 1.9828949321361022
1.3564527375534294 1.1784643782186799
1.8426387549520276 1.2955665330666755
1.7968773399599764 2.4898905674627105
1.1623259143378972 1.7694971507434023
1.1294839579073848 0.8683736094315859
1.1996857701726373 1.8780421580945401
1.2203656519539734 1.0111311185353682
1.4955555395148878 1.1099960172829595
1.0980866792990138 1.461189919010084
1.4094183046266697 0.9704432330933124
1.4854109716389396 1.0014325357776674
1.6971302666740817 1.0277043875845435
1.6478230152829871 1.5835301670195974
1.5136897797974025 0.8645803208692713
1.196731764012543 0.8001424925904446
1.6377023320935096 0.11054977478221148
1.3432327872974175 0.8886373962509664
1.3899677271136777 0.13566358237801832
2.0297876417498655 1.3024144073730928
1.2512691395520268 0.7502811676011658
1.020178900463002 0.7011625188907287
1.2990154801704121 0.7573604050088862
1.4917801678825393 0.15641201917280256
1.2165014428381933 1.1121735782263067
1.5660009496781409 0.18906542770397095
1.1941620639624693 1.0033035297009167
1.9412449041547857 0.5282058226399935
1.1677459874908123 0.9818027143856667
1.4051046840152948 0.7137533636088849
1.6497540475189674 0.304520102235514
1.4300310628023727 0.8365501521994311
1.8886774433119813 0.5261415370509035
1.1226476587494936 0.9570430765023017
1.672447408547062 1.6133274925416856
1.0722613469087896 0.8416279224462477
1.0357757434232964 0.8604405389182486
1.194822683691303 0.8372182493697368
1.0695847128953844 0.8209454916892294
1.6576689710662151 0.6848303882729221
1.6071667080760295 0.2700176062778801
1.675346066355828 0.5546800480651968
1.273190521095642 0.16610265309051375
1.1966209487140667 0.7260224430972733
1.513348038630587 0.32319866514551604
1.6379914848716046 0.6879921481170884
1.3775258767232077 0.18929947282270432
1.7453727219137525 0.6498677925638181
1.4104697833261939 0.2340296246322262
1.3216735368076367 0.8239498299345707
1.6509430404847405 0.41004382191850863
1.4062444373124385 0.7397040342142234
1.5782800343182974 0.35131447439963503
1.2047589414446598 0.897547752711444
1.7273599399892707 0.4718485684898097
1.9446970581474146 0.6160219000044683
1.0992535745726064 0.7070727489765372
1.598064589695492 0.6461990232820112
1.533002090975804 0.31896019731515707
1.6636819803016634 0.4513464621002297
1.199518174177417 0.13691308045903178
1.4660744007699404 0.5900977505462981
1.1695172297856036 0.12758963502342685
1.3208953738572609 0.22731650283552887
1.5495639817502687 0.683025947850751
1.239179022780629 0.14275406343714864
1.4937525289678952 0.5781754816083576
1.27682610923164 0.20638849490082373
1.4414703081305136 0.30775376703938456
1.1193243098725025 0.7991985225340905
1.494029659512199 0.3233192175477419
1.5551003943362756 0.37675638969403963
1.7589773875864723 0.5032422321053575
1.4715349979571992 0.431523649704565
1.1602986984486592 0.12673425284783443
1.4375628104938056 0.5059537721788812
0.9801060057564638 0.025164795504643775
1.0684914897353974 0.08027097296441241
1.3113171812258988 0.5101465588033757
1.1566594388405806 0.13548616731546914
1.2014674154982412 0.16990962482946642
1.385892752701333 0.2789526305869626
1.1315482650252728 0.5567828682336937
0.9894844449277612 0.020123619882361592
0.9647484674935851 0.01889671793021576
1.1197749397676635 0.11984644516170441
332.8483584259745 7.204921490914927E-4
1.9751867172239947 1.388150068658403
1.3620454085373657 0.8954974928828974
1.124927129577476 0.8263153317977422
1.8013143479034222 0.37809268287017983
2.1315181255528666 1.5482159830205553
1.170373057677927 1.0303543091974188
1.3835242380669013 1.606751541826232
2.1409715581125504 1.5745100290441563
1.3215510377075441 0.7618215482615958
1.7227219848750475 0.36367796990084306
2.668187233124023 2.066259556645838
1.0827586694017546 1.072595771219358
1.9649123901075476 0.4887311748944011
1.4330273477297708 2.326996808622488
1.91052187225391 1.6011809502487284
1.873824088218895 1.8112844182116032
1.493234807859575 1.228397956977785
1.6792986436320851 1.8463627129719213
1.8552837111167002 1.5872201485118167
1.1309833953496464 1.7801351987275171
1.1223868052386756 0.8301394285687529
1.88050373130196 0.407813909923327
1.2322248470894963 1.053065170521307
1.7545878289413377 0.3136241591393233
2.3750689744420375 1.452387986723561
1.0690400582238302 1.065141686472465
2.008237344491718 0.5505692343752857
1.5470684020349375 1.1508057955748066
1.4299088117232297 0.8214128142061663
1.5054887162066986 0.24426152529693684
2.609575535782178 1.7000363387565094
1.2025787773441499 1.1544788390988905
1.999169963692264 0.4891515425494738
1.4999539968089586 1.363500168734053
2.253099496409556 1.3519545576999126
1.2923668483048056 1.2123058493699628
1.5385353212031148 1.3537310742311206
1.8582222720080166 1.3063205038319516
1.2384604875524943 0.966978351510838
1.6835135244110055 0.3595438939343163
1.6394634760784932 0.8891572953721085
1.6290186820336645 0.3254053539158882
1.1367196990436312 0.9330184072046654
1.8817488854810236 0.4892467442096471
1.27612868997172 0.9065268909998674
1.5756866433195196 0.3163254955978422
1.3268181377315846 0.845660885671524
2.0205909219107943 0.5582909157017986
1.0847760596581457 0.9661093548638493
1.1365709285271606 0.793758247134593
1.5105091416763885 0.3196139337039645
1.4458899445409406 0.5492856096202168
1.475960242895911 0.2871765162399982
1.6767831753609106 0.4261374601616546
1.0256094552176411 0.8468341536648798
1.6859921924093295 0.419391306028939
1.8223317544579607 0.48648200968528577
1.21398057702784 0.6913122329414367
1.3859985362343195 0.24693113466080255
1.4114540841011918 0.27830106274749866
1.589633131059171 0.3769284391997691
1.3011023243870243 0.20691890007170843
1.9113164089252244 1.4279803514235065
1.2891943766415568 0.9876291021020293
2.0478243237405582 1.5204942679946651
1.1438466417017592 0.9253406669252442
1.9160572262528124 1.2324061500883565
1.3085324470917012 1.1444139502725765
1.8481176100632353 1.350301053466768
1.9353284337406658 1.6239947610998295
1.0449640207548763 0.9196887640644257
1.9767298973864578 1.4136172456382523
1.2840798367479174 1.2056594109433811
1.8148600332692104 1.449201665041738
1.2387435274406184 1.9507714291522218
1.724449224239264 1.3882163961358436
1.8916528890153967 1.4723089534364506
1.1195405112956631 0.972020310227142
2.134724890580171 1.5415639364067917
1.179612897333773 1.0130978433222426
1.2643953315025043 1.1123822664440195
1.9099856195917995 1.5414259582799943
1.0572968042836888 1.0673218549988706
1.2756812603976062 1.2249345739604383
1.6634419871891712 1.3388074516318198
1.0304102625933353 0.8880409701951639
1.0423288544736753 0.8895193098639607
2.101631705768032 0.7304552463774158
1.1006981525520663 1.0061921082003389
1.0122946479683257 0.7243639565062954
1.3015802814268442 1.5522596771612938
1.297851255523187 0.9977211343918704
1.4084054245108275 1.487008563874677
1.218832801163402 0.9674098599691664
1.5160069315788482 1.1206425983181723
1.0911561523908364 1.7431196557261392
1.4409141436453283 1.0989767707771154
1.5800932622788304 1.1971346252566961
1.1971433113177699 0.9551398306985305
1.2169658222613058 0.9950449751757315
1.4512511402654789 1.1250430174043167
1.1277055749576164 0.8803121183289953
1.0257413182430508 1.3157674117884206
1.4664717858069916 0.9892449338307314
1.523811560111123 1.024730464623861
1.8042188049655339 1.1113088825721744
1.4312251243018692 0.9764013504154858
1.4511759209570467 1.0968010211261556
1.279509894033581 1.1225584828710926
1.7464124241027377 0.4684767035449189
1.1364118591348178 0.7307009148071779
1.5520166066974674 0.8778822676414411
1.174271633177825 0.14511477365256473
1.5536144792555842 0.3695385469940354
2.2274433197775716 0.8257958184424816
1.8288502359588752 1.2048674270408124
1.1626083649721777 0.8670715571875315
1.7203554005966921 1.7074825168069747
1.9064391919754207 1.6387355627213571
1.0977212205891864 0.8446743005927791
1.5808498172655985 0.835409445537487
2.5347525922126564 0.6653578795381885
