1.2008952752106654 1.4225193096260442
1.1293354807633675 0.5756297993356527
48.730603739331556 8.461006641881097E-4
1.2091385858687393 1.8861118745558942
1.0470274870381904 0.7318600403145785
1.1529223547772554 0.03772658093055173
2.4292755931152143 3.002917999143218
1.357780977607474 1.9677467672150817
1.1090495726273206 0.8438927960804179
1.5854477698116525 0.27501913522955845
1.4295382446095126 2.9703971203550372
1.248187741340406 1.8657448381955528
1.1279688939843444 0.8627892221986166
1.1191843845840597 1.4533081053434866
1.4219525347139836 0.9222588634201537
1.6421513745157874 0.9319696283316887
1.0393320073929886 0.7237535643926362
1.255835936605319 0.10235646012479271
1.9191870879976491 1.912694617631453
1.1754495124051436 0.8474901392010206
1.6888845535240498 0.26103917533363513
2.6094407705562634 2.8330399470639116
1.3311582728441755 2.3498090044421827
1.4283434990525712 1.164316659120532
1.274305637191971 1.7657041190796865
1.9695642647804423 1.3302381327827875
1.521316142263539 1.8057937306042509
1.0979148220364372 0.8365085910444503
1.731835268320891 0.3550364839307108
1.4501931641723917 2.264555127639954
1.1446984779139522 0.9560332119552053
2.295438519724925 0.48912350524471904
1.2703017644517156 2.0444588106737074
1.3774279638177143 1.1742254879543021
1.8829950966652098 1.2939262333193526
1.8138779243805923 2.5133055265969513
1.2432876445126537 1.8329298322569196
1.1221229793357135 0.8653199839978957
1.230962566124791 1.8269368550337834
1.2376423706161128 1.003531449844492
1.5228057947991342 1.118381911929509
1.121231379691275 1.458005774925145
1.4525831792679982 0.9724953557805628
1.5396582679681263 1.0052712117953846
1.6995197719197566 0.9925291734239422
1.6177214700755376 1.6783312568928679
1.5504545798238705 0.858696199247898
1.1054606634183892 0.846816037004565
1.6619206201662227 0.20354738934314184
1.3835746566210902 0.8236415300853803
1.4224415213789423 0.16082511421138224
2.1930708676656323 1.7760929887030281
1.1249297062912764 0.8442913937197782
1.753010923573759 0.4221922551632691
1.0214971627115292 0.7109856758391353
1.2108452104161311 0.8013527124528046
1.518650969576604 0.1695425515706459
1.362872850778586 1.03653411712091
1.5932574861675335 0.25879248764717305
1.3311211997956003 1.0530194606502539
1.9849895333973853 0.4712284093106627
1.2116301640634752 0.9936498208853822
1.3453761125904193 0.8619260704396885
1.6877798525572998 0.2991157810327646
1.3814171226081569 0.9175705650967931
1.9277835713350968 0.532742565855123
1.042388793137851 0.9481535495924371
1.7477823172609428 1.4966649006291268
1.091299205103117 0.8102147752410097
1.0016056199297216 0.8519601793167781
1.2308689279245784 0.8407880342370364
1.0860457182436785 0.7715901145282325
1.4683828590068413 0.7193556025993262
1.6670513561980795 0.2814671431740992
1.9539517319549233 0.37188061120209287
1.2867940679987042 0.15818413093663464
1.2587200560823568 0.6829102638795138
1.5401747425965082 0.3371595197132622
1.5935641282480075 0.6755816868332492
1.4204091065760807 0.21806262620653433
1.674207156053957 0.7505085293287573
1.4551415722484475 0.2239396654704407
1.3347314421558105 0.7930806813903195
1.6884512563218328 0.41035947574923165
1.411302472250437 0.7611977512624841
1.6247782798173496 0.32679654993605345
1.2575773184856898 0.9295639720392832
1.7827289660658376 0.4831771346345813
1.9819955209443885 0.5964429618232627
1.0847741427909967 0.7754044429327156
1.335427848816523 0.6321202242913402
1.5779294786517233 0.29957140522958214
1.881461874764728 0.3713334455538469
1.2370464527502627 0.14487770382070586
1.218651191533959 0.8359808932326713
1.1516395492092326 0.10407072028735172
1.3526799402422054 0.23186539184780783
1.6791640281155442 0.5089743337912553
1.2629075149054705 0.15828648604355838
1.7353260074743306 0.6989877471333016
1.3037449733757696 0.19490596173956976
1.4749397649897444 0.3021277994200465
1.4843785214726561 0.9336568955212159
1.5284356106671844 0.31784136902689236
1.6047888843346745 0.3727865993669774
1.7786617275660421 0.4867431599892224
1.2949301522373364 0.560621199475873
1.1841619063501267 0.12834610644283617
0.9900730535416019 0.023035266219523634
1.0936754779808566 0.08264276246821423
1.4007238711830952 0.4477398081519465
1.1871745054165908 0.13190033187813738
1.2421713558399763 0.1680373586608367
1.4263722262481746 0.28574728859389326
1.0847353930490224 0.5780508657001215
0.9957477240054717 0.019763408367278752
0.9799505150817376 0.016382065426815168
1.1501245793327475 0.11799279988201607
611.4187707083288 0.0014084251435982431
1.8767665681175267 1.4255216501810066
1.3849176084752417 0.8579324568317059
1.146008764319153 0.8936258035492879
1.7921225422904368 0.34640360668768166
2.096604457655058 1.776640843252555
1.2099672229910485 1.0104813588991681
2.2470218599229828 0.6364096530405925
1.2908109398431915 1.8484249794841763
2.047237629587558 1.4744062838850946
1.2043754499889878 0.8045713411289808
1.6994828988511586 0.3821867374208302
1.1605873991506979 1.1111179429898022
1.9810596293905567 0.4813424426408466
1.7106463800199743 1.9977064924373704
1.9784652223679715 1.6058089949962735
1.794710647229431 1.9521057031661306
1.5419444012388497 1.2092952375500305
1.6587206215753723 1.9587234771626416
1.9115380970224338 1.6074455322643688
1.1533856536382614 1.8095918687705461
1.1437016637534816 0.8372873792417984
1.892532601688878 0.425349301433742
1.7213141954377917 0.6439172117242892
1.740952214593229 0.3195120812815334
2.3146234502526664 1.531788402247737
1.1361193719497826 1.0926189273281146
1.972313689046103 0.4409460381666795
1.5651205897082168 1.1526555068129225
1.3422681773840515 0.987580019940802
1.4875650524130837 0.2132298526639641
1.2077030838316036 1.2766315029504631
1.9902275636875004 0.45332395962910904
1.5278581093999433 1.3460730249627835
1.9733041491410632 1.754907334616638
1.2883484342157594 1.2171460935391027
1.5344582004786542 1.342153218371994
1.8863263918949233 1.3201961571157923
1.459157529172669 0.7165138899965848
1.6847746548859008 0.343795303728574
1.5644127747599255 0.778160601387887
1.6122851048433167 0.3291911365883754
1.1589925514637367 0.8689676786311147
1.8942829436495034 0.4681306997901101
1.3328172826359 1.1285735623617636
1.5548578820538412 0.2777736048692573
1.2011489146992658 0.9560353057601061
2.0356678364140457 0.5718327569152195
1.0818910981204062 0.953874054593748
1.2879344633261631 0.9123012302214689
1.5131906697868742 0.2825482577111816
1.6017143337570956 0.5820610748397541
1.4787652619584883 0.28777644132575997
1.7023854530621176 0.40909398567731003
1.3496359369060813 0.8517157221905459
1.7005825520328286 0.4058341783918417
1.8513550167034571 0.4720947706206365
1.4460957053672605 0.6603001523331797
1.3931876270149546 0.23494291473983558
1.4315460810027885 0.27159827135846254
1.6163136203180644 0.3563045066884379
1.3184628322835197 0.1966241094370163
1.9316736887605936 1.5807798551214758
1.341504527569663 0.9776564565180856
1.0970716533533664 0.9540872358761873
1.7769042251970113 1.6966162222128525
1.3423049236726015 1.1461161596071474
1.9344246573991568 1.345412816690437
2.2372875440063016 1.5772654122690108
1.0989927671157969 0.9215847384926696
1.9307850401663986 1.8305829596145262
1.2858403436608872 1.2340953707321576
1.8567480831930727 1.4577675518385589
1.5522202209536764 1.7881221814618153
1.7376826433557835 1.3755861779131893
1.9554630714650767 1.508953359324426
1.1115027784598983 0.9381751725066808
1.2096275694263567 0.9641119298771155
1.2718611722928135 1.1032185800605416
1.078956373269979 1.0799217481252175
2.2071401371588246 0.7014910717798295
1.2616891787997966 1.2208715908486274
1.6790255942675067 1.3522177290670243
1.1470865250606237 0.8553815301798897
1.1054377255186858 0.9399943610264596
2.104384849248471 0.6628716299968651
1.1346818665778917 0.956591645719705
1.0632261273448398 0.7780434930059763
1.9039958399275934 0.5356764030981399
2.099909489812786 0.5736282123124478
1.7733906375888528 0.49038662416053797
1.6755041495553336 1.4137886826584933
1.3599649424723939 1.0011799075337882
1.9230313320286647 1.1724018317989158
1.2008118368904492 0.9649396284626492
1.5554096481049964 1.125793855043328
1.3512197741501635 1.638281495003005
1.4426016011399048 1.1152920032446068
1.6218179743107086 1.2229617568429911
1.9530404170001427 1.3291574817715723
1.6770401938772528 1.459257675330432
1.159715555686563 0.9534488021322399
1.231273331068443 0.9943161852438451
1.4698452663429484 1.139750533322082
1.1439813197332378 0.8536783571819424
1.0937170045958227 1.4405171396438465
1.4923934037907802 0.9873770209985908
1.53580363091822 1.0219555718869395
1.7447772244193458 1.129832903353186
1.455139179844522 0.9779970569777524
1.3854939130819792 1.2802120024301453
1.1475309802856066 0.5601458458338655
132.27305441831933 9.517830939140826E-4
1.2568412255374146 1.9443812997931815
1.0527338859841904 0.7332166866582248
1.153037400983233 0.04260304517659383
2.4360722628630356 2.8778257775776828
1.3586528716759196 1.9699395293116537
1.1465526359078257 0.7704092280116905
1.586219148824883 0.2766575089157022
1.4351704531416243 2.9778158413425695
1.2483203787445394 1.8463549704884152
1.131036447570823 0.8573455500061657
1.1683599670498022 1.5197586616073788
1.4229623586629334 0.9229674572256581
1.642425066363288 0.9320993337901143
1.0535052147612152 0.7011530752802573
1.2562400881818947 0.10150918181654545
2.1304241451784733 1.6341887589422799
1.2395448377293736 0.8981696236243706
1.6901579583083481 0.26539844483641
1.3330878856240542 2.3464257596379388
1.4361570603213667 1.1808499910556407
1.2758182154420536 1.7635491727124493
1.9704364791643108 1.3332743501055135
1.5271184944562917 1.8253830402208324
1.0994434532336415 0.83837840632829
1.7318359501682923 0.35504020490657523
1.4610199574468887 2.2638581884710676
1.1484221158609285 0.9473524855196009
2.300379542506637 0.4971630439316493
1.2727510073366815 2.0459099507254477
1.3805271672498454 1.1762513194065392
1.8830584550672729 1.2939314089276426
1.9402624480502415 2.3593335367192756
1.4012206599598769 1.9609419840450526
1.129397747666978 0.8652738019049871
1.2311716110750932 1.827250657542092
1.237766523252676 1.0011718954355375
1.5308793917479684 1.1218531690089248
1.1310155254452536 1.4555784983247768
1.4539400804896279 0.9700568793554877
1.5454881515496075 1.016342746776833
1.7438491117334571 0.9567306751992511
1.6184697433882538 1.7695334089989698
1.5511260676122276 0.8678366700092149
1.109756194628583 0.8424182552567197
1.6626858881196602 0.20340143968781907
1.4732116159276334 0.7448737735470734
1.428147090521585 0.1557300263790034
1.136660937427778 0.8344445388882554
1.7534013943753743 0.4221072907681796
1.0223215663491447 0.7172451524045476
1.2181300608545809 0.7964308928498924
1.519213434438373 0.17070230734570124
1.480399860302328 0.871988134618769
1.5937379974202348 0.24256706037467057
1.3394824320739447 1.046631342795091
1.9972240633123328 0.46568943440314103
1.2117993478171913 0.9936810362169833
1.345646928159723 0.8585959779837087
1.7018969631493168 0.2997730259509184
1.5836705318871904 1.073796324104124
1.9283766211957771 0.5374711875558347
1.0495976180146585 0.9453124046198715
1.763487036635372 1.4603061549515974
1.0919380187056884 0.8098469970532728
1.0053835862615021 0.8487361248635166
1.231528127148462 0.840831975572089
1.112493253694745 0.7747365170629448
1.4801152700016833 0.7070832361353625
1.6670910334895113 0.28148347308281135
1.2897964410092293 0.15834009006379476
1.2695128681850816 0.6626382701118386
1.5420813941959617 0.33739392791750217
1.6087676067038914 0.6655371393610068
1.4214009716164893 0.21543125930834844
1.6755575508978637 0.7604939209632183
1.4604187258671777 0.221722322352025
1.3798286338701122 0.8249890275470863
1.689234784043105 0.4082541113545096
1.4598577464788842 0.7199078360047377
1.6247802264342708 0.3295276983476362
1.3388577033792721 0.7383447666767251
1.7835858762934922 0.4838938834879649
1.9891905012381748 0.5807656597747345
1.148958042823526 0.7663469123011226
1.433399082877791 0.5585442249915039
1.5792419290405681 0.3008970401555755
1.937369714162998 0.4325817075123576
1.2396901856791045 0.15172517212983982
1.2472382179786852 0.7779357162156895
1.1535031279119237 0.10726720928825241
1.3530901894488765 0.23218872278616629
1.8856506812142388 0.4286877453175154
1.2631187435764024 0.15874435236557022
1.7598978714099993 0.6896862735885348
1.303879247574791 0.1951197239335164
1.475345530497302 0.30238727165280826
1.530105607199674 0.4360739535086349
1.5299389741280909 0.31915798864124645
1.6057873989991038 0.3726453023454202
1.778786486294511 0.4867643672008992
1.3089709473755682 0.5722553053105225
1.1851167740002568 0.12900779293461234
0.9980772500630649 0.026001185424004286
1.0943899409077917 0.08263597786463726
1.466129498724629 0.725140074866386
1.1922614181929825 0.1296096481326383
1.2422640836067647 0.1681078604784188
1.4299966960540638 0.2879467744994629
1.1573487843701713 0.5317828462805116
0.9957651025172055 0.019144328831505925
0.9802271815146578 0.01639513799145144
1.1515645461778372 0.11900356471174615
662.4322248882196 0.0015066550353747903
1.8991477520580788 1.4002517206352485
1.3895287561253529 0.8757759286593743
1.1570457190004548 0.8931617184973839
1.792223515815933 0.34650728833721434
2.105802901918158 1.775384190655628
1.2101980791585125 1.0121241996281698
2.3200660259687647 0.6891746852071805
1.3332593797149974 1.7597860174364401
2.049906780390262 1.490119166928371
1.4363737630468247 0.6391830534454065
1.7006933365595613 0.3801308043899802
1.1631773584796756 1.119180512876578
1.9827887381615494 0.4750753644551568
1.7230440470387456 1.986927054631281
1.9797682171466195 1.6123392872431088
2.0280931799709325 1.6217779412617377
1.542998900202455 1.2086469108159101
1.8268055869183755 1.7764589124899517
1.9195544644404854 1.5944951831852778
1.1568305970477994 1.813701055486032
1.1940567877045376 0.8249761336965287
1.8925711910500298 0.41666411236394146
1.729148001039178 0.63859330786431
1.7410241233708805 0.3195819358742523
1.1430983104829961 1.0450810058128233
1.9730312382931132 0.4403988767765265
1.565152986653971 1.152683311764909
1.4092146995613417 0.9669950616298405
1.488879529318904 0.2137249541415568
1.2286405145668917 1.249161408972045
1.9903659696864202 0.4537513684083007
1.529691804086899 1.3439472489833622
2.209496786237305 1.4195238115643245
1.2890155416994453 1.2176540558074935
1.5377274082838133 1.3570774117831756
1.8865745697257057 1.3203659359783588
1.4684335252998073 0.6796924161244333
1.6948207363258339 0.31463620821814375
1.56761069044581 0.7743926080877002
1.6134247387552922 0.32701315004599407
1.1747212713502941 0.8569051239654962
1.8942939998381632 0.4762327464666537
1.343627714391671 1.0648429619899902
1.5596227920086754 0.2720552028934287
1.2021405687815319 0.95801448026563
2.0368179696672533 0.5719454936252376
1.0822595511588275 0.9563537215952853
1.3600994579487442 0.9542410300665155
1.5135011430340493 0.2810431509713211
1.6208749975005095 0.4493769055469353
1.4789684384274597 0.28791167144843244
1.7027140979581263 0.40925587141288455
1.578195524682795 0.8882689400735009
1.7011502857560439 0.4041092008641375
1.8516202351267417 0.4723458813198218
1.5117046566872974 0.3893413126729129
1.3968563459731786 0.2348036222575274
1.4337381199369326 0.27080290868226903
1.61785303663859 0.36026148007604547
1.3198467015185678 0.19758426980651234
1.9402469372691327 1.5765649465647629
1.3419144762703876 0.9757827967376029
1.100922345614738 0.9733570395521374
1.8065003426099286 1.7688263643499123
1.3440691007215193 1.1466958442130373
1.9363741772987875 1.3505401965217165
1.1242269889086878 0.9139731887034468
1.9850882746235965 1.7470649414983108
1.2985356383232345 1.243094746985166
1.8654960223556813 1.4444929704952036
1.581494092557998 1.7350541498658476
1.7382160038596648 1.3808035492755812
1.958519482432935 1.5090044782709766
1.1426824670965394 0.9833487834636495
1.237841964555677 0.962720477887072
1.2754337986856585 1.108233205040576
1.0906096906169371 1.0765382095832516
2.214432114569043 0.7042515572361949
1.2854311478851244 1.229215476067354
1.6805607323340441 1.3550644284937101
1.163553843246883 0.8667487728504286
1.125160640962654 0.9571430907944265
2.1045140661236688 0.6622584572309055
1.1363732765482597 0.9584982131416729
1.0722221957866265 0.7762471512776818
1.9044503222220792 0.5349079725818899
1.780784184641854 0.4714398706590312
1.6947099186784733 1.381706279692018
1.3624909183462546 0.9953801214720894
1.6748589501228888 0.9607614686083152
1.5554167808235158 1.1257979871929353
1.3549367771455811 1.639400542429601
1.443175554242122 1.115626245701713
1.6221470752935128 1.2231605052424768
1.9536266401679945 1.3297962149672766
1.9866881166346513 1.2290756802696097
1.1611529545525996 0.9590587750362467
1.2315914587952665 0.9942318937437951
1.4704580388433173 1.1390729934887074
1.1441593177462188 0.8538546802584692
1.108494447366812 1.466637539340496
1.4940386821816334 0.9877117223028289
1.5388421536516148 1.023012296341009
1.7456841952918138 1.129276594202898
1.4583930628585378 0.9760802613878646
1.5572884002128011 0.8428771801038282
1.143848984025014 1.0543409879290029
1.2962023693426166 0.16311390568408093
1.1530394464397125 0.8604191879608241
1.8761463247865426 0.5953994418780043
1.0882800310229064 0.9723888543066818
1.6252800344081466 0.9257232081242787
1.9443787593671191 0.49545115106802234
1.6104294316232233 1.5247101252740936
1.930813026548238 0.5565165347702236
1.9217688448461288 0.6271564551662445
1.4564902577884629 0.9711947536183991
1.6173048588791819 0.3790368176909523
