103939.29026165704 1.1988058422454153
0.3408231486211576 0.6243294519384375
0.22817367048372772 0.39948901896765476
0.20155137249997856 0.2963125488523147
0.1387655476907168 0.20417649243443448
0.17089757965327154 0.1620684602761237
2410.223888182453 0.07972382322747829
0.5516458408829719 0.8319920050105669
0.6493568759345539 0.8927251980357429
0.1946037314653285 0.28180472810981466
0.19558653036490986 0.19785463386521343
0.2299188483108716 0.15907634372852467
0.19826272910871182 0.10391876382992854
0.5387432846973524 0.6793577495457184
0.7737288788696535 0.8795218302288621
1.1053785252017163 0.9404577332865268
0.8636522550482437 0.9113333263553287
0.623815165831821 0.8879727819491356
0.4558205908316423 0.6195893513773688
0.21580076353628236 0.32972871457324593
0.20438150709347383 0.22337770640731353
0.16802987758955798 0.1569082242128068
0.23887632686660415 0.10606941403603226
0.8111305483127738 0.8576314653156112
1.5039448698275368 1.4395733090657852
1.1255750841782446 1.0395483585181258
0.7111388099348757 0.8911674477029814
0.5382720854162482 0.5642601878795521
0.903933795667396 0.9353829587160293
2.1589608052490292 1.5369033231929365
1.058898675111496 1.0690308091138832
1.3333457898307586 1.0692433807640445
1.4642603500314917 0.8064783548858971
1.4632852836983288 1.150350923720854
1.4702799846580996 1.0281784454293292
0.20235367558738046 0.38637937186680543
0.2139404345267829 0.3895581349208457
0.27802695399612976 0.35916357915463826
1.1479416395648059 0.7428217435162885
0.23555212067383258 0.4699091023576095
0.23546551660115433 0.36220856868306306
0.16298909485552063 0.24309850503300864
0.34533587999949783 0.54046759536618
0.5789140425258574 0.5833352564598596
0.23135222057632582 0.1876725698721918
0.6023962377805205 0.5924063067605223
0.37608254635486205 0.49128577258014344
0.3732738410655468 0.44574170480298525
0.2086968722990466 0.24135178902948573
0.27978043586402424 0.1045565019318564
0.4764726238394448 0.5728559996846387
0.5657500688702766 0.6707671878451178
1.534031940088603 1.0626835736601123
1.2843377432581318 0.7783572864884207
0.5811667747832241 0.5950211131062338
0.737916469368874 0.6696668860302148
0.17726835140996833 0.30533967785014193
0.15452302956236835 0.27282434564598923
0.2684926556853433 0.3105421965183781
0.8128574488072573 0.3834829632206822
0.17312108164472456 0.3187502467542084
0.16976665544814168 0.24999694948420909
0.21481779827624475 0.16797818711397583
0.2664938207375883 0.1039416425782984
0.21038260441235815 0.30867669789512886
0.6991555146770281 0.22760609835841847
0.7150293200819253 0.4722258868560196
0.20323145411331087 0.33071466762308466
0.24638213991129598 0.3116577169490598
0.14801132518936413 0.16299621598488698
0.25196023305313203 0.10452716439677129
0.263915304031352 0.3742995334958696
0.40414405375661333 0.4911712020325984
1.0571623251006794 0.5913302931855536
0.8427877225358479 0.5339606352995125
0.10693188665389697 0.2383436793892876
0.11715371287834289 0.20885733521786964
0.22565710965902241 0.19035045709448095
2.373207393279625 0.44920120159522475
0.12523697815966794 0.21508430356143748
0.14867112572210248 0.15648420420697753
0.7685508263350291 0.17015128885224506
0.22797193822902384 0.2045422818390698
0.18150354968176322 0.27497838994090806
0.33402204329822816 0.25631467237575256
0.735983643322546 0.25327114354292
0.12092097922955124 0.16143795179160483
0.14840215811388852 0.1450450015325739
0.3328899948901892 0.13393290004283742
0.14355020321675582 0.12558841219058414
0.1791156258808675 0.10527607065564716
0.6706350032200552 0.20614011054291104
0.4652050256112086 0.29766772638333905
1.3914500790139777 0.35588980624938804
0.14307220206139754 0.14076165150925113
0.17333245493851318 0.1062263228875107
0.3052330086351868 0.12737334036168335
1723.5897668810942 0.0783124525607381
0.8442443005106892 1.1019348359533163
0.71095295972111 0.9616118078642892
1.0803092482819237 1.1774815625069723
0.9685770799095845 1.1812354885940073
0.6956500347720811 0.8716741854035746
1.0640689710654216 0.8725493706399823
2.4393973823164217 1.6417250118237976
3.059757768186679 1.5727471419490575
1.2918276291990662 1.4634974931434261
1.5969395485940805 1.3435721074795337
1.533258536668137 1.4827693751704774
0.5160543168028922 0.7946372195755682
0.5685981896186978 0.7412357716374175
0.6962972894361208 0.718395206759253
0.33971964625729967 0.4279653919141003
0.7937413966002551 0.7055767941598806
0.2802956303150295 0.3357379618840691
0.76696932872077 0.4534988430329167
0.8457047912472746 1.081369436785543
0.9646713622166301 1.0780162326219351
1.2174100706741577 1.0609557678939365
2.200627828695114 1.0692222234735156
1.0249596960756853 1.1576695709383749
1.6492125300252884 1.2729139172908939
3.468705480768797 1.5173570924224684
1.4648965416503144 1.3930692166422634
2.318913669122699 1.3754043720116682
1.0556777230091035 1.0732016203114123
1.896173045311718 1.0604054143810764
1.6247239083886718 1.2880553363807352
0.8992886025308748 0.8344334713109756
1.6429244809264048 0.7171413846925436
1.6344167496604076 0.7457661682452518
1.0475011789487059 1.0852869802803382
1.471425962620566 1.0780308893387078
1.365224133606628 1.0599237023014383
1.5963741600599435 1.085872578212156
134802.7969596595 1.3906324407581037
0.4018599790774421 0.5923985823441884
0.23037173225016083 0.36029243586323834
0.8429857095195981 0.8309064515949075
0.1486071067324998 0.19357769722235374
0.171672920737367 0.16248188867733027
2431.9787696800445 0.0798822037222176
0.5539114284376288 0.8446720073122153
0.6666735695683474 0.9089488599293114
0.19529457850068943 0.28104933081872807
0.19631600567128948 0.19831257132755833
0.4585921856658435 0.3008781518674818
0.20019179789070662 0.10695041415499518
0.576339177358858 0.7193285421064406
0.7909489761745856 0.9013773214576932
1.1105564957200258 0.9342519357821386
0.8638982007695168 0.9115186534308346
0.6249496698370316 0.8899904998079413
0.7260677501009434 0.8702929317372081
0.2574181127886661 0.37247322910733693
0.2046887007219853 0.22222171031827387
0.23650378678084608 0.13204754067941976
0.868775461064548 1.06917690748515
2.240158228284192 1.7145939298207002
0.7311860887620667 0.9747168581066727
0.539454765984868 0.5836476702574604
1.0237942910023694 0.9231921627619952
1.370538932414637 1.0795900817860953
1.3742621813532994 1.1028278026447689
2.3503431559263417 0.9696712170379171
1.528251818966067 1.1553995323652484
1.514157253888318 1.0716771036683344
0.2086592581843841 0.3895400560101837
0.2147902183758073 0.3917385443441197
0.3945257213863838 0.536968757952478
1.1696984401832387 0.7442270696214117
0.24142157405559336 0.4846375855673999
0.3057710378697619 0.47277946113373226
0.21118110051094519 0.2702968604036269
0.34733004123733724 0.47273025662171886
0.3436261726302321 0.17738160427505684
0.6355771787792297 0.616727811993794
0.38817004481025863 0.5048298161511675
0.4773970597925251 0.6340050138687355
0.2165885946266527 0.2383744246413497
0.28112669470174745 0.10538904428105361
0.5340755970245361 0.6567653240598691
0.6030575451510826 0.6822320939597687
1.7639298441444586 1.1303860497677924
0.6790321306844154 0.6345224099116697
0.7437886154152706 0.6691552315284021
0.19174313476239066 0.3764998803037645
0.1653570317479991 0.32504865749712075
0.34564990442220966 0.3729226255893793
0.18260926882478276 0.338137944698502
0.17396102378483685 0.25102571454968786
0.2148232633255472 0.16798729627110032
0.266858541324416 0.10453259473784197
0.2328302297938703 0.34373257987459205
0.8251891400810938 0.5063762148309341
0.21349470386740155 0.33556281650423614
0.26333773422681805 0.30971166499001224
0.14839844008422576 0.16305394870010614
0.2526708517915315 0.10575246887358367
0.5897759572086294 0.5221036657866629
0.6807892247285423 0.5402857469058597
0.1075845530432015 0.23866372554613946
0.12429808502279396 0.20245790865707028
0.2529783961180355 0.16651304089821534
2.5283447654123825 0.4506191133126875
0.12533323881266603 0.2153902937474739
0.15212878121717452 0.1635520360696605
1.3793148249985614 0.3209075345884467
0.24952200781478434 0.20648235473007293
0.18514631933108644 0.27765912138160526
0.8466628077553622 0.4539480763808308
0.12382325310019202 0.16172164277894407
0.149589372737614 0.1444406153995145
0.4379072960783958 0.15773061699203034
0.14463191103543416 0.12485563664730556
0.1941590935901412 0.12129726978572103
0.7606237030355856 0.20525144171295528
0.6651312973281869 0.3261811074430988
0.14577918210096588 0.14059302636995746
0.17541288685213077 0.08174490051063152
0.3089286799307825 0.1255709969112765
1723.7686026957153 0.07833533302299539
0.8457703123594951 1.1005476607450002
0.7114421944611022 0.9615329847792249
1.1374204951601192 1.1094964373449616
1.004180848838104 1.1933142448720953
0.7276968495471559 0.9277003347379742
1.112563955265916 0.7246569755876324
3.0876707352611175 1.5173447323186546
1.5386359026889598 1.4822635717195596
0.5236967019149704 0.7935071951535323
0.5943799503504041 0.7917198521147599
1.2232144915517829 0.7778137769488482
0.3665576274881463 0.45572605478944805
0.3924169799418116 0.4099541699941996
1.2077104985614062 0.3337683707122503
0.8931285055273144 1.1016618003162133
1.0113098144025372 1.0818271915588729
1.2321862796109186 1.065563484113898
1.0439361935298752 1.157745663490326
2.433958825278874 1.5275179031569546
1.505412984039264 1.3837094143850928
1.1063954034207848 1.095918726554038
0.9492864686013853 0.8703845391796772
1.8986826401377572 0.850763748233847
1.0735945247450602 1.0812357992042965
1.6788057360233655 1.1382666513161273
176033.51915216944 1.619090047432803
0.40578335570849844 0.6612133278653148
0.23582115113480157 0.40239202125583545
0.9820328995004814 1.0453951243323305
0.17477584994347145 0.22456614187899493
0.17424742075105204 0.1637164696044512
2451.5601068474452 0.0802095395480178
0.5552050420152779 0.8421243376381435
0.6700279732518538 0.8362875626405173
0.2148810529302083 0.2758546821763871
0.19676214542346782 0.1978542383712095
0.8328455356154836 0.26918217188330373
0.20115364922921591 0.10550705160515991
0.5797082177162618 0.7432614156863921
0.831376198841276 0.8778205668775516
1.1211252580996034 0.9361167156163284
0.926718507633187 0.9720285122211462
0.629474184853896 0.8938266802654448
0.7282622352750141 0.8703448439580966
0.2048439021540751 0.22224052145844958
0.2403496493003306 0.12673103356178567
0.8838302931732963 1.0693493051057594
2.4603264438896946 1.6757345094683216
0.742017915126935 0.9881450426405958
0.7484984966267929 0.8654869162318719
1.1211374367058455 1.195656363242652
1.4071752534258741 1.2169767646012803
1.3746224534450247 1.102956655310537
1.5502844629104044 1.2017614140826902
1.5836156417643068 1.102320173651338
0.21782716020554566 0.39171201070381767
0.4250323523030041 0.5101144699670246
0.24612308150895723 0.4704414793391923
0.31975297285760473 0.3746482955370747
0.348695292143697 0.4011091968205982
0.38129504349989196 0.5925455344153951
0.9454494246295466 0.48201409420509284
0.6416214947733019 0.6269010603313163
0.3885225377420791 0.5038121197868916
0.6470710412213345 0.7547493244435092
0.21679581471307613 0.23836757853142024
0.2812438142431418 0.10528559151551314
0.6292908013415257 0.8392550364744842
0.8800669117014582 0.6023909773766849
0.7487846553496957 0.6688692178892122
0.19626298751017116 0.3231394308417438
0.18345449898104282 0.33503694557899466
0.42377349034127937 0.49050870928085427
0.18838654689795942 0.3396024592821268
0.2148528971504579 0.168034166462475
0.26701659408611866 0.10513479426198223
0.24516722809603042 0.350497247163401
0.992866301477436 0.5505926942395867
0.23885012868472133 0.33224372617066045
0.14861058513154654 0.1629822330910597
0.25311655202332817 0.10535535339757801
0.6896076520264405 0.5440817298223033
0.11366352452168754 0.24166977234285178
0.3484002335380413 0.1808527217575247
0.1255220803548036 0.21559365715210088
0.15215206715617527 0.156432925694467
0.2956711835091501 0.22741705332913953
0.2504152260832261 0.304992850847011
0.13159360098605774 0.1610912242236916
0.16348435056498647 0.12945725422677776
0.4587673442019377 0.16803834789993768
0.14509463451142265 0.12750456375713198
0.15330794628467087 0.1340651302937173
0.7127826468174097 0.1821730936196258
0.578966967970066 0.1027022677721833
1725.8725594273117 0.07831119658302865
0.8521471676089726 1.1012353460042872
0.7135143957284775 0.9635689643633154
1.1448902246643815 1.1094973318725265
1.0062440554707037 1.2159331439320016
0.7416247740843884 0.9449780981611389
1.3077998315907298 0.9055387261585279
0.5245637379483354 0.7616304666799082
0.6026071297814126 0.7630510286580723
0.3913110305628178 0.45928337444764533
0.4146068613666031 0.350355379763295
0.9177226800958189 1.1402741656042235
1.0621614742005534 1.0801993865305506
1.248893016978121 1.078046754402193
1.055831661787218 1.1347833450737554
2.5924416531329175 1.4750370460482265
1.5105402705203592 1.3218976502959459
1.211421727798681 1.047532530143573
0.9557731345530973 0.8426249799773569
2.0680490533902374 0.7707288865939679
1.079342879630354 1.092663927036909
1.7318259553870052 1.1555821956713264
0.5602283007401179 0.8091224840496134
0.23590831095997383 0.4024316150209671
1.1325492310393686 1.0785968018034433
0.17693405445713417 0.2241995582601632
0.18038270698323525 0.16672962139941833
2521.468328986345 0.08028099373031455
0.5593193227372757 0.8485493772678769
0.7064448956251397 0.935022158923372
0.219822935843348 0.28053318485253875
0.1974599384305296 0.19786205707129015
0.21169206834308457 0.11132237514679319
0.7173924364430728 0.9265240561000805
0.947518117131963 0.8999292758204233
1.1571083145619647 1.0728028797764075
0.6312012182006375 0.895087903332451
1.8892079323039785 1.8074982326398275
0.20498132659720453 0.2221947487968961
0.24127732926186174 0.11809592826679416
0.8855026435688382 1.0693313265336823
4.140109855680163 2.6272606525648667
0.7483124903500636 0.9929947684903815
1.0036680158631748 0.9687324009933125
1.2867542991554215 1.3131978632513928
1.503028334628492 1.2807247548101324
1.4305605311198204 1.0691775926360771
1.5921357060622907 1.2137630090084233
1.5867089658939846 1.0609391371698083
0.21823314499730873 0.38604607318133755
0.5946506522963084 0.6780023371516031
0.24727074175750569 0.47974266037272517
0.35891217466741704 0.473925339179486
0.44180265974203103 0.5927341592294961
1.8018270120313473 0.47439922804401785
0.643350652883065 0.6268779486420195
0.38923982707416227 0.5041210521661417
0.6523574152323115 0.7561704023608389
0.21716618801849719 0.23887324403947638
0.2812983417577123 0.10526504777197843
0.8206195344104239 0.8630320196525263
0.9818898070785127 0.774217923861759
0.7758016512971848 0.6575435646829635
0.1969606353783584 0.3418469711852089
0.22967460756605074 0.3411458110961334
0.21885379597111387 0.18141271607081397
0.26711700779569314 0.10547522325123412
0.26046656290923526 0.34391540611467863
1.2194566266724802 0.6329285161500213
0.2549887246220269 0.3019999952209841
0.14882817972585718 0.16347973934665955
0.2531474245565001 0.10620681253400241
0.7100226111117541 0.4654431255276438
0.11718729672019626 0.24458233361679685
0.3744953727476843 0.2892649377125253
0.12847501020897645 0.216277989242956
0.19566721604886483 0.1199045121142518
0.3185964498226187 0.20301099338185974
0.25048987968434894 0.30512232739310147
0.132213545707255 0.16055403140722713
0.16398199986025574 0.12974420650346724
0.5422393530346956 0.14255121565962156
0.14784566352879872 0.12315099284282044
0.15512711056626247 0.1170978444134963
0.8271036503970721 0.1247198668603846
1726.0077227737847 0.07848641387165414
0.857548066562881 1.1039217918848743
0.7801299798710424 0.9397979141106827
1.1480546876434303 1.1094077682592538
1.018399585115933 1.1505686263290344
0.8155511861038431 0.8919758626770607
1.376306944318681 0.9419115695258835
0.5271762352376762 0.7732932687983515
0.6126919824739616 0.7717942818150242
0.41419964765217476 0.4570759402200851
0.9505455194998113 1.105830892022507
1.0983028889194753 1.1031204855235268
1.3098978331627957 1.107205189133318
1.6232900052656207 1.3627047455721977
2.6198898710416705 1.5136957187457463
1.57817151312168 1.3772887250922523
1.125044563886916 1.0853571245052496
2.4445306285634985 1.238201171434866
0.2680643057981417 0.46670391429776614
1.14578162531045 1.1569105959202024
0.14786477474935017 0.12328685907124028
1.2808612851450407 1.0800061010313735
0.26954224915327424 0.10426990335001214
0.15204872341322018 0.16454912234577232
1.309900369048215 1.0839396778120152
0.2636845353682924 0.3430522087016072
1.5734862328308328 0.6251439040117175
0.223025339540185 0.18513074067275861
0.7401047675324053 0.9227125898693452
0.19958572625936633 0.19816694025640605
0.5526397035160502 0.18082862489236376
0.7101946278713072 0.7711980011468169
0.21565652644323527 0.1320506852722886
0.8109734627108324 0.6765695270136454
0.2633657079819545 0.42508383565609054
1.1744299864721932 1.0787890409851864
1.4019498300900095 1.0786333432969042
1.6177334499749354 0.9058123428477047
0.9627539066972632 1.1333441571180463
0.22225915186741074 0.38637001129352616
0.5468365690834812 0.38848031410283057
1.2920579250735136 1.205298618237317
3681.768993158161 0.08522780286501075
0.4767809730764466 0.6533419983483708
0.19095222611095714 0.16345813240398083
0.2735123403132157 0.3662361443280021
0.7803582076474278 0.9015358621004799
0.8676994209146223 1.108403808038148
0.38644644997805444 0.6305575609225424
0.22301846820552573 0.2751837348457748
0.2241925320910048 0.10521740645678712
0.25449614991865005 0.30497294691942656
1.9302798912391677 1.6548547129489373
0.2230767535412464 0.2575416951522851
0.13599775473092818 0.1857218160359752
1.0203168905645266 1.147917499793469
0.8303072230226074 0.846006191903788
1939.0186521114363 0.07976890487057425
0.5817420134478739 0.8266545932337481
0.26744810558144166 0.10534915535439264
