2.1568240359610584 1.0213017720536475
1.4255445852239508 0.43399114941246425
177.1358630336299 5.454998721825463E-4
2.508309570596113 1.2843208044190748
1.5237553254091387 0.5201322036851802
1.1754691703631905 0.031693000349931444
4.787019275683487 2.557894702347854
2.686354691963283 1.2992056523358064
1.6020925442290115 0.6025388781681297
1.6899192271591381 0.21008790269540906
3.5695145408893993 2.0139409456303605
2.470451528063916 1.2446926170368127
1.7808149002055111 0.7684907285642747
2.1218578666985586 1.0287159211368881
2.0418735137483504 0.8753973088776072
2.2548536314268466 0.8940083633428607
1.5297828741726045 0.5254815434912639
1.2762994232397995 0.06294627627088611
2.9892116023826896 1.4827953230970825
1.6715594322586202 0.685197949992399
1.7705642703554476 0.1844376579870201
4.789433154289811 2.6376206416186507
2.9608860713685736 1.465403624564057
2.226065187534073 1.0207059567589971
2.6361062642750004 1.44216315895263
2.820833997310748 1.145378246403249
2.6972633084054953 1.320083175279353
1.6050763961191676 0.6182978708597271
1.873924935042063 0.2956891933831027
3.0333437148613522 1.60221302156808
1.7978917632708695 0.8437574707008788
2.676419189760405 1.2911498542588682
2.2689655115719125 1.1132955943276055
2.818023123015137 1.203175948963384
3.5899969625555146 2.000919834807157
2.488105081011529 1.2243291267059317
1.8108981397089918 0.8326776601253649
2.4867942078210237 1.2594308037287454
2.0147061636784134 0.9703089506594389
2.341931535029341 1.093057081728519
2.141070161513455 1.0106818965716635
2.1286666308594917 0.9463165807039342
2.226495366416348 0.9899672763244555
2.508050144436388 1.2824985089734664
1.984882912107563 0.6703363366286017
1.6703947821415066 0.7013183423333141
1.706767253129562 0.0851226569567953
1.764041775732594 0.6766329575837451
1.4914912444012296 0.11892105607549638
2.613588479784847 1.1889261006640115
1.6368241470732274 0.6382391228282347
2.244481260115691 0.533264348508755
1.6235650833842883 0.6902600113534249
1.6696612727474616 0.6326116433894087
1.6071285543835878 0.11952822704730093
1.8560182616591345 0.7205286509668402
1.6871509382731558 0.17918062709615024
3.19032773725291 1.4785909477125754
1.8347158400912553 0.8418307892193757
2.2376741662972437 0.4042763737675052
1.933771369306282 0.8914733407622257
1.7271836486290084 0.7045953979326283
1.806437447739484 0.2872365902386085
1.8284891019492773 0.7882594288159253
2.2092024722070724 0.44930948361602396
1.8331842275834414 0.8883440137758198
2.6403983083259694 1.189568814166303
1.686491668665571 0.7504105899183691
1.7523216133146318 0.8159082532052473
1.855599293659537 0.8225887775622235
1.6429721961994628 0.6650606970297025
2.327888715621623 0.3521508785916518
1.8326221270252563 0.5707656468571887
1.7985638742781536 0.231012104650278
1.9265670113564644 0.4530733810465415
1.3742595269983842 0.1242081155150059
1.6623105997014491 0.4461035949882672
1.7176517466330599 0.3166959524417845
1.9230047548370244 0.6020045345104534
1.5323504753464754 0.17416623603065107
2.148435198259858 0.3985088027483533
1.561654415170986 0.20196406339269904
1.7339150535664536 0.6988993416655453
1.9059160273693716 0.37797167500138545
1.8171816676889667 0.7718963326507287
1.7862641115537619 0.3003363150958529
1.7323429935641268 0.654231665160117
2.0353915767251847 0.4435541990934482
2.446000458039382 0.6544810563629093
1.5863754572706383 0.6210276786955116
1.6809274460466632 0.5794524705883376
1.7442469913390677 0.2551563080225324
1.8852785046310643 0.39776845454200216
1.330894393317148 0.1401730918157871
1.8051330681153042 0.3492712964700353
1.22672272483605 0.10502609661198016
1.4926880315050013 0.23395440840367088
1.7644725372794616 0.5279484384463597
1.330154381435626 0.13542605167449867
1.8378875311180147 0.3834837422159063
1.4145818629715738 0.18859201067470707
1.6457516938009689 0.29435093224593284
1.6249624121695767 0.49984077163440316
1.6979409409427666 0.3070961752138964
1.8109657031154027 0.36645060963666287
2.0737257711899972 0.4977298911295164
1.6680158209481923 0.3801750203740224
1.2713033976641057 0.10636609595786832
1.0296986819976097 0.018444739158191385
1.161653150565112 0.08371719951682324
1.554375309462598 0.48741005738218396
1.2628950853837688 0.1255434030830012
1.3375287369458824 0.16394014256410303
1.5812510271523137 0.27207662371728913
1.5065844994277735 0.36995872166712523
1.0354119112872087 0.023634012545984833
1.0141188164388608 0.016183216516357967
1.230516851827575 0.1156310232772641
431.0258958920603 4.7688107286376685E-4
1.8906967250028979 0.7288284490458224
1.6789916481148608 0.6852709307164273
1.9457055118008095 0.2432015614707334
2.9605526813201744 1.4118893460033906
1.995192107196584 0.9604486934828643
2.7084842754752376 1.5872806212973685
1.6909318626091343 0.5882231604533559
1.8265243738741987 0.22627385781352227
3.832502412686888 1.7472865782819154
1.9653768184779281 0.9450517708587767
2.1974107663706954 0.4507153509221577
3.125479062236126 1.792012593068999
3.185519730096446 1.383471910930325
2.9870392053398502 1.5545908240614754
2.34258414074647 1.09318113614981
3.08088615347301 1.7520314134184003
3.1806272232940103 1.553491261258905
2.9751327921615913 1.7670441865772457
1.6804078465688883 0.7163410756244826
2.0793796263408915 0.33387677643174946
1.886806214597867 0.6989908519382934
1.823768587308572 0.21591835743270735
1.912617062415027 0.9243319445796745
2.1534169150843807 0.33933541777550885
2.3134545506526067 0.9479145463884107
1.8661865266455944 0.7397027891445896
1.554085881268442 0.19395719202296097
2.0409829205014502 1.030579849040827
2.158221137292811 0.3141830039929945
2.490792518590081 1.191429334347208
3.0632423798400894 1.4140483919569093
2.1884242653737247 1.1092516357590547
2.499143129915133 1.2337244928189484
2.660331858459132 1.111434360423845
1.7752723529005614 0.6279354340303334
1.8263898217591197 0.30275420544825615
1.936760743555471 0.6193387504871797
1.7404423078121387 0.2761546870215511
1.7075671001718642 0.724598943435948
2.1334942764190497 0.40293002939722655
1.8421865424767354 0.723953683271123
1.6377559977743203 0.22646637069668907
1.8150298929112885 0.8159373873006
2.3107715592983284 0.4811871329753753
1.865549937133372 0.8937516467511253
1.6875110816591685 0.5665149887812888
1.6514050930862312 0.2593439926647126
1.6486838512214201 0.5969712774339286
1.6175903866281067 0.25679305752704173
1.9119525695234043 0.3714360708561521
1.643798590044923 0.5918907513012309
1.8911589508410573 0.343130893785862
2.1835468927318367 0.4610526629957848
1.6038143917199348 0.3630335050034866
1.5104779989919557 0.21581756375119288
1.5702589502389734 0.24609474916817178
1.8001943346041849 0.3351752680215813
1.430280516931271 0.18603280480039647
2.0257285279208785 0.919662857143639
1.834336353691433 0.8813809809965848
2.669960887997049 1.2772250145106778
2.2214368363010317 1.0966424068958132
1.78639002497889 0.8210191427966653
2.964827059296752 1.4067504139187659
2.2728065686569465 1.1716840634401806
2.952601585813763 1.4199433941915927
2.715923203892801 1.492978771646585
2.742593390414741 1.2869127084270662
3.1071568732350174 1.48639380277953
1.8336187086890865 0.8763870669609343
1.8349006386200672 0.8585237701375257
2.1648560700831903 1.084955565641864
3.0554250650426384 1.4250407079575806
1.9874572544982025 1.0225236775572843
2.2736335310959404 1.1901611588789662
2.6730031117362176 1.2998379803187885
1.7187801185369862 0.7363065881123456
1.729335450097155 0.7839777564744447
1.8843487206109262 0.9276569651234435
1.5752401070676825 0.5996767595581538
2.8656926091073034 1.338516457946867
2.0633610693052926 0.9649944343728954
2.5893260635023037 1.1419189787905415
1.9611128703403882 0.9590564636256822
2.3919811361499983 1.1335906879528515
2.4776113864518803 1.214650328573199
2.244316348054176 1.0653401099429511
2.5361704604715927 1.161049226414348
2.541600662507909 1.1972471940976033
1.9330560088830044 0.9283925567613773
2.0149872799128317 0.9877003765076798
2.305203556012594 1.1165078323771638
1.8147354451419924 0.8497344868645832
2.131098943040832 1.017964152998819
2.1767084299909594 0.9773165360000015
2.270187042416823 1.024914545011002
2.553470399976918 1.1168255442188029
2.1489000630043673 0.9728111099834298
2.159545868395806 1.0633370261650374
1.4257085285806415 0.4457107683259016
209.35699254917475 6.410489466286348E-4
2.5086926961765403 1.2861106040896855
1.523866351168985 0.5364303946261038
1.175495647843467 0.03161823348341303
4.822470553807312 2.619491282450414
2.6885749989834835 1.2829714238967367
1.602485189200236 0.597559107467609
1.6899782263067045 0.20883767088182825
3.57349752473566 2.0178830460243122
2.4709299027704974 1.2389304025660153
1.782056866394079 0.7695748149452548
2.121898251991539 1.028258356960998
2.0454149341594086 0.8775215674574817
1.5354459119760104 0.5043183165599595
1.2771326053232073 0.06356886025392794
2.9894105468921017 1.4863773188711458
1.6740415026964939 0.7046396326507027
1.7709158767387856 0.1896837653157284
4.819689358341153 2.6569084685313618
2.9610397660423775 1.4600336074808806
2.2262898207219535 1.0200721429988042
2.6377712960546873 1.4526772873621476
2.8302429015492487 1.1253544561617446
2.6978960677498547 1.3196504503877504
1.6093365430765707 0.6398813404660844
1.8741842332872118 0.2909901437603249
3.035826699686918 1.5231294777194573
1.7979755564223843 0.8451977309608003
2.6764939056329817 1.3405775426090665
2.2693107258862373 1.1195072757409916
2.8267215864115216 1.1931235845033235
3.639931141499723 1.9992659206695391
2.488701914702588 1.2243838682261767
1.813512129934362 0.8331553115995384
2.486801140655177 1.257343309122827
2.015488891219853 0.9696795310985319
2.3423664199400633 1.0948395668749322
2.1411894318457194 1.0048240083349853
2.128786022020041 0.9462336861965801
2.229861266953435 0.9994637358751951
2.5222358585673126 1.22328328097871
1.9850211814736987 0.6704096169808906
1.6714279100356157 0.6901590490519685
1.7068995910004658 0.07956372337074316
1.7648649699747447 0.6733275517896271
1.4920501579668164 0.11453272881307294
2.6243399560815144 1.2441299828278358
1.6377764506641521 0.6490307438884331
2.246620066458875 0.5589012308002594
1.624941563596424 0.6930211277186236
1.6730505221826386 0.6203971903588514
1.6073124802732326 0.11975855958988935
1.8590982146008597 0.7142500381574444
1.6879234107998298 0.18221500595156692
3.1913851157818014 1.473943964108719
1.8357363021017197 0.8370608307688174
2.2384641182956617 0.39434129877031104
1.9347163719614242 0.8921843045917266
1.7288752059759798 0.7038916528237735
1.807303449009072 0.2877230808390455
1.8296806996885357 0.7919134346586081
2.2096100214589627 0.4494526714020689
1.8334317940812677 0.8885724972511538
2.6743613832725845 1.3453597988119015
1.6887319808374428 0.7503159566343058
1.752459618883856 0.8161099041889761
1.855875450090009 0.8228180091005599
1.6434339770536701 0.664990023378446
1.8413913374382416 0.5648246897220239
1.7987347348209024 0.22573738820305456
1.9328733258032158 0.4476022546374915
1.3757290184490079 0.12465380659523076
1.6651836181798743 0.4462467975461552
1.7179397050943872 0.316598088508651
1.9619065408244531 0.4543101670225865
1.532753139899558 0.17426036607211276
2.1490106578625117 0.46694520028457087
1.5624329312668088 0.1969324419486823
1.7340077297041967 0.7138889838523236
1.906698300150993 0.3773967471466341
1.8227289233038166 0.7510629839271117
1.7862850726106265 0.3050171540088154
1.7327846672919525 0.6514663751016182
2.0355374544971085 0.44088861929509476
2.4589643941134733 0.6597882479261996
1.5865606912059795 0.6218325630517658
1.6816999536508006 0.5194650378271619
1.7449212514260646 0.25477799377553934
1.8896068027475883 0.4076242372010823
1.3329496002812533 0.14376637215498073
1.805462379210785 0.3377890298943413
1.2269597182706762 0.10510105779344588
1.4927134475512154 0.23397485071687188
1.7815461295215234 0.535647106889391
1.330269372367472 0.13554456582210003
1.8475772123560286 0.3830499660401978
1.4159327153197212 0.19182927643102085
1.646158642958444 0.29127609028679297
1.629228409654218 0.49325774328231653
1.7001376262934937 0.30321635269802033
1.811134031772167 0.3661527677477861
2.081756945289113 0.501133027749807
1.704504021896398 0.36909409582546737
1.2734059458588973 0.11067728763290212
1.041350083725939 0.018571860690743448
1.1682167031430235 0.08750555282707909
1.5544956772481529 0.4773599543868765
1.2637000265446838 0.12270462099314361
1.3396801263510163 0.16090839319651956
1.5815482683126918 0.2722039782847454
1.5195460673710703 0.34450612678922726
1.0359807466265472 0.02395712422552469
1.015137638521297 0.015839465979025177
1.2307921963527577 0.11579262175681941
433.6142955604329 3.5060282527668335E-4
1.8907507222692184 0.7287063283916585
1.6830789868923972 0.7147968010866452
1.9494293338259376 0.23976717956270366
2.9607333154936644 1.4117042355745764
1.99727173378689 0.9619444987912908
2.7094865989083194 1.593437022210245
1.6914913564406242 0.5869486667861186
1.8267270337889996 0.22643582749273744
3.870300230292796 1.7810442074386021
1.96641262505741 0.9441331227908722
2.208484481111087 0.457183027408467
3.125749963786688 1.791943425088902
3.1871802292189937 1.3789165580779987
2.987219873403335 1.5533320526020313
2.3438844358211735 1.0881602177328888
3.0810291409441986 1.752549605597522
3.1835657212339874 1.5547113808440283
2.975693112885148 1.7682523562515122
1.6820999440097144 0.6947154861461935
2.0796591998293996 0.33358684624711754
1.9098753258144872 0.6716200771088827
1.8245538360950402 0.21290614311209505
1.9128383842527783 0.924699093190549
2.1544785989576614 0.32469645673551356
2.3135273414072985 0.9478675321214268
1.8677132970328005 0.736971014849781
1.5547265356881919 0.19734536875738878
2.0410714436487725 1.0309223932098033
2.1583202353763653 0.3142891287177787
2.4944827918769663 1.1810998190581383
3.0641707164951644 1.4075707521285294
2.1922636218874656 1.121003864025003
2.5010120575754344 1.237319235668918
2.6605192364932133 1.1111519634351352
1.7803738574962429 0.6052215198414874
1.826653867180919 0.29766631455163345
1.9464466676304135 0.5942773336886905
1.7423793512504377 0.28583345904788765
1.7096305786669823 0.7133225943175134
2.1341273740525204 0.4005270894132295
1.846317822280796 0.7270540271501709
1.637977834959564 0.22366248954808765
1.8150440144681474 0.8157397876651546
2.3124666172344055 0.48035748046428106
1.8657021228286395 0.893862184214176
1.6878264680064001 0.5689826033113948
1.6522726993825185 0.2658024058726633
1.6793315480287485 0.55216597910685
1.618002557953702 0.25722946175632166
1.9128117641690339 0.36572771015252487
1.644401745186576 0.5881695007719641
1.8911610220106718 0.3431320305992433
2.241505913810525 0.428831300760411
1.6125126622177184 0.3492658691745899
1.5106142891735046 0.21589378522935435
1.5706908983719448 0.24621546204713474
1.8002865948323037 0.33494828927687725
1.4304177257135828 0.1861109390062574
2.0258421108533464 0.9195898358415362
1.8354953934154978 0.8913231391319735
2.670295905567977 1.2757966876824667
2.224231235640799 1.092952475303449
1.787271558955699 0.8162836796558399
2.9667091720762486 1.4158989386060559
2.273524648975412 1.1721469793024815
2.955428842490041 1.424716449014951
2.715925427194988 1.4929582104039707
2.743525430978068 1.2875704977198403
3.110941253158829 1.4879603354679376
1.839927083092097 0.8870683464294092
1.834929296294454 0.8558643980029963
2.1714665995705253 1.0994674875922532
3.0592357148714475 1.465453514569338
1.9889497662634903 1.017705950272474
2.273948567998538 1.1903574474455036
2.676749723179705 1.300092859582284
1.719547162683784 0.7403445367200322
1.7295334752719826 0.7843525384624439
1.8843769224868439 0.9277321571325325
1.5753102058496387 0.6009913547193481
2.0633749016008878 0.9652156609331812
2.5897947668336325 1.0648964417179234
1.9617197319853212 0.9594137919128743
2.3965895135306567 1.132801702419783
2.4776813467061345 1.2117207280303388
2.2504150430205137 1.0555004345346708
2.53642802862499 1.1611752591001216
1.936225494941517 0.9342019689865029
2.0151669671102868 0.9856173092358854
2.3101503287749563 1.1197562004915056
1.8148056655870366 0.8501092172556004
2.1311343041344166 1.0197190900427149
2.1777289944733624 0.9776980230245024
2.2786367556362594 1.024563687883088
2.153088101916431 0.9741666623204014
1.876794370273885 0.29264713876725845
1.9930773764005765 0.5412317379899967
1.8182858153757433 0.3628741373787892
2.406178233013126 0.8424537396915044
1.9873924155823195 0.3244613783107772
2.9758317527707137 1.7674777367537455
3.2111181127623727 1.4818608247236067
3.093760627169023 1.298716984398235
2.0217605036499844 0.6803645246776531
1.6923487872777543 0.6456407062238068
1.193000945300139 0.04610434300657348
1.7656426102741718 0.25814853873183324
1.6917083268039104 0.5986730898022457
1.9068637372636148 0.3772332993516036
2.740323968354318 1.2198089042482547
1.9412572025632193 0.8407168252810329
1.7476674558186418 0.23860868502846377
1.5499655707645785 0.36655942229127825
1.8488387752725164 0.8773066057924387
2.136132041463081 0.94449453185048
2.315833107726415 1.077789462954867
1.4596829499937605 0.22046102737193132
2.2626210288315116 1.0115078129385342
2.8428490868488847 1.399619030189885
2.0155656601956404 0.42352908718943516
1.7798061063741017 0.5779725317740522
1.9941154389965872 0.6101319576988908
3.534538015374536 2.021401506310042
2.0985166443219416 0.34710066225921576
2.7940091203510904 1.3839822623492228
2.9084926068932155 1.434733447178203
1.7599192754123758 0.8226727035905057
1.890436099153829 0.4069016400333304
