1.967880878332862 2.450454633299814
1.0909458162475538 1.4589593969804862
1.0026911705414194 0.5810797082981084
261.8356526241523 6.937317027579382E-4
1.2128400264031367 1.8942667271696625
1.0549080895874205 0.7010610268536084
1.122945596191355 0.029150887353511318
2.3569606494918505 2.967819559251105
1.2902755957848127 1.9908532890055293
1.069768228692479 0.8032478560358303
1.5344101878838199 0.2451725700664852
1.4434384581745587 2.939198816901756
1.1936157083933934 1.842860992737942
1.08100967179859 0.8475439968371307
1.1378113934228278 1.4551434848704734
1.3926952028594797 0.9422981355697954
1.6333298416825497 0.960117006155764
1.7261763123711602 1.4524904379615107
1.0227297411996858 0.7066069063209071
1.2322440648064068 0.12244328329006599
2.0395169424368005 1.723839788716146
1.1596539063796338 0.8573831094791845
1.6346452525543653 0.28625034865113413
2.659717496689775 2.9713824939204194
1.3436683270172867 2.33589550870112
1.4477563093599444 1.161129740173273
1.2172614815447782 1.9038884056052852
1.9445944729862845 1.3652647181475563
1.3824123425079644 2.1280198109469617
1.023132487956415 0.7989843887793615
1.6625910045088377 2.0344572103220058
1.0932442998012672 0.9733593472482829
2.290103691932397 0.5059345889779383
1.2455673717413398 2.0310925562996167
1.3738881983924518 1.1857876471359696
1.8707871431188101 1.3016313308755938
2.0463007374846915 2.3743214341858847
1.2660515892464546 1.785303345953754
1.0983666471949831 0.8520743590098837
1.2348216557712923 1.793403248845708
1.2032714768277557 0.9892490043519704
1.5234295951119896 1.1033640385479135
1.1209212729933307 1.49533631435599
1.425833470783088 0.9649823700636113
1.4992183168581183 1.0008598221997258
1.485808123140432 1.6930293517896484
1.533410687986105 0.8499195160696346
1.0989500867038244 0.8402129756613735
1.6240657616123964 0.1389754055051221
1.1597277717018655 0.9577862489096002
1.393420969421932 0.15774576799451995
1.9817287829086285 1.536994089865814
1.130253538498956 0.8525397905344313
1.7465996721460462 0.4261588757502182
1.000875258471108 0.7204114187880808
1.131653726869965 0.9021652979794271
1.5082518325466365 0.13511297695170077
1.7146611930374596 0.6292794825236923
1.5589307728352275 0.21417263733218417
2.459129374351571 1.728671902498913
1.1338941762429722 1.0901970861199177
1.9497500844375293 0.5150378465814238
1.2001647148575123 0.9809582525832192
1.3456796439344134 0.7456893261199748
1.6467352140561946 0.34820208251431817
2.3572463123878755 1.7701896006314584
1.5111009094760546 0.8224477743926014
1.9039366742257418 0.5341514095608968
1.1248977373759346 0.9953516080184981
1.9750646029668126 1.300187021117729
1.0829115517008296 0.8441869761378389
1.0749505474726895 0.8460262336512575
1.2127558041955617 0.8485304379065073
1.0738454933784258 0.809123731419189
1.426302623830534 0.741027996866342
1.6548882730440067 0.28305018914851154
1.6287172603924323 0.6217251840313979
1.278872427406293 0.12102662238565959
1.187671858408345 0.7585011669350125
1.5241665454470092 0.33333686096082876
1.468863263740583 0.7799566923445939
1.4201722883219565 0.17675485353600895
2.029555028396278 0.46503007022392195
1.4428626497577142 0.23278658154761087
1.2154053765499053 0.8985033847108596
1.6755899988267533 0.41270780430003573
1.2630436813194643 0.8519729351468067
1.6062539348388785 0.34209993021885526
1.2035873704672813 0.9178910768575246
1.7614905500636564 0.4706114829186896
1.9768201348810202 0.5785079876100958
1.0224607966422714 0.8076883908926435
1.3146151998637212 0.7040182068264378
1.5827803598826682 0.28213940732506104
1.6573766475477463 0.5247635725630385
1.2390558173103776 0.14363914237938058
1.296076161742729 0.7549075452780251
1.149347609299552 0.10855217990475274
1.3509772140380714 0.22823400070898084
1.5120627180539068 0.8076567258152192
1.2468271531921786 0.14767092263691028
1.7145087343268839 0.5624292379370182
1.3027357557486878 0.20351841828999534
1.4702510453848379 0.29894808223045416
1.1645562062705572 0.7591269634680681
1.501464428870196 0.3260045772240375
1.5917156225441393 0.37138172757388516
1.7962527992260058 0.5004041190032269
1.5300303279073035 0.4195999159820417
1.2183893882500656 0.10587688095384673
1.4814233026435424 0.5633193755575969
1.0169058874602888 0.019736725053086535
1.0996145619523208 0.0880821384503222
1.1528592355473584 0.7169877156696775
1.1909639390295 0.13854255377391378
1.2371564943217752 0.17722101229440584
1.4187042479298513 0.2842814420625028
1.0923212014327472 0.5804846536372016
1.0103287462944825 0.025788401675556193
0.9876731540657246 0.019736160138892716
1.1492346312312114 0.12378295730305236
739.5269976933519 0.001275279804195154
1.925190657628962 1.3456812166021341
1.3518911957287814 0.8627329915363716
1.0798741685915703 0.8585451905781769
1.7361612325150233 0.34771522435119673
2.0440179190139633 1.8084580573500693
1.1251213681898842 1.0404801408350934
1.3002539651203584 1.791203508279593
2.0195452730466195 1.4459716784559737
1.1426376230932678 0.9085598356975995
1.6518294413348822 0.37375351577200366
2.5349527471261 1.7461963021863744
1.1145190382535621 1.0727795769547246
1.914819256215486 0.5181684035024707
1.6678906984387212 2.1318635160552675
1.9280418150553076 1.596027145490642
1.8354361873950689 2.030707423375031
1.4688876390367849 1.226458092506855
1.5771473172176065 2.31728857462548
1.901397946309493 1.625674924527998
2.6381079754580283 1.841584908656368
1.1901684067346796 1.798371923694802
1.1557595788117512 0.7763553224617307
1.85769101917157 0.4247200835705956
1.2755366332107816 1.082608387412818
1.6905761523648635 0.31218038411234755
2.3364403584506253 1.7652546831953035
1.1399189359268018 1.1192277302253584
1.9155086072910903 0.4735279858832954
1.5385207264376421 1.1513852365101969
1.3803576971261977 0.9046662632639659
1.4420699181942251 0.23277806913655624
1.327634205069114 1.1313343178776514
1.9253096450662464 0.4950802889767613
1.5187182335462164 1.3577220569818862
1.9740184364567575 1.797916350401218
1.297168204452218 1.1890598189982358
1.5127333682127397 1.3487341490462894
1.8406233132327128 1.3003266963519753
1.6018993773775065 0.6194939141366382
1.647219311524025 0.34256349289165416
1.7672437487547696 0.5954132910434207
1.5821635149134934 0.33619138121375075
1.258923734037936 0.8577107016983372
1.8682778078784472 0.502581574868383
1.3097030218756966 1.2179509874860843
1.5140111359224289 0.2730341715808783
1.3563587851988181 0.8654721649199829
2.0027531457255554 0.5874593869023129
1.0676010513274095 0.9860466229875103
1.2294672095486052 0.8276365514013462
1.493556422613873 0.2879771801974704
1.1425396797051695 0.844339050642148
1.4623198962546322 0.28047425939329396
1.690126515641365 0.40717664655632646
1.368053716044237 0.7214215521135785
1.6795603920564193 0.39850378972144707
1.8371896052517922 0.5095725354253945
1.2563227706433089 0.6682407857830865
1.3798400690773727 0.23957665672466893
1.4218354347296964 0.2732495432177
1.6037591848347872 0.3717021591897512
1.3080514371551586 0.2101650854390322
1.9113028614304448 1.5644058424551341
1.2953798095502504 0.9750649791149257
1.0821464054981274 0.9218518253788907
1.9145373373023644 1.4866201109557209
1.2946656610252922 1.1353028297467587
1.9122253946337155 1.3334832119757218
1.0707590192703595 0.9349044631736176
1.8984903481760451 1.8948745983071438
1.2737855020205218 1.2280888807004615
1.831304597357093 1.4456048627774645
1.423980362548028 1.953640258931815
1.6944907203817845 1.3678874245857076
1.910155682695783 1.5129868202061416
1.0545310717475667 0.9361820830654675
1.1835282147529216 1.0099819014217912
1.2390360653989894 1.1147677063760857
2.270234569371126 1.7055889204640022
1.0673583074857809 1.0686938118263454
2.183578393943931 0.7109722823340832
1.241821588195028 1.233909961496745
1.6385853953516882 1.3421377163493213
1.1111967027985488 0.9197760397276438
1.21316096487403 0.8205499976079812
2.093557913554503 0.6629971963273711
1.0987397728470396 0.9595753071581326
1.119502806017793 0.7944092327977533
1.920580942501227 0.58668924465227
1.9716903227372837 0.615952397747999
1.645259726840873 1.5377204434109775
1.3053981377813813 0.9952475060540247
1.693128409829334 1.6311929879975045
1.1540066446516262 0.9661628078839684
1.5292587647716673 1.1150183639391862
1.3437220454138035 1.8008066572088917
1.4007014814211294 1.1085019661433144
1.586903144642498 1.2035082114900106
1.8961467984415454 1.3487596250866476
1.6846070635661943 1.4501196281679505
1.145616194324556 0.9559053669100093
1.212369053268924 0.9989979362052176
1.4286833697448043 1.1458550543799049
1.101691580890706 0.8686892825900354
1.3037153481177683 1.4735231554786932
1.4510582096621678 0.9870022551098367
1.5095663173040865 1.020717060968198
1.7152566190615366 1.1409814871881758
1.426269755172093 0.9755721391506254
1.9754223865071545 2.4499220381990647
1.0909862680982398 1.4589072370287048
1.0409509382507194 0.6242563521131456
337.5977456756589 0.0011333350145739107
1.219789285043154 1.8599404440829737
1.056838435496451 0.7195607932997345
1.124907524583731 0.03887464507742278
2.3677059939043685 2.9293608814796883
1.294404756372727 2.015733407807457
1.0718007110556362 0.7988790514158899
1.534646462542164 0.24263572502658975
1.4619069489598566 2.9996657774186586
1.2759901743098048 1.785761017764833
1.0830525179217945 0.8453531045511206
1.1956992318821962 1.4052326450318267
1.3961670142856086 0.942975311194001
1.6392186989862683 0.9194485909262016
1.7951823077075753 1.4582568626526886
1.0416533413588822 0.6974339764703346
1.2323466810122021 0.12219741656027722
2.0872743034209735 1.677430620505303
1.1650883971228183 0.8405762649134687
1.6356983935136422 0.2879286023518579
1.365028301368054 2.416349719157365
1.448001951248483 1.1623694638743576
1.2183428852371283 1.9028085793159017
1.9448229931187104 1.3524912012781325
1.4977122996970704 2.045305489906476
1.0901485483787023 0.7752234371499463
1.699856128271521 2.007344079278594
1.1160857130191584 1.0064479372720645
1.255785991982357 2.025371004068323
1.374451528392198 1.1920828182253365
1.8774051492231596 1.2934888282216437
2.048024866506941 2.4220086471255136
1.2865789239759446 1.7798100581479388
1.1083355337790257 0.8733426199019612
1.2428612587804626 1.7859113209674784
1.2167791053177424 1.0047217676682554
1.5251610517752638 1.102399305668693
1.1238055402213305 1.4989349340676692
1.4258400734353027 0.9660715243118333
1.501348898663003 1.0032216714857287
1.4902452760640001 1.6885205141308828
1.5341209093442427 0.8490796624636909
1.1062883363727578 0.8341135433481177
1.6257482104509418 0.14662001463884733
1.2458293270146683 0.9001642798964786
1.3947823422536474 0.16428886051155683
2.1282021032280785 1.3010250911092167
1.333048529304707 0.698942254948603
1.7487803438830432 0.41436909053646037
1.0011208860265053 0.7192186019448472
1.1422554636512419 0.9326911181976028
1.508962998403904 0.12890199826428184
1.7901909924048411 0.585306661990938
1.5595327024205936 0.2148386391982608
1.185554689210984 1.0822915610529091
1.9507676169469375 0.510239911923828
1.2002319399197598 0.980375288576011
1.4096224476183024 0.6998353164599438
1.6476248291093212 0.3494536088309515
2.3587627107145264 1.7701693487890926
1.5228947370953003 0.8413093466745122
1.9039724742354691 0.5337243871496737
1.144995116095892 0.9345136702561012
1.997756104350511 1.2808784096191128
1.0843128618847726 0.8372545404760291
1.080192151294404 0.8415115355150963
1.2136506317718938 0.8485504533776072
1.0837894820945808 0.7949359500621003
1.448747050368744 0.7323499561394926
1.6568727242560164 0.2782105621305013
1.6405944832685804 0.6026001509148847
1.281455532904146 0.12346689255876933
1.5324133422908188 0.5564955505636417
1.5319553677215014 0.3392340312778779
1.629352141769672 0.727251702105092
1.4215669018937975 0.1768202808526474
2.0559772229338806 0.4429147468361187
1.4430145057818782 0.23290782393875528
1.2225426324346766 0.8917503132106542
1.6756102786098155 0.41411672516051545
1.5288251054995936 0.6846507031723257
1.6071003461183495 0.3434220204489547
1.2091040276639846 0.9189707214736278
1.7618330908827025 0.4745084228706574
1.984237628895853 0.5746355539960429
1.1291348897398907 0.7342003122922325
1.3186306051438248 0.6292159691679247
1.5829440814105609 0.28584744647084104
1.2395331517359733 0.14291746880503595
1.321041807751366 0.7061811803784406
1.1496771656262126 0.10903313845841159
1.3516906740196986 0.22876630845957455
1.5306502302683895 0.7783410909407511
1.2471866971471126 0.14668133100593664
1.7467834960030686 0.5473391059836334
1.3081095706083816 0.20155192361554167
1.4809453281287035 0.31500993641904335
1.2335584136102216 0.8439714316145392
1.501772857473231 0.32641072500725593
1.5932330757524786 0.36883613944518295
1.5348002594019199 0.42059503129050924
1.2268224676180937 0.13556699861895663
1.568876693097767 0.4172764553315225
1.0173841272002553 0.016923959103468684
1.1022879411510789 0.09072210615168276
1.3900931072423721 0.5773038617368981
1.1920917182160362 0.1395937641199927
1.2380490792902907 0.17786096833095033
1.4214937825336234 0.2863222922521442
1.1114891712090538 0.5536379789699639
1.0115260248048137 0.02471623184374851
0.9921001346365187 0.021542225812233466
1.1514706915123363 0.12167421089919206
739.5412966081661 0.0012752584560675926
1.9353034518422865 1.3363392843629156
1.3565374682986029 0.8774422057739827
1.0865924593362195 0.8568864798497631
1.7367053110941355 0.3461613209011111
2.051932124988727 1.953892397380335
1.13659757769935 1.0379850865728364
1.3372129887496274 1.7266493435192758
2.0202263388388038 1.446142684153636
1.1480502782318682 0.9163770193009569
1.652035964304147 0.37347617543237127
2.539829935137046 1.7913753963045531
1.1175251031572233 1.0705913691112294
1.915971553558677 0.518388104765777
1.6770270011231787 2.162152291294826
2.230675602112307 1.5949148771137702
1.8400929679158384 2.0274710015503774
1.497679212789658 1.1839023557335826
1.6209998841351811 2.2523559373492352
1.9048972159134236 1.6096861810195395
2.7331640841486755 1.6523995978845223
1.1975449586180988 1.8092632670588285
1.3486399098326114 0.8397708624873739
1.8580891440198894 0.4248098438814399
1.3209824599914328 0.9841621648831747
1.69124996943614 0.32934215548465084
2.396087546667726 1.7653762955993901
1.165507908728116 1.0197979046389352
1.9171045394449586 0.4725771151823406
1.5388902990761992 1.1555764454031001
1.3831967374060734 0.9105723516294328
1.4432099040445523 0.2331371450804871
1.3401904252660615 1.1270209520256447
1.9259130800759743 0.4896618157594308
1.5529067239694045 1.3115787936546135
1.9884103004130376 1.772963662040402
1.330193547915949 1.1959423371328899
1.515002051827463 1.3503815457528976
1.8435669113088147 1.2947493172269695
1.6182039359854006 0.6094547201580907
1.648010097458656 0.3425750335252997
1.7676853184146522 0.5891552395389585
1.5828939101942154 0.3349131393654089
1.307673953369945 0.8126650279892444
1.8711019449686472 0.4996046473501203
1.3440643819411289 0.9705646654106196
1.5160895308714508 0.27526722156632183
1.8606115180331222 0.8982762723141566
2.0204060541512474 0.5882091722091765
1.0951031174293864 0.9953320031802494
1.2385798906351173 0.8276365514013462
1.4937609522884308 0.28931939184276584
1.916978047143757 1.0647692355176197
1.4623238263951344 0.2805875352287311
1.6924334527310005 0.40714797838062555
1.388061955278253 0.7039523681788562
1.681773273004576 0.40200439115760433
1.8374195923456786 0.5102223981620249
1.3013218613196822 0.5544669279868283
1.3801849849831198 0.2397572227670468
1.4227189608977444 0.273846275721194
1.6039103078969408 0.3719218249969757
1.3082302062186766 0.21009671148155093
2.00091648787265 1.4611071948396686
1.3063775569444236 0.9675984567186915
1.1146850672578266 0.9620236454447539
1.991874224903475 1.3649012707095216
1.2964244754451828 1.1351434949092882
1.9126776317862504 1.3427240570746197
1.0790254377800446 0.9351006127607818
1.9075837221368606 1.9183810243537227
1.2749541429744427 1.2300917518170749
1.8313650468796485 1.4526619048280232
1.5592262218940274 1.8580381634483965
1.6952370009293083 1.3690393543063015
1.919211116442783 1.5194716664486316
1.0686972787679847 0.936710191595375
1.2109068320708258 0.9685116164666041
1.2495494291741849 1.1140817463630668
1.1049371609381227 1.0582719619025927
2.196350772537952 0.7390960143954897
1.2515514388421243 1.2315294365159672
1.639149940988997 1.3417350637533163
1.1170938312926595 0.8861044735901704
1.6434647622655092 1.2796340942361755
2.1053275895555803 0.6602256447380495
1.13993300866884 1.022191056890975
1.1636193775643089 0.72032397152196
1.930079769628241 0.5932082569213586
1.975667612313787 0.614215563703593
1.7683308384032932 1.3353723559884383
1.3350820047947567 0.9747850048058514
1.7382629275585448 1.5576239984669509
1.157293322933148 0.9670122687823997
1.5325418053908257 1.1156991614290088
1.3905745665914648 1.7197993581558233
1.4017304215725142 1.1097231536797083
1.5898783600234103 1.217973499907724
1.8974339290510547 1.3480826320054438
1.7013862069137307 1.4424497248634571
1.154385384542803 0.9567140520602535
1.2126016152135537 0.9939997991990565
1.4331115589523635 1.1408665779651688
1.1063753857017204 0.8712967740090517
1.3316644121659367 1.3414608445272012
1.4511625057430337 0.9870717072277861
1.5109169610709055 1.021194591420889
1.7155563759567232 1.1412499984558115
1.426550042602352 0.9754177452790457
1.5173370329536477 0.7624348766974461
1.3037131120358099 0.870529999464819
1.9705723478526023 0.5884584502309596
1.4071294599490514 0.2465994573313795
1.3591268306640603 0.8797977224405957
1.3400328352692237 1.2045096987973192
