2.4555183653950095 2.7099422083305584
1.6436880905951459 1.937473667835826
1.5722239818271553 1.5681691724874738
169673.68405380414 1.0097136316027358
3.8507059576824445 3.7551695626629327
1.776382126493206 2.044977305270684
1.5660907563794733 1.6180498398245378
1.7788069620570588 1.1737216643616728
5.28910504277862 4.445727071502301
3.430724965904049 3.406817363214609
1.8934567895257435 2.056240681810651
1.5800485651945366 1.6534582898522268
1.7973878474055005 1.1918138296057799
2.599309545343948 2.82981721450793
1.8184482223743905 2.0365699187129986
1.597344765855841 1.656047965219041
1.8143732742134424 1.194710404445962
1.7304025348617667 1.9556422355699907
1.6258397962278197 1.6203710066555266
1.8380653909965377 1.182089521815295
1.683631162408755 1.5949148880302908
1.8689887554915219 1.2108780520316833
194294.76369241835 1.1096537310757544
3.196008582235896 3.17730402410782
1.7729513908722028 1.9954469836037583
1.5680484593841135 1.6314926289522325
1.7802854404825519 1.1976170126092232
4.0589889123731755 3.624364375747983
2.52498854254535 2.7266515599147456
2.7178597738635832 2.36714812173156
3.091755333478937 3.1072941066030486
2.5525897301514737 2.7320733798169674
2.6184394318308906 2.275973326053326
2.5779073987192396 2.6894580955225944
2.685727835172929 2.239711495042139
2.9000473856794735 2.2908264164877563
5.317470248313456 4.490960947219045
3.212859438393079 3.2339393893692474
1.8865149345784222 2.0566064123158645
1.5851380267797373 1.6676610609988156
1.7996262091066662 1.1903701991084645
3.1351030479483013 3.121695686114177
2.5368512497202507 2.7284736665179605
2.613774198558702 2.2281878993509836
2.5653174840625312 2.679420117288307
2.6782284589131566 2.3156068008836383
2.825199359435756 2.30193647371475
2.591111795508123 2.7766707045198973
1.8269240190743035 2.0266772491196066
1.6065984460943987 1.6491212625744396
1.8264348889346975 1.1984117848729166
2.760190758108684 2.5633356807803356
2.70133874732027 2.2981320146718502
2.8710162012258293 2.3903609014984695
1.7244825423610057 1.9425501237063796
1.6238064176199685 1.6269971557620941
1.8490829717597315 1.1988570845643043
1.6850237369770367 1.5739857224471343
1.8721311877161624 1.220224445644291
195658.9079376481 1.1171753602176981
3.1142199464526783 3.068423638519893
2.499341411954796 2.6373122357494463
2.74036240297522 2.172671946441193
3.9816303324142366 3.655976594537619
2.4759805694035975 2.704644421423832
2.7111224948948696 2.2264354040295093
2.9526806418173592 3.0218217124717794
2.5078083892662417 2.7142621595737397
2.829423417897374 2.473802378713461
2.4597699730033735 2.577141237994435
2.629406736513824 2.2049767164506333
2.726025888788522 2.1562816681649264
3.789971582049275 3.6716038756140152
2.4817172558007496 2.718844898482813
2.953295104922389 2.4084547320189387
4.043724178373102 3.721157968189906
3.6681114387659637 3.5171841922366323
3.705970589875993 3.3746223142974885
2.9507634070324076 2.9964887562738953
2.5216470625593184 2.6801347843589847
2.5899366206470873 2.250940088109664
3.75363543711347 3.3998621116941297
2.4845506813696976 2.584454690295507
2.6325366901365506 2.217906600902354
2.732568176375827 2.1502436039779687
2.813802173250466 2.966972479115131
2.3971337529562184 2.6154371005366923
2.7219824887520145 2.297382960742274
3.1001068575914528 2.997891927844287
2.420280533573532 2.667628533234607
2.528394233941122 2.2429292799161322
2.411706393662105 2.630628570402597
2.565529663304729 2.2094248289540617
2.625083542423142 2.1761827920828147
2.807587501895237 2.943462832634615
2.430750145120448 2.683691805094198
2.52015905088999 2.2377624506030154
3.684895728880175 3.3364050639225344
2.4252652957992376 2.6310198492403134
2.8484528389658985 2.4833438051342966
2.6346651352675226 2.175118790805053
2.4540443187551144 2.6172034900091528
2.416721943456394 2.514291634842629
2.588507830153649 2.1776461032904777
2.348807306885517 2.5238808327747533
2.5664528158977946 2.1918423289091984
2.560876128233624 2.152691114413251
2.3536357360460407 2.5385583699332845
2.5388721088229462 2.182232007863886
2.576932419424883 2.1629544508239658
1.5728956681589594 1.8436803403360547
2.658455901289307 2.186269898451972
2.593805193326425 2.143182966342915
2.5927042936509017 2.130600778778847
1.5142370935810634 1.5404283324469705
158802.52721072553 0.9523704639266551
3.245400122017414 3.253637782701033
1.7645557667273932 2.001041273599222
1.5591779881509766 1.6001523107545776
1.7735112113664138 1.172256810303229
6.056283496240338 4.853297430491065
4.091814645164721 3.749444919285872
2.03744389309152 2.1791949871943177
1.5575951505608774 1.6896484104501468
1.7839495697708174 1.2176851960527517
2.9760281268534707 2.99701935594436
2.04340263394318 2.0646772039113364
1.5818356388775476 1.7216267499032558
1.7998388277875728 1.185865813908618
1.8328615186804624 2.0635362491138634
1.6016965645106682 1.695816289644507
1.8274268666905058 1.218733618338042
1.6599042609551025 1.6420826813390539
1.8551111805463605 1.220730128637132
1.9221396450383579 1.2505230376667942
3.7064679411809953 3.4824059854585765
2.219500896519224 2.4855551264191442
1.5638064622656422 1.6440437925511824
1.7795803492903133 1.1870458127899166
3.9235431942534964 3.609045803167123
2.636689788905644 2.8151699215220116
2.6745318096738924 2.4083870296404437
2.581674629968746 2.7484476341473174
2.7446707959764414 2.4878949317879346
2.943959163961723 2.968998190631367
2.047174955294321 2.0950063038556346
1.5855380237336396 1.729845747459022
1.7962386246499533 1.2067367794084916
2.574607214603977 2.7340961445171477
2.7514415303678508 2.475786909070378
2.824680490044757 2.3752224180266035
1.84088250401464 2.0566741784000664
1.604713908637548 1.7055147646138211
1.8297406884210328 1.2138161729837722
1.6632866506844644 1.6570331763623967
1.8594302640355873 1.2140702531795773
1.9295638490240226 1.2412309160115282
3.633414566587572 3.4118847013558
2.465385023604538 2.68932638925262
2.7384541210919187 2.3399566420363604
3.910822952044135 3.630542630497839
2.6096989451134727 2.754681349817221
2.7983942566777307 2.562784598477921
2.477814873049134 2.7046186505276504
2.615894132313942 2.2063614201724664
3.8997875861500835 3.628738849809803
2.5655701995776448 2.8155468700144315
2.5458557002771585 2.3710823350089187
3.6650456760880408 3.498628927762667
2.4873599641474304 2.6826139713901966
2.681079215915035 2.254217816453132
2.6093888807799863 2.2169521909513943
2.797914664487176 2.9853837177739084
2.4108834401094876 2.676338797524444
2.623115664756203 2.298407352303961
2.405997552261412 2.641016500290264
2.6077549597750185 2.4684568444576342
2.41354426318099 2.684957630669844
2.6235169310244197 2.304302027015505
2.636609735845866 2.363550629255088
1.6787971415784286 1.9991881639336566
2.6666968918172023 2.248700612384058
2.6944921905412507 2.38232060914309
1.5008667233063973 1.5788896548048479
1.7058315970035087 1.1451266640975717
2.857878017234724 2.9811203360639813
1.841629962623727 2.0589665194922993
1.5590882541667117 1.6703199175283863
1.7796887436455464 1.1757919084436668
2.9462136732945545 2.9724836339732823
2.005142840416573 2.1553610445688114
1.554865669888371 1.7239819530785523
1.7754305711831173 1.1956841683938135
1.8758242037122588 2.0793968990934553
1.5738595751458848 1.7242174330267264
1.791595331239774 1.1735192686098852
1.6263648752054438 1.6762160179196108
1.8292220049695074 1.2130926806455045
1.903559585562412 1.2318003360823016
2.8527548756206538 2.9474499169648176
1.9880251519024572 2.092119082314017
1.5619067404750324 1.7238954784531761
1.7753739507342807 1.192851429733813
2.5830367202232374 2.7620262060712077
3.1772130114554558 2.4366892787093297
1.8790799195415484 2.0812616517395073
1.5862873667076842 1.7315300260735258
1.797336506030817 1.1845707627047903
2.773291112293152 2.3350572380574466
1.6317747437796206 1.6837227972965774
1.835870714207493 1.213402744295279
1.9135574776416604 1.266105636708789
2.823631855827558 2.921780672310604
2.4225125908147502 2.6569290997572703
2.4109098085227165 2.6651203558829524
2.789574394501772 2.6066666411532537
2.5209998332060373 2.233213714925048
2.421829796450114 2.67057189674728
2.714744680927308 2.522537972153178
2.5546710195743105 2.2227714444702844
1.7856081737007514 2.0190170748206855
2.5868133196258585 2.3664891051049226
1.4991960264340787 1.6293517815724439
1.7084877169014572 1.1727216566298628
2.2770132262164853 2.5211972536485416
1.7343576449686324 1.9993005676118183
1.540596746278096 1.6408604517474816
1.768046967584696 1.1825439202849681
1.7534379413643704 2.0468105223545208
1.5355290822461263 1.6743190900180318
1.7669607755701486 1.1651477178964733
1.596404606752309 1.6511879395859446
1.7919830642549759 1.1973666385364772
1.8724138403385475 1.2257379002120863
1.7581409010092852 2.0291132011724726
1.5470510972769107 1.6698198949775223
1.7812647742993337 1.1954522389212108
2.8309942490141893 2.265155509978724
1.6052779857889363 1.6842690026867382
1.8001199400774546 1.199767289304103
1.8848994701832402 1.2321360717263667
1.7239356956558671 2.0117301454214744
2.7846487691351407 2.20705069436605
2.7396060019168997 2.3812194020095374
1.5175448860347274 1.6378100939016202
1.724658102840368 1.1540821621337167
1.6052261532470022 1.8939846329412549
1.5378429510726956 1.5914729202501219
1.7544996575804512 1.1633915407089424
1.573990034525275 1.6000733538469807
1.7516978409342832 1.197990080766378
1.8370829126634123 1.2203771301177786
1.5924916103284419 1.6224043368489705
1.7746400030918634 1.182496707206315
1.8510163928318637 1.2064755939566292
1.533899005502618 1.5933730417673357
1.7387485547236583 1.1747315965270766
1.5513597810679869 1.5239967760611783
1.7506677428954385 1.1854205438930754
1.8037627130535439 1.207923010059834
1.831233192317807 1.2075322723259312
1.7520981953851187 1.180352101619456
164123.94615418138 0.9815615499829446
1.9746583543422642 1.169370802791156
2.7411362543306144 2.168497292243889
3.9113462300623314 3.6236664967137813
3.902205869523356 3.65047684833988
2.5937295799796996 2.2222938292883185
1.755481503116497 1.1824528029848818
2.9602047730830394 3.014576096982175
2.6948227930594952 2.23626003808029
2.3169027801987236 2.4453630074873933
1.7930424718830935 1.18001311578975
1.8510225784187584 1.2061545518301475
1.7268733041479916 1.7219573686027283
1.6193969737135618 1.661159488069401
183337.29407680602 1.1993351473293357
1.8650984502526344 1.3187369575315195
1.663157338814821 1.652866037975344
2.664743535051287 2.9428043634208616
3.5406662875943815 3.5231698504926445
2.8262086294554507 2.4655423439859074
1.9149733726202218 1.2151227530117374
2.5082815822244315 2.673848927854144
3.64048693385563 3.442958841164616
1.9382270527844954 1.2656294678664786
4.524512982750822 3.9209545265950245
1.7321828339985352 1.962989007449074
2.0514548601784393 2.115169864922252
2.9349523302079903 2.9700141498038803
1.5668608436916853 1.6768704991409165
1.5722594909217222 1.524959605035858
2.0017061085827668 1.225585593378886
1.8858000252373825 1.244914861174457
1.962888783091615 2.108072951369836
1.5609548332601901 1.5342614630281202
1.7032245808746205 1.3906534387817917
1.7738120501712977 1.1961281146195744
2.3547150833766666 2.5405061348083517
2.823565685740293 2.9500869058631736
1.9042045663773322 1.3036806683284512
1.7982328355564823 1.2222182249594291
2.7888448216417645 2.307618868813426
2.977140713833164 2.9988633847113895
2.605544667250901 2.854533086994114
2.882576563714836 2.99787276367421
1.8330691438680289 1.2327504643756109
1.6283294633624559 1.6239505326098036
2.622644576289933 2.278866450754647
3.465346342532231 3.4385632131476416
2.690751722534831 2.6507136705223866
1.5758593674528893 1.7396698549907368
3.5726829196957857 3.300103384472875
2.73732251850676 2.5056044082098436
1.712591969054531 1.1840120498220381
1.7588525146201923 1.2168349948671642
2.614883553398621 2.612363265976988
2.564305946928948 2.335644392641261
1.7806929881894304 1.1979971133755989
2.544510521943454 2.2076155797579102
1.8576984342747305 1.2328916650163897
2.5786941050294985 2.6883025426434637
2.6400109479647966 2.258298925098981
2.530454164933378 2.677647723558417
2.6643930329576557 2.8388587197108306
1.6348974574686335 1.7368899314500397
6.083318933663144 4.885490345471357
2.798532967498193 2.5640944480746457
2.718835006428757 2.522748413075556
2.6247321453597805 2.3012718359562525
3.8200982706157522 3.6612188296984254
3.7939249417744434 3.4939211083205457
2.4139055433550727 2.691708826463425
2.5640141976483473 2.1504110076069054
2.6445924968164634 2.150053197709099
2.9885237567448018 3.0191200588468114
3.8014807222743388 3.551250032955404
1.593998777671834 1.685680389015583
2.604801307247283 2.2379050614057414
1.7815249136338704 2.020319608431956
1.5744969730862124 1.5975617777474782
2.6021820440522556 2.543262192519746
1.7102739961936337 1.6728644065070855
1.5863901458540757 1.733067592558013
1.9061171813101292 1.2337051919170525
1.520110160390146 1.6424839161307716
2.5089675282674735 2.7112651031718826
1.5557743679997817 1.7225502789155678
1.6471185799872838 1.7206524488498518
4.012821250678289 3.678460928946018
1.8797755825041604 2.0889424456650536
1.5560202820963092 1.680251658543835
2.1072730421766264 2.160468349689703
1.7821369592312144 1.169106171406237
1.7354679406283187 1.884986129425751
2.953810708097138 2.5985988202205768
2.7645525440424734 2.223773742334516
1.8690171944306662 1.2108620488571171
1.5978795626021483 1.6512385702686272
1.691602213934809 1.695326725203541
1.7749561337091524 1.1742219457264977
2.5404766121772204 2.1814285781424947
2.7204391865835573 2.253797566118691
2.861035708310753 2.1634640626656605
2.6810617025975643 2.3376387758422084
2.69529302331714 2.3755145889068743
182433.2594269271 1.085823821984899
2.5806438276241113 2.843861707997494
2.625679531109753 2.188067047343976
2.512072667011682 2.400180848508499
2.7262472852650075 2.920651219233023
2.819857594695416 2.379627967766641
3.8036694740153125 3.529906614198646
1.8585019869261328 2.1271995738368656
1.7979118637465086 1.1791312018110955
1.7508171924865708 1.1854125898242558
3.6565490214406156 3.4539307265464507
3.8557190093265588 3.472015093465175
2.669399157264481 2.1904971843266687
2.828124099380153 2.174632279189132
2.752429701320327 2.603727648294111
2.5446267441844896 2.703062194614838
185208.54427624936 1.1239645116955275
1.5357949653175367 1.6746687737587473
3.063621615688267 2.29943192999881
1.8509673327461829 2.0991669865551743
2.5841521484835415 2.7368629000200224
1.7754545048135082 1.1919646321757722
2.4202969937154033 2.6626441443124937
1.9158241389899526 1.2671560556218924
5.305024864786867 4.413433417522198
1.626391805936902 1.6766440866689798
2.6370133702152887 2.81589638825536
1.826519124663947 1.1883676555261409
2.0727151671412933 2.0122067517020388
2.6863785280828485 2.2313114571001393
2.51746264832245 2.6154670694984454
2.6331156308305337 2.2339708076852567
1.6454948623985612 1.9350479455067406
196384.85689083903 1.1215623648404205
1.8265935152267991 1.2108333278609715
2.4855019821341786 2.583944804212972
1.9400764642022152 1.0891156949522176
4.123021497298087 3.9033124036600486
2.831770807500459 2.967704864052415
3.1791276589022255 2.317817304804082
1.7951001977798025 2.09222597569569
1.5874893630492752 1.6703667142686769
1.5635383332442887 1.5147734533645596
1.830620690325338 2.073303355145416
2.4308580904158257 2.683437183198045
1.8517513545308284 1.2412970221099877
2.7263691099962593 2.1571498245914653
1.8163619369730648 1.222457244127939
1.5860224476685776 1.6688729632964847
1.8434799025733466 1.9452206509662082
2.768844676102078 2.418433079608591
1.8081227887349587 1.637931125203666
1.6087029728376105 1.5523784747343625
2.487520560092287 2.6830754870013944
1.6818507020496594 2.0068139601236568
1.706918658284104 1.5399875614797158
1.8491102341455177 1.1984446249683103
1.9330698373940645 1.1896398472729461
1.7862249620566415 1.8941815336520027
1.952405679729855 1.9390096844091773
5.34901011240591 4.528194088082246
1.937316101520493 1.2661945906847873
2.7930014050449112 2.5146027790410286
2.4344412531426007 2.6845363708999983
1.8398993934019843 2.0853585252984317
1.8011264750446965 1.1916468915853615
2.6327532973062593 2.6832838030546675
1.573784104811655 1.8494156908074468
1.752207321707495 1.2003093910558138
1.8095570728371877 1.9743042065824743
2.594776867613761 2.140064388257226
1.9114095084968632 1.477622030279575
3.7852309688668964 3.5931464344297055
2.5763412991704997 2.765591205272395
1.7249779338386646 1.2068460516953614
2.7799345469367527 2.447441949316646
1.7302799412372885 1.1593222332329232
2.7051748377958944 2.6145324314242275
1.8810836043175603 2.0691847580828173
2.4590934549224235 2.656102720422863
1.814355101772862 1.9074749215819575
1.7528726504746768 2.0802227685953794
2.412837609396481 2.6303618462975376
1.6623663899253374 1.7216923920604255
1.6382303203618673 1.5695237814448644
2.4480431272052114 2.6860232857102995
1.932955037550805 1.2806991738505509
1.578048708582239 1.6928679725356468
1.8512179952291854 2.0269268268525504
2.970955773047417 2.367389027627209
1.8209630750038965 1.194815360036758
2.4557955409488605 2.711448567107274
1.8686456770463695 1.3085224668095998
2.881294207420762 3.0195777330646045
2.8451230041269393 2.3153445316189942
2.716378589502365 2.226491227342763
