1.4826056423998284 4.1233916461368985
0.7222229758031653 3.0691687316088725
0.5847067337727545 1.999556891730703
0.667304422530036 1.4550421906378654
3864.3198321275668 0.9083319893816323
0.9295769934738258 3.880751462842168
0.6024581063568186 2.2632716417945886
0.6517262876525535 1.549396761434239
1.012758225854485 0.9397358764989607
1.1577999048031797 5.1142998560243305
0.9680613107095856 3.6833268690460645
0.7529631539561058 2.265533299925704
0.6491755756935332 1.6124719896067061
1.0301426331740728 0.9679396193024868
0.7158309655170321 3.055613226327366
0.6174562757661609 2.2505146507150013
0.6307363623052594 1.6002936657795397
1.029273452286167 0.9667469325927033
0.5914300535492297 2.0193937073332044
0.6606368480917238 1.5597541828182828
1.0427800335878061 0.9616396951409054
0.7294237180696008 1.5025365389113736
1.0532336259649473 0.9814859821501523
25937.28035158189 0.988543288839721
0.9088532727983801 3.720489820545057
0.6028332642330104 2.263260458480196
0.6450549617796439 1.5372594564661353
1.015663734201766 0.9508296157980825
1.8296985786507909 5.11075239860762
1.2382773724282456 4.070783745243934
0.7720037488405727 2.809429227550258
0.8642348597875524 3.7775661137467584
0.7278200555849373 2.8075195736800014
1.657533488102759 2.5155752882815827
0.962404241330637 2.787857596265706
1.3891135182874714 1.9997000815152655
1.2930350461286535 2.145429814159603
1.1773336184355137 5.188395000241994
0.8920836330600141 3.7473690824138126
0.6949834032092274 2.56825174732786
0.6368750369666751 1.6025864666779754
1.025928548396757 0.9422381427117066
0.8816005095666186 3.7297750808245773
0.7139328965650473 2.7888539255462863
1.6889277656669845 2.3714819065517054
0.768632168068786 2.7512764228273094
1.7912135026498746 2.473014983074492
1.1024428499370609 2.0732248775898423
0.7170059186914738 3.058837943565784
0.6559585563202794 2.19329983962646
0.6203805540464874 1.5970949056715038
1.0263558002147886 0.9641137228215717
1.1630283576838973 2.668922568439254
1.5015863754373537 2.2230201073455347
0.584345580539137 2.004606290496415
0.6402465165959825 1.5354265613994058
1.0395016614902517 0.9775168970704098
0.7139555268480836 1.4811458052849293
1.0513910131259898 0.986654387926285
26318.267134245212 0.9891865909249967
0.8783594373120953 3.878193318501157
0.8723048265592201 2.635933798409275
1.0686980565417878 1.9491291991737272
1.2514066030260271 4.01503333102455
0.7616257175437953 2.7768061930299575
0.9509237267854941 2.0501982597732664
0.9203398434946626 3.830170236584453
0.7342773659616059 2.7963482854482704
1.125689503609713 2.15930709891683
0.759070827227468 2.600796845202712
0.949860462579063 2.033698441257846
1.0618559659143068 1.943943191082052
1.5089657598848198 3.9407846041823387
0.7334658515132316 2.8027548626461485
1.282058423212378 2.2249122483157135
1.2003154146528374 4.130669643741079
1.0872446132588787 3.503986685939394
0.9429770902424727 3.3890186784381617
1.2078517691448485 3.0857007866433754
0.7408800140921785 2.791439137145285
0.9261462399402588 2.113004191641794
1.1475422001585984 3.3479633190313285
0.7332355302216594 2.5614998392897226
1.00470133873125 2.1041845405152824
1.0155653028749974 1.918437440555225
1.5503025810812532 3.90550769647204
0.8761294037955694 3.853768095204799
0.7310627706797402 2.620771747616442
0.9934438852548144 1.994763132168457
0.8855336024288946 3.822525802309663
0.739396566197317 2.78087736774384
1.1651491228742525 2.2248932953943146
0.7047575186845374 2.6184844802765026
0.9374360077464519 2.113632617901464
0.9747597238015167 1.97772219278316
0.8616626424769352 3.812910195016686
0.7125703086607232 2.7650226994934575
0.9255503669574665 2.0873318351882153
1.5187169360864914 3.5344719977250065
0.7236383901830815 2.659175751852061
1.1181910547633882 2.1892444206853447
0.9619113302033285 1.9901080293935065
0.7206412896953114 3.031284818219163
0.8190420097536254 2.642291448355412
1.0784886773616893 2.055764270099057
1.0906099983961932 2.5044690686067423
0.919139077249598 2.023014708307878
0.9750814330341587 1.9823541710832309
0.7623373511938729 2.544348080847575
1.0761416098553238 2.0543713170441116
1.305014230430908 2.2106350339087832
0.5712004143458979 1.9859384000359408
1.0436094790737533 1.9121074374740654
1.2915335847740197 2.1295449541533307
0.6694876360666928 1.4569397228888765
1.3371936106101783 0.892965425661831
0.9262412892345468 3.718159484324109
0.6376446488213482 2.2177961743192722
0.6521054873391612 1.5465441962023347
1.0119443391842564 0.9286671625149563
1.841682602091923 5.085049291953227
1.3463935949176538 3.938513008014763
0.7257384887634714 2.6960890795063683
0.6043790872029751 1.6387294180072383
1.020497531885987 0.9617027872574017
0.8583729218890732 3.8057553645701483
0.7352667853574071 2.758504123926447
0.6231908884715561 1.7063701794862225
1.027033164736148 0.91771251184683
0.6327152828508522 2.2486694810417642
0.625785843011036 1.650408750934423
1.065213053798461 0.9651428262049354
0.7084208894560347 1.6004459113182803
1.0477673164792864 0.9733165975898829
1.1223522394520233 1.0584000623570529
1.8375813645264945 5.1024358169180175
1.3141143365811372 3.992046372251682
0.732840857187479 2.7310029387949357
0.6122957606837681 1.6412957598075022
1.013430483953089 0.9537629230323743
1.0331726760511732 4.6759846749619065
0.7449467683073485 3.0999722876660396
1.6823719542919093 2.3309744755077357
0.751012675641985 2.8126390698851447
1.5995277334567972 2.5156220252755928
0.8785476122447224 3.885773664943648
0.7537143769549015 2.756738329495406
0.6120250224031998 1.7113956445923055
1.018917515963816 0.9636258640982925
0.8112273401896395 2.860229142649061
1.5511339817038872 2.5670111807738745
1.4210235216631681 2.2918969190608225
0.6125969647933744 2.278999323255061
0.6189617205720405 1.645158502662432
1.0366620166879503 0.9720907465857224
0.6871900713217213 1.574454457196466
1.0544899938699268 0.9960423235816374
1.1239320893613418 1.0601487107872154
1.2322013863674695 4.062108052673951
0.7344681942409101 2.8138363965311726
1.2349812622460485 4.1324473949188825
0.7863775728588099 3.0300944864547286
1.6312894693264737 2.3347212532723427
0.7108260709223262 2.758008271441051
1.787115537453525 2.377367028079894
0.9556586310537719 2.038271620990334
1.2454649364520176 4.03450891383425
0.806674142519759 3.027964012030896
1.589954313570237 2.472964814335067
1.2749820815201909 3.530849380561016
0.7340268880779056 2.779338426959372
1.3832349186048605 2.4078032114285577
1.1097257059349177 2.121039323516233
0.8580494404965633 3.755737632853403
0.7280237038900963 2.7553264104580695
1.5002334513320323 2.4703123565674554
0.7054868965945311 2.7676165432974145
0.914973374637903 2.094439275424514
0.7343717437084839 2.7974607310433255
1.1493150030785055 2.151901296492473
0.6376506866986618 2.2499799790891357
0.6432612002988389 1.5381392367762377
0.9974960207650012 0.9199474493676728
1.2115282263761933 4.962591859668549
0.8665482225373236 3.823335293493971
0.684605551195832 2.350534949981044
0.633465507711832 1.593785327598581
1.0215741746554792 0.9656123197604661
0.8579085221742782 3.8015517257629443
0.7253030352705041 2.7621819629301467
0.6221648693158999 1.718392266909637
1.0257386185321526 0.982211833422448
0.6448565662075294 2.4659673080374898
0.6081219043885958 1.7056993844141208
1.0316986740279315 0.9566955890272119
0.6573929911443752 1.6382387810709937
1.0468910424753934 1.0024467444039182
1.1187559142969747 1.0271930266697196
0.8763919471615739 3.8739784005039004
0.7005410072985949 2.719383829424103
0.6080134664837865 1.6977192546953992
1.0109307574571782 0.9462995427839351
0.7792420254870532 2.851571896426194
1.6583865830993147 2.557386326438392
0.6553922504274943 2.390512223564691
0.6126318130427888 1.6906730851557843
1.027209916857192 0.9578808004809726
1.4307302406055435 2.0987012073365277
0.6532853263623559 1.6308879955575935
1.0503988435868692 1.0006650816905553
1.1171129571144194 1.03916026776558
0.8753128626034862 3.8200716104956025
0.7159596250349398 2.771897648237256
1.5877088791425829 2.233865253911354
0.7184848240192552 2.7823960745342227
1.8738288704377575 2.0123856540657608
0.9128299647241866 2.11294688272873
0.699935381654631 2.756052908195752
1.3547831701252742 2.4453369904685562
0.62494875254689 2.424039207567686
0.9800013535534344 2.1335979003948617
0.6210534637928031 1.6051054428930416
1.0050798587957637 0.902711552056867
0.723407327051599 3.085920990852008
0.617913835406267 2.2598563114607395
0.6371541533028171 1.6199799696144261
1.0312654376190782 0.9743486232088832
0.6365859398908359 2.2806017904059703
0.6346339109023686 1.6462111315564347
1.0153697252585148 0.9386296798279616
0.6641174856359587 1.6410325004478556
1.0476871439501798 0.9700562825919286
1.116442915751647 1.0522994955011598
0.6268557565169336 2.2789433151275276
0.6236856671640817 1.6425056771124322
1.0218262653367325 0.9503649996779553
1.7735936508519616 2.7094218902387324
0.6502190043390342 1.63028599289959
1.04780762855055 1.0041850247981126
1.1178166487027426 1.049360707703432
0.7456012691608715 2.0913309903109782
0.6300751895536237 1.6024718448684987
1.0119738175637853 0.9312836702854561
0.5728491150735816 1.9868350363650906
0.645115395231604 1.5393323231828608
1.0118189894077185 0.9642630706602404
0.6834951047730017 1.5716010854590448
1.0328755329629598 0.9913626826267367
1.0994224234083247 1.0074637423859603
0.659841912082457 1.5561365496430213
1.033026710744945 0.9492146849279464
1.1103113770669077 1.0207911387645678
0.6385090170695666 1.5347534314932993
1.0131921477436538 0.9542552464695914
0.660554416230269 1.4467245486408817
1.0215046232998313 0.9583846972014374
1.0823191061536996 1.0152587741585584
1.1034137071921286 1.0382081304665978
1.0046083483309824 0.9348339821955974
5408.746894214766 0.9075309157732546
0.8762978518759826 2.6394301368930373
1.2765336055883933 3.602851105729827
0.7730147016369907 2.822459558583404
1.135357265279663 1.1418670094273324
35441.98943700067 1.028745619703428
1.5893578555324908 2.224356047521994
0.7081753961178826 1.5683676974899994
1.5840800149401084 2.0322282795106896
0.5726761999379343 1.9871115381088096
1.6405766773545825 2.5605782370944725
1.1707600328275567 1.2710973932503982
1.0690656963336882 1.033381021362458
1.8427864208695932 5.076896063062337
1.1491798914153668 1.1589798365787707
0.8183973691308162 1.6856617666605787
0.8589018570881896 3.800388495811414
0.9713774973518405 2.068997608497
1.1830883751200612 1.1021247708270328
0.6346143232016049 1.5915215932170856
1.2461106856349229 2.184743424999736
1.2053481413635843 1.201594915502334
1.1022385711145712 1.042388378572452
0.6819155159507369 2.246975433914187
1.6823774133311666 1.9774705462613325
1.3433898241550652 2.275950692568701
0.8152447318754771 2.668942180071162
1.165899184839484 2.6734403890809135
1.0432996304229833 0.9744036799458761
0.7051389814552291 2.383614014754219
1.3813426927049184 3.9828737207568623
0.7720546238061952 2.804486734800326
1.7515602402763144 3.4573670168717134
0.9473749905827022 3.908653696020727
0.916067172956873 2.1989783521174777
0.9557288769405801 2.0278281716504796
1.2882652824633183 2.259474512431437
1.2750907340878674 3.9960930020595047
1.2161284369099241 3.0693515289395927
0.9484447634593942 1.5903835173051033
1.484613043679282 2.167139376746504
0.9726580431230498 2.1583115953248475
0.5732219457773492 1.9892640245069693
1.0855777717289756 1.0931323499018664
1.094029158698326 1.701181659582225
0.6698429540289899 1.6192186348713282
0.8243502657263826 2.842798919962478
1.09873516529259 2.090392144919804
1.2128924367763847 1.0968016709297634
0.7235996161802434 3.071209632141317
1.0225068029005204 1.9237344659842237
1.0710316911394961 1.9509294996182796
0.805401322760594 2.7702018506299186
0.6404363397483275 1.6208253991223402
0.6381936923669239 2.2579124763080958
0.6639683780817406 1.5624117092347127
1.295798829536757 2.1323828276865684
1.0118786875036994 0.964212698492992
1.5111016200305252 2.5363078191289103
0.8362487636374186 2.5384476014394965
1.117451866909783 1.0471369022235477
0.9690186212215672 3.63454370896282
1.0014670431021495 0.9213070987918073
0.9275593823925175 2.114305797430501
0.6182803016657806 2.288097461772978
1.149595155737581 3.349742484311615
1.4904404423790312 3.7111148400949556
1.1211035928177921 1.0447645676782114
0.9318686840578272 1.7627782288653626
1.6003162885809572 1.2150328658714875
0.6357451309198197 1.6501073236458725
0.7019971405642697 2.7372966816586253
0.6227362893715486 2.2587293337675725
1.1291753196239953 2.13372219553678
1.0144766597827073 0.9530113810418195
1.3251780059256397 2.8691573045741405
0.6983763495869801 2.192828969824834
1.1960917865858316 1.1003993252476572
1.8398183926557294 4.98419573541499
1.488215934117422 1.2453757536861938
0.7087713009999704 1.941898418802574
1.014683314127343 1.9828091451547736
1.4191042616952823 1.123666917610152
1.4288708213571484 2.4644073363408805
1017.3201686146602 0.8973309651216861
0.9266746683023234 3.7526852094116196
1.379006030578159 1.9762008450577817
0.6460908799260748 2.453587825662666
0.6741723082531398 2.236507773568477
1.5187514000885596 3.5338308563244283
1.3319771142913852 3.9289548311820823
1.022712211452737 0.9568926117533291
0.6127559725384016 1.6976565917550466
1.035181315557084 0.9473243029113355
1.7394168866549125 3.8826733178451907
0.6663008588833809 1.6303971749719526
1.025045746181935 0.9640012574390634
0.7271814948814767 1.6236913169313993
1.3606128098992185 3.5742706661346206
0.7852337332282255 1.7496332782124406
0.8935468083743736 3.8856670982446393
1.0275835836622036 0.9566240698494117
0.8668736864461828 3.760557171396616
1.6393980960357672 2.4161568576383194
1.039550865703823 3.008674136439729
0.7498049844035329 3.094368830045787
0.9999400917828862 2.0703828005382294
1.027340326796555 0.9440829594634004
0.7529997283034997 2.083427679853388
0.6873726301115238 1.578985544187514
1.0734168226276866 1.0049626953462842
0.6267746356177756 1.6573763360815148
1.1104703717539544 1.0210207472305994
0.74288007384931 2.7373772819757214
0.670750775430448 1.4580052787744484
0.6313654418735104 2.260713784470342
0.6029974752041404 2.257988455696759
0.7506432551555745 1.4723508971037855
1.2238681179758746 4.937216605044359
1.1952023762466082 2.665759435486504
0.7001527979193481 2.7619377258612623
1.6747355863201152 3.960117195696416
1.148590963770163 1.0160078609571381
0.9944249541336269 1.7283055189455916
1.2384066564934657 4.074406256314936
1.2013554000530349 1.1269449327474097
0.9752072038148129 1.9780006773424703
1.040759938636274 3.7343494005707907
0.9789654300741677 2.5986980991460342
1.0545237920912511 0.9983334582585253
0.6350713777724426 1.662592793999121
0.6582792627675518 2.412185000166746
1.0211294066555465 0.9557435299930181
0.8181409731699748 2.9709975719263837
0.821010513358145 2.78551160261292
0.9821816072969092 3.6578367991473044
1.0665109433964741 0.9651043323958363
1.6786148144316564 1.1721311034291868
1.1026638034840262 2.4775002376517588
0.7243109836490025 1.7678827138786637
9805.479283839924 0.9309857055667805
1.020299593864169 0.9710867029183484
0.5909062662253577 2.011266543943291
0.7469671687443484 1.5510084414962426
1.5013530009153433 3.7703266471539068
1.117504627317907 1.1170283766160534
29394.414156255552 1.0092848190797297
1.1948640677685585 2.8416119785755645
0.7394373694186099 2.779083149632509
1.0368511166534504 0.9874663495138905
0.6614030362798996 1.4488598377548654
1.008211166698017 2.8151380680810973
0.7118329112655595 2.633535126705458
0.9002883676870433 3.698317710369687
1.1515470924261804 1.1321711565780799
1.8755360319264653 2.4264191183801014
1.196651761791076 5.007348526002138
0.9354422309014002 3.920679540598285
1.4597501452347874 1.9496776376822342
0.8073287457118125 3.0304970201777355
0.772227024878978 2.799610101947673
0.5887866960117314 2.0114359083714444
0.8862756529350664 3.8238008338336207
1.023512003231105 1.7603175204062882
1.1860659800943616 2.242626432497053
1.0594392629845366 0.9946725031201005
0.8714261937261343 2.9404549536384494
1.613088972325793 2.0336331001105474
0.7389135554742057 2.659309709538976
0.7431670018822304 1.6925399523457447
1.089677468102001 3.5029449259923275
1.0823609747295029 1.0152514456310764
1.2010663799218266 2.816847256875147
1.1329776487917504 3.1408198985895135
1.005132567130488 0.934833251838688
1.0420889532177433 0.9751358224469516
1.2557189303224565 4.0977579408276785
0.8188551758113645 1.4424298941516651
0.6064373968675936 1.6386253085523272
0.8733451859105631 3.832662158842715
0.6617004128128071 1.6884885060035049
1.2016749551666843 1.1064946538234885
1.3145528997808749 1.3632596498855125
0.8747788859915263 3.8299322442797714
0.7393167636626332 2.8097460583900107
0.8305380854193015 2.6185389617654162
0.614634150767006 1.69962760827408
1.3627724766863685 2.3268024816317063
1.8408967712954012 5.099359700352739
0.7261381851884121 3.0822147384666256
0.9892972911702325 1.6634179659585349
53520.747002805605 1.014000323488766
2.109365368112929 4.46277662488577
1.270543526526106 2.5414131220490805
1.1282745140295156 2.205736308034724
0.7011951086185061 1.5882551001397898
1.1231410713919565 1.020628916674202
0.6269120560341163 1.5962259995913732
1.1920582422210055 2.938846905290341
0.7206464233056564 3.052687587904363
0.8934275480855244 1.596444066780665
0.6457445423121165 1.533068801452982
1.086413290978166 4.588390168409899
