2.731509422942602 2.844256003678354
1.7866548468578758 1.9346031981935812
1.6893052698412068 1.5860780124966503
182813.3710946304 1.0850967205573936
4.008532946877311 3.680271175371704
1.9797376958827737 2.036936606653912
1.673550749999868 1.6611121484994762
1.8791098622249631 1.2749897261136813
5.634059322464241 4.605525798620443
3.0466240910697224 3.009488817828169
2.0216722562938725 2.0391779964388
1.648707071187437 1.696774867163974
1.8701551943779933 1.2224041616495585
2.6114051404862035 2.6802069010265575
1.8634344940954262 2.051107303876391
1.6360142292781763 1.692670068153269
1.8831165951261337 1.2780118405448286
1.7422603694378782 1.9758670792222937
1.6548523662767962 1.6605117405667231
1.8630784223013432 1.264661147255004
1.6899633982270292 1.6243629931780303
1.8653470589680072 1.2644426108416877
194200.43083346356 1.1251447111988384
3.9417992160805118 3.672424564628061
1.931022631877961 2.0125982045727486
1.6588646014306099 1.643604070378093
1.8785054834231234 1.289811107130635
2.6142610631461327 2.745947317918083
2.7887721142514286 2.266452458485612
3.7151411634713583 3.5426594115188044
2.5821525615235834 2.7561464003342078
2.665193795376286 2.2515488878696726
2.6465665652601174 2.584626848003537
2.710966365215474 2.2900351825801946
5.790927986611053 4.733025788216329
3.105991297911174 3.108325198456703
1.9671331622395323 2.0593683425691114
1.633051598063707 1.6747770064809742
1.861781469306568 1.2540793271040016
3.403650130661129 3.2963709451158234
2.5452545191727296 2.7216719722383784
2.727616002548998 2.3947337317059327
2.5631172226060364 2.659007585458501
2.636111574259374 2.275717117433291
2.7964152352196767 2.2911158507003453
2.5651863392519485 2.7555272650306324
1.8516547451707197 1.966668487787558
1.606202209200441 1.695285428455416
1.8326212680343887 1.2223092940223659
2.592326514888215 2.657828272949832
2.6365974903806775 2.2676817785540093
2.772170511540815 2.2818480189353796
1.7008446860738964 1.896243093656944
1.6046166176199732 1.635393604949367
1.8195648798857613 1.2696412411971618
1.6472236060940655 1.5882224534081815
1.8206826802153715 1.2823550359550215
187495.65985799543 1.0959105255895516
3.994733199795939 3.576714563244285
2.6379569753003067 2.600043895046361
2.848364776997141 2.1494413931416463
4.181024568339533 3.704904076918563
2.6394418665745296 2.7370037497257718
2.9867715765867713 2.357910208725592
4.227772941848457 3.6807005741691667
2.587530992129267 2.7176094248451355
2.672761127998611 2.327540755328605
2.5257407548210935 2.564872943863752
2.6814617750226843 2.240094590036477
2.7467657979390707 2.1702003132079604
2.6320179251750715 2.6891033306111503
2.9232504984873455 2.3847914117132296
4.212945918876373 3.745073468199483
3.844601652202304 3.43336515654446
3.814238208006836 3.3549456312610255
3.2380697542409194 3.171815727202512
2.5665640302382515 2.7262636125624873
2.6369500108223694 2.306286714983303
3.823229432406478 3.401119972064772
2.467088820297816 2.5541371859843514
2.6345964929651866 2.2094197545209378
2.720806136120758 2.209818164032732
3.9103383396435603 3.478491555953899
2.6014747061120165 2.702129700206647
2.8004215390847396 2.1505656724991624
3.890834951447509 3.586563689964785
2.6453459801857515 2.7558670375232537
2.697144774733901 2.2446192625177455
2.5692261707962794 2.613252103007188
2.656851593860201 2.3107199829972673
2.710727891963949 2.1811979112002255
3.9183314932289224 3.6258512190743355
2.635956588863171 2.7227289291566157
2.6808423913715815 2.2876094783007743
3.8289047287077187 3.3722184773695343
2.5341623076373816 2.6562978588522084
2.655396230186141 2.290568511442098
2.6752951551210438 2.2047216549886164
2.7687284956907225 2.760933886746498
2.5943550061454044 2.63305401296895
2.871801846906382 2.2857626962480415
2.582981402911055 2.608110998968406
2.7146187846136662 2.2691847939049703
2.7407195482542166 2.2172842714203242
2.57784571774168 2.600850056081026
2.730910781847702 2.2235670295797285
2.765045622455024 2.2532925384741187
1.8146700976036985 1.9229664729236686
2.8872897462371143 2.1422214095961256
2.8519131053709383 2.2403921788325114
2.818021963970006 2.1687286184343337
1.7051357523323962 1.5659570823270976
187603.46485484336 1.1073837019673458
3.4723928380807414 3.4194921656957518
1.955459266686755 2.0666091515195206
1.6922238865549697 1.579622986487694
1.8694945981235664 1.223760381942616
4.079011154703266 3.751098811014808
2.2720936472428312 2.3489927189700586
1.656237444563368 1.7251049545537678
1.8699461001908215 1.2719531924048593
3.2810533951935774 3.203903662342319
2.4957967328204966 2.5857978063450764
1.6393277043296122 1.755725126485042
1.8574250963635834 1.2372978968693407
1.8660817669681593 2.0399183982487044
1.6276213081009017 1.735973646698592
1.8637121554097056 1.2514414235953797
1.67230777052567 1.6699140697405424
1.8532516211644225 1.2690426038919311
1.9139632144986796 1.248732242210735
3.595234367669762 3.35137834603357
2.1943948508453808 2.3102806823440654
1.6447130960648977 1.7095446763437057
1.8562935707633696 1.2402681429854139
3.967339735982822 3.652492140704652
2.6701185562528202 2.795770543855907
2.9492298442722156 2.6705053179761853
2.611554879254421 2.727140570092716
2.994475390493251 2.9365627025887093
2.1945378693249813 2.227661589242238
1.6149864236802984 1.7495532321798344
1.8366340818988571 1.2120254592225743
2.569469684040011 2.7141940376915397
2.874596346430303 2.34723302040109
2.7389721015741175 2.3716095818401377
1.809583550897846 2.016996046561316
1.5985642225602228 1.6846072759906852
1.8212124863816457 1.232989711993147
3.096142563566632 2.476819667978296
1.635958736384167 1.6311402371284656
1.8132702977014576 1.222302856068919
1.8747819047566532 1.2984878141537697
3.863663295889811 3.4726320749562456
2.6171019327205256 2.744175576282567
3.141847063375796 2.286402169195996
2.7393059610344523 2.7542755817640168
2.545859678221023 2.7045005152158073
2.662246279447283 2.166333323760158
4.104923656613855 3.6337333977840514
2.702157665270765 2.8146093559773093
2.7210147098694755 2.3878583151809476
3.7401803851702713 3.434034404665156
2.5124137915066975 2.667890170160904
3.04492506570827 2.3390061834130087
2.6067684657284262 2.1906639211575945
3.486625651353187 3.2027896716648057
2.625102917422101 2.701929841042399
3.0694654685501943 2.309122986326644
2.605453284206313 2.6981310290059533
2.93698618393857 2.6317608822318377
2.624691234006927 2.2842386283375333
2.5929752035082285 2.728157849965651
2.6431957377041613 2.365373254885143
2.6235264435154235 2.2055256050606786
1.9559018569904136 2.0079425745990425
2.816322013626463 2.329275611446846
1.6829952799989414 1.658076428580047
1.8936516740854503 1.2276202724496215
5.235166108183036 4.518630377644492
3.0868505316768626 3.127776813105971
1.9476575300603787 2.0700879462136332
1.6286632844216697 1.6891417638527133
1.852509134189201 1.248765571411742
3.0410001225199568 3.043823213912142
2.5165153590716196 2.530672221039279
1.6094967473950355 1.742878551864501
1.846558682353467 1.2431772239292722
1.9081846714682331 2.111021052866396
1.5961836262917264 1.731936976130435
1.8100342551780875 1.258678325805784
1.6413964399740189 1.7269082397849982
1.8329210417874369 1.261494737159799
1.8955894146004142 1.2611330231107483
3.585085081798203 3.5706218954283897
2.0750134203201043 2.186947696944923
1.6040236422369347 1.7244252819413548
1.861917698065815 1.273645267580327
2.5607709724557965 2.7454255027110497
3.0489889903354324 2.285518303329157
3.2550969956708005 2.5845264594299566
1.8856438983292492 2.104561044094445
1.5830452424295256 1.7201790792502387
1.8099928856510572 1.2433572843821887
2.8595545430475395 2.4633804157028596
1.620498641603485 1.6850307021233015
1.7958626954722632 1.2201882602900316
1.8665435790617009 1.2900549589791903
3.276221362165672 3.1836930726240382
2.486231995424426 2.6668802936254314
2.4776615959369956 2.706058537990283
2.7628128136116237 2.2720511138462203
2.4766460723585233 2.6814449414186816
2.549693998586963 2.263408581472385
1.9660427877498086 2.0193488224013696
3.0505942040692275 2.3941583081977056
2.605854714087566 2.2998852406077424
1.6366346118316246 1.6923121571061102
1.877405479639405 1.257316560275801
2.4901883284075583 2.628326006830425
1.7844995863194484 2.0068709208785673
1.582367504198174 1.6551573685655387
1.80582932300004 1.225708380003979
1.8060060667156028 2.016939581775682
1.5693321599827688 1.68779449875626
1.8192803830499225 1.2099040496636944
1.6229923186286277 1.6961533424868303
1.814172599871264 1.2979126504718559
1.8711908200317495 1.2973867099531116
1.7932161268993854 2.0008895197322816
1.5764351168773072 1.7116584612175227
1.7859959359856212 1.2497742627918074
1.6127798311102364 1.6922081329953609
1.7860047931738439 1.2291874349415102
1.8516740075510878 1.253878818527023
1.7921430121221034 2.00735728731188
2.6955600172916965 2.295907044803761
1.5896764313472733 1.684206803345978
1.8149945693914264 1.2388949491215067
1.6358613041276402 1.9163665300793953
1.5657743833248758 1.6068774922892457
1.7707315063146907 1.2061327213253727
1.5876162289630187 1.6240940364093717
1.7500559679291952 1.2677732255312026
1.8312010803484928 1.2312712206241974
1.604234056150063 1.6579198541291678
1.7735726331042845 1.2353072161945189
1.8411763770732532 1.2862882110797427
1.5669754004549075 1.6117161999335676
1.7800339777430776 1.191579468938292
1.56781099312735 1.5355690936686994
1.7534702104714701 1.2256096266753387
1.8011694560303857 1.2910881313331182
1.833257488796162 1.2638063115578553
1.7434491733614936 1.2375247698032366
169725.8087239103 1.0045120607114821
2.5124506040255863 2.6670520240421745
1.6932360345743622 1.6123655610869199
3.5782077280141573 3.545701358987446
1.9554672624489646 2.0682814874064492
3.955606401728552 3.6942682019734274
2.636986246191422 2.752112458111308
1.6534296504939416 1.7524103633137307
1.9514274606512285 1.2191004584581315
1.9569201697906367 2.007534727457284
1.6664845598284517 1.724474829827576
2.7213035871349507 2.3874004354222205
1.8370659816164343 1.2610231177668614
2.7757368423097533 2.2514560728750688
3.183807140727197 2.6757335460654468
1.6161781590372213 1.755586441047765
3.830465824272093 3.370159399235935
1.5832696179731731 1.6571586683854704
1.8529273327242581 1.2541753816119776
2.55933185915784 2.740887219172052
3.877528928367407 3.4724470032263532
1.8338396383139484 1.263799831005503
1.8533716823121 1.2694253758012053
2.7333363790998177 2.2430394948088477
3.940647815901907 3.44346236355797
2.8551382977519193 2.149191177790436
2.68663971457004 2.3116846654023915
2.583085408324947 2.6081050618978114
1.6910345791158818 1.5213370453356743
1.7544143277566802 1.2588396948101712
2.6836312546062207 2.31652457046132
3.282927314363281 3.1942771849122398
2.7079537954971884 2.8742795772442915
1.8650127624086472 1.2741184713294604
2.8123531128875414 2.2665934613932897
3.8798466183218148 3.383542130478478
1.9213583755470967 1.2396237897866982
1.8852774282394382 1.2738720133366201
1.7013687293443558 1.6819735921407188
1.692255078659306 1.5827481411854976
1.959741757800238 1.4077174911245753
1.8016934359210022 1.2750967524338113
2.240877317883752 1.6389010945522842
2.588623557905884 2.7259483534247546
1.9020433273833892 1.2737134262050658
2.6382297163511765 2.255160486904475
4.198997477043277 3.627332844367161
4.194997117039629 3.661614318032643
2.5283275647123302 2.5635367717781694
1.6179353459599426 1.7468713270804814
1.895342233766928 1.27723522258394
1.8728142023514507 2.095629965463034
1.7805890823743344 1.2396000420706919
4.302551051411883 3.783224698405674
1.8793658270584668 1.344359676742573
1.9634115899744418 1.419292576689556
1.8061405193983178 2.020581916001658
3.8180998200974092 3.3535464157892383
2.5631592858039642 2.663122803030842
3.8384024012438878 3.461928495246685
2.613480890168553 2.722157063150426
1.8334215661030622 1.2227222583097022
3.10492888538625 2.535213894348595
2.6972807171992974 2.244246016099032
2.781331597148794 2.267860484455979
2.6083878362538515 2.681263010296215
1.6389971515415245 1.7497115676939248
2.6794087511630185 2.1725958694466283
1.6368956313543466 1.6717647063387882
2.645014346220145 2.7064840057910713
3.014915643552604 2.4066595856358015
3.753906787787524 3.496414528010197
2.4676513336131642 2.557548925867124
204610.28609316883 1.210120161031287
2.697329809892593 2.7263444305642963
3.0826612744100954 2.4385693455656785
4.129106026426473 3.6948634231824293
1.9948183858477917 2.0518551251787964
2.3037632587829444 2.3114887675735454
1.8781985476770888 1.848555899623575
2.641051997916446 2.2486163474691976
1.8557684618231762 1.3145324054995249
2.7430780002372273 2.5866611980339975
188420.51609110806 1.111543713113578
1.850699884854019 1.9097380445062928
1.864393956874478 2.054932916087159
1.6283850940860791 1.738312488211121
1.8286736405514765 1.2583019819710555
1.6731202284062197 1.6821459277748845
3.102214539592602 2.4851735001701676
2.5529726394161 2.678581006486387
2.6069633938818835 2.1906829923993527
3.30386369717518 2.2926539666609598
1.9200520629447575 1.3391176135754026
2.5463919682722294 2.711264415812733
2.9891678598217486 2.2720507346909233
1.9517185478161814 1.248332068221341
2.813711766491042 2.2184863503215313
1.6514805238261876 1.6813500135575679
3.9185475173516244 3.625636252417733
6.007287751815369 4.8167809828687815
1.638318437229068 1.695581825165127
1.9121790927719462 2.0591895702474226
2.0784967230523637 2.1239042808090334
2.675692611582557 2.276899585706368
2.652106586653528 2.362647830889688
2.617347036476853 2.726079231524569
1.7936989485479655 2.0240434196396544
1.7867642406940514 1.9354692449685826
1.6447887199052404 1.6076083350930555
2.534993522072645 2.618891715207901
1.835556750035388 1.294214952291285
2.997450368258882 2.7176371394033385
1.6906102323469705 1.6027218880693535
2.8834474478398393 2.3012881546637645
3.108167307510924 3.100686726281654
1.8104037147154535 2.0220401323779966
2.659603583008417 2.551180998201244
2.7781788670188394 2.77683582339167
2.734825422606529 2.838075055631775
2.666051086580523 2.2495979875732957
2.598413260282634 2.6962379855325262
2.6739338717433756 2.783896838671283
3.904071662530611 3.4901067475967906
2.5952882523381438 2.6359905471326575
1.9937454176983818 1.4158306267309038
3.043004876945864 3.045818366285766
1.6128185319376356 1.7031127030663789
5.554354690456495 4.692765642958923
4.011885826172426 3.715600696885847
4.230153797406637 3.8363879574474815
1.6236153317933213 1.6790793464175597
3.0191930102661084 2.1373856387812085
1.5842096743649305 1.7126861970069371
2.8482252372528976 2.360321791120107
3.1523297998174535 3.1697986970815952
2.767693643670894 2.7386519025712737
1.7535233965970982 1.478906633790689
1.7778616646011172 1.2585174860587731
2.7145276812419232 2.3086834575870316
1.645199358280406 1.7212875994537051
2.746547507722933 2.2112627327752303
2.995606627452058 2.9423628861618285
1.871730364507149 1.297934979757895
1.7892720152136972 1.2506826281515524
1.9483224779148176 2.0710304985038213
2.632452299182654 2.6948960735044376
2.7210154043885515 2.2098283205792235
2.5765065199268715 2.7144112952801325
1.6434364620165323 1.7279196399984236
2.052031606222339 1.253358786677317
2.9944382217753 2.7166101365266275
2.7744798519209652 2.417960106785681
1.8609260719056115 1.2641327646433842
4.04308684858655 3.6822658567916724
3.0474615356899535 3.011167653616744
2.4974576952188228 2.7060785712734963
1.7054918252783424 1.5640512172707999
4.184911477343031 3.7514866801036444
2.6296591068979844 2.78051631258314
1.861039436334012 1.9560112130051022
1.6483688617120897 1.5900087366304292
1.8312076752102469 1.2312590918703334
4.086324989813651 3.684782040368173
3.052187390012095 2.4031860797585014
1.5927782209748125 1.6507676457728393
1.8740827505734117 1.229503841264194
1.8716222331908314 1.2768900776856986
1.976419390899286 2.0337061044843465
1.6361236189200006 1.6354289982852448
1.966134355837394 2.0206544619020876
1.8960373005792892 1.2579851966611637
1.6589409735898553 1.6434157463714252
4.100164802338264 3.77185708275212
1.8359192727329365 1.2191875002002184
1.9022416577570753 1.3186319382872438
1.6370496804461299 1.6937519126403837
1.870137524835318 1.2475966972077026
1.632073731769466 1.7214365044684832
1.6100048192648884 1.6961977549923575
1.5777308086818542 1.6975156191548155
2.951104931222352 2.197616494652814
1.619793679488092 1.6521165974032377
2.6294481993115393 2.588202365896791
2.6735829714725208 2.327540755328605
1.7931788258920736 2.0009498440790034
1.568331101316839 1.4975911979914494
4.074715700409189 3.686152111257225
2.664770313053945 2.5859119406158926
1.8295847328949821 1.3044069480480935
182838.13946504795 1.085389181794057
2.57740176398015 2.733797479614066
2.818695950378171 2.18617561495172
1.5907193766074443 1.5961006504627788
1.663877796153586 1.7329269910170104
2.583683718191957 2.739479823438237
1.9437761382535281 1.3216674600951137
2.5496979952886 2.263504376430128
1.8315361198859657 1.2604472657254255
1.5794124042287114 1.5878813444310762
2.755534857491664 2.794365216625428
1.889041019703603 2.0855269012676763
1.6113214018526225 1.7426729374646805
1.5887214061664554 1.7116555049467284
2.579946039755755 2.6110977555690127
3.6227090135195947 3.4000683786459467
2.7669590214970863 2.2606962348684023
