23598.385583526106 1.4670554671468063
0.1885373390056276 0.4443810267002842
0.1591613169419377 0.3808119467926173
0.13843479791645752 0.2642453370825485
0.14784104807048631 0.19306271045472873
0.16772603873584413 0.13499233767586954
227.21525537002282 0.07880678836479404
0.48070393641968456 0.8879156077207933
0.3592739157891598 0.5434500705676393
0.2583231708434215 0.41105227191239174
0.21754446355624307 0.20612828936457933
0.2184677793772011 0.13890880116220036
0.22604431167362382 0.09604674386542703
0.5440455207365139 1.1252339546627788
0.8442793313991983 0.7761809435408522
1.4824240783271172 0.7528143191995722
0.6811298409159919 1.0694408338884893
1.1479771096877411 1.0559967957629117
1.075196796411562 1.0786850636225378
0.5360019164857147 1.1023082241001503
0.5350254258124557 0.9340829249360464
0.3917991643799952 0.49868624426497205
0.9638918436392019 0.9119331524725106
0.6446751689779013 1.1426629857718882
0.8047610522347791 1.3702212954057222
0.8563283834892477 1.5401653303838945
0.5152316263966105 1.115105813588781
0.7725698434373149 1.0749538166124586
1.1837736673865171 1.1124668398192834
0.8736037360046491 1.076513255403074
2.0459370239509074 1.6034636936726474
2.5415111249020828 1.4379164585776811
0.6588729124524753 1.0730285801190635
0.201357911642851 0.45298246280812965
0.2554552559923754 0.3944256589175458
0.24542326489706012 0.2841343030367663
0.22742510736851612 0.21717847861329942
0.3178630633701296 0.5005916985087997
0.18642049143547323 0.309847724049104
0.19418985225046528 0.22616069632903796
0.19785377717850122 0.18091857115190302
0.34986455701445685 0.09375377598524452
0.39491481213559276 0.565061477115605
0.5443148165423942 0.34965550456440175
0.6653328668346428 0.7850596356323565
0.3781482958160302 0.6500372537792398
0.4286975698229203 0.5513682951965689
0.21572989721630104 0.21987027586330232
0.2120422356304137 0.1675025155094117
0.5091474822047869 0.6323138730675819
0.5613862044217437 0.9425555365638354
1.1780619644578798 0.9388109753433207
0.8123288823450419 0.9783214963662481
1.8527858363966492 1.0238802877362214
0.1951268183618265 0.3339983207052218
0.20489024443486403 0.33217510821856544
0.33644114487500143 0.25305802596368826
1.5158189423487487 0.9103598571774951
0.21731092955373454 0.36879635311204517
0.18240178992800316 0.23873746442573163
0.21324737998903248 0.19986860310866167
0.3228899883726346 0.10123934856509285
0.43584449116599877 0.5292281478556029
1.6579176129501043 0.4353772262173556
0.885211625338292 0.4711754163942931
0.2662806697189217 0.5076552756211197
0.36489151109437024 0.49515026850549543
0.2484688908266376 0.1858954516446991
0.8434406644145858 0.7360497485444164
1.3988778059741849 0.8454583791029273
0.1296952929492762 0.28404004233547847
0.1461230841542065 0.23464670162063245
0.3972380452928924 0.25278172441840707
0.1491755249455552 0.2521333970218302
0.23244347784444935 0.1738874249802578
0.3192406373457704 0.10251381724012279
0.3750889638142497 0.2159912506795183
0.29314088810538463 0.35685220446753085
1.374021614337166 0.4886508368941061
1.0353092254793648 0.5082768513569671
0.14512129828342002 0.18841449265168397
0.16119522810838643 0.15518544935389997
0.9228687734736783 0.24757638121756972
0.18851039405185133 0.15463367085833662
0.25408092663637577 0.12498499525632466
0.9600105696855121 0.16895196983799243
0.40448290003386644 0.2831059488250425
0.17527872905864755 0.14009343741520033
0.19910346715698346 0.09451545722029218
0.7925695177667066 0.18901438021217978
7.381884075912714 0.07838483182644988
0.5543635922816652 1.1683433227961855
0.48848528223019816 1.0155714357540044
0.6483892684152485 1.0931455528519864
0.8498950428397986 1.0801739836211173
0.7541885174506346 1.3410979100983778
0.7399239074478863 0.9020283866513115
0.8839468383606992 0.9999261963505781
1.0631740324797625 0.6115939274068252
1.3180689087708801 1.5838867579443456
2.03064720630987 1.0868120540799766
0.9089650823113029 1.74190904899473
1.3350537979765775 1.717777421241426
1.2798558653499588 1.8511790170872455
0.4246484707406819 0.8588080185298572
0.42182144401499777 0.6256797980298219
0.5922681586856482 0.547721531189397
0.9590386149197794 0.44559090904210935
0.60730575397186 0.990218442928967
1.377829699705074 0.8100230782852483
0.28270937752033254 0.10392563790242798
0.3077486385443214 0.6281798517280425
0.8202311306335093 0.5651914623928607
0.6937017997645012 0.7104773743223589
0.8539979298223173 0.9437295812410622
0.3787971061665831 0.5190250077740682
1.0304210373848819 0.5245507154014041
0.5021805436610243 0.31204767683179185
0.5526205245887924 1.0961941350503375
0.8048147160715697 1.1104104755199007
1.0300207497440776 1.0923067066013248
0.8317205958378481 1.276475601611581
1.7024357810420352 1.0243487261507065
0.8524516293029151 1.5112527387849015
0.7764141703678253 0.9587247822359535
0.7831774146470346 0.8314325729281746
1.3840407621456796 0.8385196102937932
1.10036997117068 0.6987723907409571
0.7083023233147034 1.1540790683805344
1.0387310821070215 1.0853140839943514
1.314403935923453 1.1272348259386944
1.1251155073282186 1.0274610545525977
2.0360116366485044 1.026530044239291
1.1658041694509857 1.0893321686073887
23841.68580644208 1.3857575315608384
0.18927792101273402 0.4444341182476122
0.18774391583166927 0.322858503732373
0.14086766275834883 0.3047848979075173
0.17303207658648734 0.21788771455713868
0.17433060105739354 0.13340294555927684
289.11324473741695 0.07897687494668004
0.48135697633336727 0.88787032074904
0.3978906213863927 0.6115430901605861
0.41011428120458093 0.51044757901681
0.21958401207264544 0.20403859862509324
0.2214484346638702 0.18481616541162438
0.22614480511774254 0.096020328011203
0.578067521502057 1.135633194866519
0.8642578484971808 0.9226729955608297
0.685411315824268 1.062740418945527
1.169072172616692 1.077845875823189
1.0954138962981097 1.0942216430441585
0.5361870096486396 1.0617278026950867
0.5465796845775871 0.9175161251173145
0.41372817417634855 0.4854482223884789
0.6461363673027286 1.1714454585129142
0.8672224208104979 1.4749614162054254
0.5199509627165728 1.1037195939352396
0.791763872709906 1.0839641980178474
1.2000681372092206 0.9539303532631155
0.9011338688651047 1.29459201164761
2.211751897380964 1.2797817156572486
0.8913475755074259 1.065616674054255
0.23077203953095762 0.4279500183761213
0.25924639784525927 0.367250381218952
0.24787402205609363 0.2763654210150144
0.24503628960157875 0.211582272190602
0.32193454595215354 0.6123197610000567
0.18685433488762554 0.3095153819007761
0.19464413127714936 0.2250147725424998
0.35083585078313545 0.09501447335728727
0.39707819016603374 0.6119557802402804
0.8960714683963142 0.5825767129777617
0.7909508118998007 0.7052999398159749
0.37911648400912606 0.6769262246232262
0.43199717721088204 0.5485751579679607
0.21841302791230433 0.2227809733240395
0.2151513852579264 0.16869741437465935
0.568426509559848 0.6616220270737414
0.6879814481761 0.9763588189308962
1.1626153589374457 0.8521997427646617
0.24583640081494715 0.36735439986773966
0.21414521255950253 0.3063205952050513
0.4321636913288899 0.5087021538415596
0.22086250367401278 0.3581708920945089
0.18916869553637883 0.2519259229010005
0.21723162959808845 0.19689087024220508
0.32421030685774155 0.10048434182752032
0.5070211033369747 0.5690153318815191
1.7261853453118758 0.4163044200956574
0.9206534473860899 0.5149257760889918
0.2669304657704471 0.5244634172538981
0.38546594641109533 0.4976822839183314
0.3247853061317671 0.21732610283007642
0.8859415213482391 0.8969094079963955
0.15367315445008714 0.28212656814272336
0.14923911096367534 0.23656339192167988
0.5388707138186841 0.35201066486872623
0.158177432055636 0.2402702319488525
0.26653268605176506 0.13612568508129927
0.39240878605742335 0.28958165389205076
0.2951495511283646 0.31262660316471536
1.049539804467358 0.5619333927891954
0.1463317480449349 0.18581340729702914
0.16588955604540415 0.15543252838919183
1.0075540157060043 0.23031444293478437
0.19093162402065433 0.15907019565551836
0.2567994805761433 0.126121629034196
1.5477934885740172 0.3012139284878187
0.4675133935606821 0.3137018534385859
0.18936104735983178 0.15369819024469075
0.20034811615142703 0.09532462142364505
0.9772523989309259 0.1996793487513383
11.39262029187771 0.07838073524389018
0.5836787548253397 1.1810232293002625
0.4898650106969335 1.0142871811494032
0.7104060767455728 1.0786680659868262
0.9433687409231224 1.079718794383417
0.7551990743751367 1.4317408259688391
1.1235186377342823 0.7341966823915449
1.3441016639906187 1.6270430762757555
2.5545844996471954 1.0850665581503909
1.0540284153830843 1.5296852384126929
0.4299004669519353 0.8601787967697957
0.46349045567388425 0.7608340274134946
0.7704982869435281 0.672472000031643
1.115637819160813 0.571894118432948
0.6358829203654826 0.947589856398603
1.378023196331709 0.8098576758165694
0.2835032699586891 0.10505063664888148
0.31428161637634966 0.5781714073630634
1.0007225500772905 0.9808539907663868
0.9125944972601808 0.9358083079543523
0.6280224616685128 0.6488064124731148
0.506824538227189 0.3059729839729798
0.5530968105241935 1.1108521644851563
0.8944640792813741 1.089964724772731
1.0665631391420491 1.0820012189926353
0.832429782766243 1.2760382510081927
0.9046332478218443 1.5271426501406145
0.8726208817292557 1.090592044510447
0.8073089422944497 0.7595404862855542
1.4196432585173628 0.8473418924281725
1.1462475437777262 0.7401089969727743
0.7570864717430076 1.1375388278059146
1.1144079701049574 1.1214006174347728
1.3578635336891578 1.1236673370755481
1.1367164074014418 1.0250838324032028
1.177963575733379 1.129248416828667
24139.64856646078 2.4025144992064664
0.1892779893795656 0.4445800337376022
0.1922765882054674 0.322657043531387
0.18399301024762246 0.2523529754071332
0.1743337386053283 0.2180187561480333
0.17791342625146872 0.1598865492962256
358.8260130114302 0.07915737173936044
0.4821292875858562 0.887408609717026
0.42290518542454675 0.6583921185102257
0.5210859348747606 0.7469926446356583
0.382046049875012 0.3704384001406928
0.2230260457642137 0.15112292892633788
0.22798483696618535 0.09554322150858399
0.5804363921915802 1.0884214646040777
0.8759222067473771 0.7738037129100108
0.701154287468366 1.051751570208443
1.2903904583486245 0.999429692160692
0.5379930861070148 1.0579261601758754
0.5468122562254827 0.918508510213959
0.6490396772661573 1.1718837713401968
0.9952468567101702 1.4287296038336643
0.5459731534266614 1.0688788545692793
0.9994760910332283 1.0837659286144186
1.4320262515631978 1.0654391208847875
0.9204663855686454 1.237932519113531
2.519992826248453 1.4775197710776609
0.9749877639292097 1.1038304056624861
0.23437355153603395 0.4327289424150528
0.2959239699520217 0.45518494942030635
0.6706157602381149 0.769953977767383
0.8520209382170634 0.6581775414042862
0.3267985465265628 0.6115497569887998
0.18704803331550326 0.3108893635563798
0.20901640402595661 0.2132473435697319
0.35673056575485584 0.09287958905357412
0.39860630360326493 0.5648873578343271
0.9372733073055758 0.5969111264963141
0.8573678899666862 0.7264357925323066
0.38778043050712174 0.640625771417178
0.5447988533873898 0.6041582933097446
0.21988060834348508 0.17403023600428535
0.5731907464008799 0.6619899988673106
0.776529676549035 0.8512584083742767
1.1707543777953933 0.9302778261294387
0.2157341434671039 0.294056077834444
0.4609041252855239 0.5171629955851368
0.22595772859812402 0.38032502640642707
0.19514828069366857 0.23204022993159315
0.27449991050558614 0.2514555414619973
0.32518979796618264 0.10059765552976481
0.6365390348195301 0.6797188105540648
0.942537123613252 0.597032688515927
0.2692496354928903 0.5087967944919669
0.4429798436666247 0.4977571727881197
1.0271474485478485 0.850902186539231
0.15602986635548466 0.30269972120472705
0.14923911096367534 0.23656339192167988
0.7428420561262865 0.32337984670375697
0.15922827553784175 0.23996403337639838
0.40062644570855455 0.29013476409734384
0.29985924357552973 0.31228420198338375
1.0595104247040306 0.5583325389238376
0.15469808068944058 0.2312885829780094
0.18137261337558813 0.16201345981705528
1.3178152576125166 0.22987631973439265
0.1937114688926363 0.15211754177059417
0.25847173282919644 0.11778946861573486
0.19262123383705432 0.1266319062597361
0.20073394369199066 0.09577182707983135
29.909904440122723 0.07844971579509075
0.5923741088485813 1.1676128940758732
0.7709183036166918 1.143618870082612
0.9527493366524262 1.0796221194510345
0.7707648961848904 1.3031232462905225
1.1502868028023183 0.6639012365979751
1.3449912563014932 1.4377891623431716
1.1647887800894363 1.8598669555804608
0.434338150101443 0.8818264986926723
1.2661980242532662 0.760595381416195
0.6529196585407432 0.9639274751812331
0.28350327016361765 0.10505063677922055
0.37903532066411466 0.572148380311136
0.9227188820933816 0.9297511976929893
0.765893625766278 0.5776389176584159
0.5453100601637482 0.337493939632163
0.5609383699455773 1.0804623009928525
0.9398741076488881 1.1476112795646938
1.0732183688241135 1.0860788248949818
1.2562239198249636 1.1851418017892401
1.1121748297571383 1.5098310337749672
1.2438710943802447 1.068685232040841
0.9285141635961965 0.7341069057288121
1.434378684700139 0.8462429231004402
1.2260648041706494 0.742993800531099
0.7786247763692935 1.1112695846344085
1.3308603503854761 1.0910337084553974
1.1762430446540706 0.9955760322461957
1.1833258346793931 1.1031215490617032
24271.521859216144 2.414779208274903
0.19391456790442502 0.44662266327810085
0.1967089159825926 0.3284848377231076
0.19451679284401563 0.2646534267706723
0.17537886860059676 0.21799299295171937
0.18507107880142154 0.1281455065274272
523.3701821709238 0.07956260259981607
0.4823330072859715 0.8936959508454498
0.4415213264565074 0.6454200301578785
0.5282249237072661 0.6844327370029673
0.44148761316425794 0.380802822796216
0.22738679035969078 0.13095259933195655
0.2530285368193559 0.11755648267750263
0.6097873785313126 1.0858740294595814
0.9213377978297608 0.8968131705220934
0.7504108274342091 1.0318594665303211
1.3000687377754934 1.0131580041842738
0.5389582844238454 1.0574843723795793
0.5685693292018823 0.9421571086613809
0.6862808146864054 1.1128008730496837
1.0411798633379634 1.4511148852882698
0.5710004139882494 1.0656911650936873
0.9475221681293855 1.0870942367452243
1.1799143685802882 1.0650304937092807
0.23690601449695162 0.4293078805996484
0.4382672837223179 0.6950770221356226
0.696292847865806 0.9539408614054983
0.8655876609287203 0.6978065534917716
0.38772503478383585 0.7755163065288873
0.1879010978823059 0.31457388982908957
0.21086179647294262 0.21251957300950475
0.3580737326522264 0.09580832719982478
0.41095113394785343 0.6547102654563157
0.9867381806539135 0.4696614856859724
0.44315138973568924 0.6212949533317007
0.5462177420668588 0.5693554406555384
0.2889195668289814 0.17005371376173622
0.9100007249003659 0.8538349465235295
0.21868865267581308 0.302101991297673
0.22794934157972724 0.3590633300798677
0.20581127639314797 0.23574405103530666
0.2928418354593283 0.17667811268721612
0.6527523040454986 0.5969958041340387
0.9571689830502268 0.5100199140312724
0.30157042245542687 0.5008706921543566
0.49108923591161724 0.5700487883805335
1.2950210939797868 0.9891674951270064
0.17504341471031065 0.32719918933141856
0.17498790841187145 0.21608723843271022
0.8454767354306972 0.3648543562770882
0.15992399509820535 0.23982146050449415
0.4169262565881633 0.2685780261888202
0.3039094657310887 0.3125345266178423
1.1027045486257627 0.554134029076367
0.15835280525172324 0.21155547127989663
0.18435611733157276 0.15041602504125165
0.19417352559637685 0.1501097637873247
0.2659188908234716 0.13024365342803768
0.19341871246952477 0.1543355252822469
0.2007842443505601 0.09555724182695699
31.643584948354082 0.0784538146281209
0.600583989249396 1.170624990657491
1.0333600198075255 1.080923213349986
1.153699181926216 1.0854670976299587
0.7724360923168381 1.3031540196901792
2.100507712681456 0.915816988220296
1.7621560176346556 1.589648514126684
1.2646971293092282 1.529077313400093
0.45959838085999005 0.9020804924504504
1.4390841822093097 0.5955700882322972
0.7250618237022171 1.0706699176802614
0.2835032778424713 0.10505064740551845
0.3857810547612395 0.5668809852492438
1.0425265962935046 1.0615987649267515
0.9101563886306216 0.5204090741061294
0.6299166396986952 1.1078604412553512
0.9588195788768463 1.0904311376002371
1.3678658140309095 1.173276333103426
1.3652477223539163 1.1993794245414542
1.2524587585433427 1.0617149962697878
0.965769068450448 0.7329823902418298
1.227862735786611 0.6916055849953215
0.8310215253050619 1.1327038848561428
1.3313494793017586 1.086147971181859
1.2695756419671376 1.0544995197238145
1.1965662673479653 1.1250017891134108
0.28903948747883024 0.20970338134813943
0.2018768237945414 0.0965265732582247
0.41102637764792593 0.5725169992260366
0.5411753498440178 1.0895569851208144
0.31241735934632164 0.24710502013588007
1.3015743309823795 1.0803861936093948
0.32119384116670147 0.1668438843255266
0.7591511057426226 1.0224637219907802
0.5715903228159367 0.932355638265367
0.7742379733170223 1.0685991572534652
0.8714315523617578 0.6399616603046862
0.1970205304728649 0.15119472754371577
0.2246068983346209 0.30086567908139583
0.9966421778510004 0.4449753471235347
0.9512069113778032 1.4828752549986228
0.47530484033277876 0.811474164678015
1.0427528099116765 1.3465445731869823
0.19468294157772295 0.16695952552177576
0.2481313303629075 0.4334217336126035
1.0828727465064538 0.9527514204306862
1.4436521904273962 0.286415145561947
0.6943405239665477 0.958153005896367
0.9389947752562198 0.5415845738520634
1.5135373092545736 1.9889112933023092
1.1232589967716053 2.1824776502172365
1.2491133592037813 0.7481176874117984
1.4084144107893675 1.2207424940897993
0.20323051271058495 0.29862737657079846
2215.316819842319 0.0835396477462676
