2.711838626812612 2.908763686018441
1.7254127176886174 1.9612046525449758
1.6224997909308208 1.543282896709731
174563.8691937567 1.0431942342476859
1.9369554874696484 2.0434577961890414
1.611929669421544 1.6375714337164433
1.8180729519351475 1.2252362529112337
5.6158539867679 4.582430851076001
3.938712298419957 3.7375043787474316
2.0652308887837334 2.115217951716033
1.625960185693544 1.6606629916216136
1.8259994729524287 1.2423358647643477
2.6047981955368873 2.7612739227099787
1.9125057236260665 2.0475030138942802
1.6402661921578572 1.6924719492858484
1.840527489096432 1.2344924974643083
1.7814347692791022 1.9733700486631123
1.6555829131345883 1.6441317665155484
1.868655070315417 1.2643257112684079
1.7115194962536102 1.6280641473865902
1.8830098360676983 1.2587385926246946
198326.98025476708 1.1424620131704701
3.8849922864002355 3.5944905842999826
1.8833052963237003 2.0651277785938746
1.6219950700525843 1.6321883590365198
1.8171311045465077 1.227125873961875
3.9351939519530905 3.5912384668457333
2.5869675544196045 2.726268117615122
2.7973092959338066 2.2361894646548177
3.2349093326834195 3.155068120627575
2.6113811185243176 2.755848858825652
2.660660313216682 2.2942984710044865
2.6502948978826875 2.6446906411090536
2.7654187455411816 2.2857920245238934
3.010014236612215 2.3515019563086685
5.945926547562703 4.812422338617534
3.8572659121218917 3.6308234273150566
2.010788736807495 2.0559695234167816
1.62602937498919 1.6834062433643624
1.8288023783797795 1.2609181264480602
3.2149592730663263 3.155596470617107
2.6145777463200135 2.743251211461259
2.7451286248808384 2.3964505178474607
2.6254060586688674 2.694584474953108
2.6989227503545523 2.2934673060658177
2.8910177849142453 2.333149880735829
2.7440091520026018 2.8489636879990954
1.9329229377328985 2.038499070062739
1.6514146186382863 1.6928450265379726
1.853280950005209 1.2471701865755116
2.6352419413239705 2.62650363722642
2.8671135869120077 2.3694646597011717
2.951582661497162 2.3753949824066396
1.8124328824095168 2.012989311077011
1.6747197157183487 1.6488367030548434
1.8784594358487638 1.2365852220478288
3.131376500085217 2.293118508434219
1.7300286597591277 1.6435753366724846
1.910034528927651 1.2486953802899206
199826.90223153675 1.1459527597602022
4.122462827474989 3.71256092024972
2.665395033071184 2.6732307512437967
2.8866522380494946 2.3211241205256443
4.264973998120907 3.6777287190105934
2.578693241945128 2.73545462224538
3.0318161414389735 2.335467437652671
3.5823752286010357 3.3795489785601593
2.5965993592176786 2.7254689594783814
2.8017510687636022 2.448096942172825
2.5391132727530583 2.6709889016432093
2.712270733788358 2.3114994914485276
2.77008347616932 2.200257197994027
2.5902889379739777 2.708719222773757
2.6662124756868164 2.2296831085318023
4.318969133324902 3.834547363266024
3.7989919439346544 3.515009344522457
3.8332087727128457 3.4584991274719394
3.833825217813223 3.589865964001847
2.624206900586881 2.7156394933003405
2.7612690378240408 2.2630246121623934
3.8642899514273186 3.381520484290276
2.5509469100921827 2.6217447832238214
2.6914309814834256 2.2600571518832844
2.7916435479185306 2.158298724214638
3.897971939655197 3.60927423764271
2.544793828096254 2.6776595147864306
2.698553601360035 2.201962812541018
3.514490603480633 3.354817858930637
2.600557382002876 2.7175656677656415
2.6390958383894665 2.2881943180260285
2.5435627787871704 2.6485899960507266
2.677306747210996 2.334344162353433
2.7086642928372244 2.2088138778854387
3.7520659349167276 3.446128256125036
2.607409252954337 2.739949801575868
2.6714364948841554 2.299867149450823
3.876809751566139 3.4793701773730747
2.5676275961018646 2.662961779075442
2.6534177258847222 2.2700727763189574
2.7323155853116723 2.224132744314803
2.766401091971402 2.772367823777693
2.5302040136010358 2.665290980032186
2.8028763998270785 2.263329096174296
2.538270348828349 2.529129543921468
2.8476613845483842 2.3680688589551404
2.7146087460764834 2.2100423633672763
2.5399632357139756 2.607304549120075
2.7048660510211535 2.30154044854034
2.773341709029101 2.288313467860436
1.7779647599124426 1.9307253196695287
2.782974126684078 2.181800753558617
2.824924936803498 2.220964234638548
2.830587003458194 2.2780502494463715
1.660987906332878 1.5595065791257012
181513.44147086403 1.0793456606773875
3.3395182953148668 3.3288743908281857
1.875084828656553 2.0056328202486493
1.6096033301151236 1.6463442585858905
1.8169023564499371 1.1995783287633
3.7163593540371656 3.419002628413378
2.1682593594061093 2.2348234296665717
1.613216808196428 1.7013803116753796
1.817526946175087 1.2057351527552649
3.082094865628625 3.0136007004503282
2.1720061183961157 2.2373042569684216
1.6295554182523635 1.7549346962637795
1.8222517703679615 1.240405332283817
1.9115177397335954 2.0825303361671446
1.6502499199771279 1.7272685138068986
1.8495577853078 1.2240168515271643
1.6885260964901827 1.6781547600975826
1.8729346384829313 1.2820904329031386
1.9407896811763505 1.3115894166387578
4.046308667063812 3.6292389602989306
2.488813435572629 2.5933561613315605
1.6234055137607084 1.7189580230071118
1.8179770195870333 1.2287504104515306
4.125845879426848 3.666088143545511
2.7338050069501776 2.7990000386101324
2.8960079590109613 2.4887162137201084
2.658380566209208 2.7444570403290287
2.759559112191144 2.335698495912605
3.0531385326235365 2.437330136141965
3.720139997690638 3.5094476087620734
2.4765645759715493 2.6337557737919353
1.6479655005189247 1.746614174335404
1.832621714264692 1.251200836815638
2.649644035503102 2.7582657803620885
2.7766824664649787 2.2316642803819335
2.7505205395765855 2.3939513233043597
1.9395674955760587 2.071045074702288
1.6599021189962286 1.73514518617586
1.8648166261755386 1.2536900433742568
3.085121805982156 2.4405053367228784
1.7116909594832115 1.6743378340439208
1.896032896123156 1.2368619148968703
1.9616548651468624 1.3031853125215043
4.018198361976852 3.6384224243732475
2.564066615581932 2.7081287292183274
4.155343018164785 3.73534333403835
2.716562752530553 2.8334410381235533
2.7536426340612703 2.469765193053149
2.5749666718230695 2.7126817696063448
2.908339814884463 2.483598131207502
2.6466819023606605 2.2351156729356596
4.085310349385715 3.6295315887987742
2.7138024399334175 2.8517253652590835
2.826325717414558 2.5681758254234768
3.802942163091956 3.4908595639475677
2.597887390943871 2.7199347842816586
2.669762685262498 2.230043128660558
3.6526864877914518 3.5365175590135127
2.5744845270432872 2.7308436283620487
2.7924627194373057 2.312651060108826
2.5767407996576477 2.71550284264509
2.6271099368563675 2.3724205780326812
2.62444144724659 2.255289409901505
2.594830699981543 2.715966335241915
2.8118689263857033 2.3670596838517435
2.638529992427099 2.2712155955231377
1.9644485740393143 2.0568199518371926
2.7504542776945655 2.253962499011582
2.7474608025966494 2.333351710129071
1.6474952461392292 1.6450085029871808
1.8584677830673813 1.2126057077704024
5.528859797481436 4.694228251383307
3.705465302191853 3.5493318964796887
1.963142537887014 2.0636847338927007
1.6133406598390705 1.6546852395678497
1.812990992707105 1.2161960758942032
3.0415013358647434 3.0211642671989987
2.148657234099207 2.1815141979151993
1.6114714090711606 1.7591623204239588
1.812153797779997 1.2582601420837456
1.9831505169488395 2.115564523513423
1.638294844963648 1.7533785763951344
1.8224764537410665 1.2275078042804854
1.6734103943546357 1.7550193634599316
1.8524598754757344 1.2358822842487422
1.9244994497286574 1.2990229362087549
3.3113776180236614 3.250900734993131
2.1343396370149064 2.1260904987073865
1.6218758946910707 1.717562587767787
1.812853342314913 1.218723285499276
2.606925453274431 2.7606941178764535
2.817426079668091 2.404184650169893
2.9842644200930666 2.620781582127557
2.0036704670264696 2.1015996649241506
1.6421466084864882 1.7637672560011661
1.8314496586933062 1.2266408790321137
3.0038334989360935 2.423104472191249
1.6912149389011093 1.7121472178784813
1.875258988092038 1.235759068034617
1.9468463966224543 1.2943295466614864
3.3188380830592443 3.216181798961064
2.521119963736815 2.7137450299265495
2.5228871017796175 2.687351811345808
2.626438491314234 2.2284363631866135
2.5440331144785278 2.6693444320752504
2.7909324495954895 2.548186742235858
2.588436294377299 2.267855328885254
1.995857958715855 2.069917729617606
2.6998144922715226 2.3366059861091832
2.623329452138807 2.340114037553964
1.633553491810805 1.6770130649383468
1.8476203905868385 1.2251029636979935
2.486704364819405 2.6643610709826677
1.8508899872922906 2.040151791918573
1.5993436747245546 1.6748892155462836
1.8043180747926992 1.2306585862341013
1.8627870820310548 2.054053395494762
1.6034584231469147 1.6829837725096013
1.8002379024639406 1.203874965005878
1.659128864928189 1.6621825657550302
1.8226343869322734 1.2444478518065132
1.9042100223497824 1.2885288136568938
1.8688559777518625 2.0400117393934694
1.6064715301751191 1.7132993118571611
1.809305128893185 1.2331655555455372
1.6640407379289348 1.6976134180359033
1.8407416700157961 1.2537900544160507
1.921436673030867 1.2890539969506665
1.8593232066585215 2.041567244388983
3.029269864602095 2.3420953521025183
1.6199354656446965 1.6939479750385051
1.8296252604276368 1.2273530398243864
1.7037795609992712 1.914286433823584
1.5982936057064274 1.6200980808037948
1.7955281498282365 1.2337618391697023
1.633893768428213 1.6273368425318842
1.7942205084739387 1.2182680612432484
1.8774436589591206 1.2567334585669179
1.6511913490556358 1.651183296439549
1.8221667416526839 1.2551361959765746
1.8977487181622492 1.2415132809047846
1.5987452498467984 1.6238787622354225
1.8303648560746786 1.25493821501869
1.6056256645608238 1.5462629367416356
1.797713293769672 1.2110756027818683
1.8493913163941587 1.2346501743738238
1.8734396673203606 1.2774910191702804
1.8067153069349053 1.242714684733107
174657.1392400926 1.0447213467332537
2.7611223086043952 2.361292537076954
1.74781996127082 1.670695303747139
1.8169334352232023 1.200136604446913
1.8581924623391624 1.2537213414683692
1.9849944256799095 2.0222645964391823
1.9931799866311701 2.0816780060804
3.216138342306266 3.15647800792372
3.610927594648038 3.455166717371309
2.7248362695941237 2.817382219071418
1.7038945629602926 1.914504805255803
2.68162018435526 2.36105707935787
3.3903744363415305 2.5822970287955194
1.8359994034555314 1.267466122795037
1.667198651818998 1.7061358708863503
1.6886810741859848 1.8586015886626335
1.8911933608810916 1.2754115185371926
1.6425811893966338 1.6797098008947176
2.752819632677819 2.660726951668809
2.724095151061021 2.803367234186791
2.7926137875573835 2.3207663274784887
2.8869243432157212 2.3237664209484503
2.864783305583383 2.6679394303833814
2.523914560286 2.673132503552415
2.610576643689212 2.7433806701141905
3.1461380613477425 2.4396106395920203
2.8581957906603868 2.3836622070646607
2.7129562613293654 2.3550363920915713
1.8197692084949875 1.2312748783181178
1.8730004787539651 1.282165159653763
3.6561600338037166 3.5385913590514564
1.9372334789906975 1.982919252217591
2.71218888032175 2.200487424774817
2.20080935283365 2.124258479660136
2.8051781240140983 2.405114399889226
3.0577258762815296 2.439459675800908
2.8078011878315254 2.33154805232536
1.689561938691009 1.681458325475584
1.8121674500536127 1.9129243968994993
3.071828687996113 2.2835182458413836
2.9283612973818722 2.325115883766199
2.6861691064990882 2.257129506073716
3.8341833741791707 3.589627486358145
1.6356236240561763 1.7477149837440584
2.931871661415882 2.8698530643466285
1.6480538620467702 1.748816144122238
1.9883822841897025 1.256787437831202
3.7278070197431097 3.4207115187300046
3.092011477679533 3.021941720444384
1.82052207071481 1.25395845087903
1.684622113437023 1.7052917058122916
2.6343209290743084 2.679810144832063
2.6989748596199323 2.199164754265634
2.728106842262873 2.522972559546666
3.3275773862947178 3.226281377268135
2.9430935582908195 2.819656968309868
1.7968924095463044 1.2457683924547807
1.645424432670065 1.7403733345803594
2.700392758545369 2.6350712499819666
2.5336645493038166 2.519933875944658
2.933537753541634 2.556978088655593
1.8696078497669602 1.2295306640222574
3.134646060548474 2.7253006753426945
3.820778892254218 3.6014298254009294
3.3696934272550045 3.3126789714986136
2.62390626590937 2.7805148452088826
2.612392946185612 2.5456139877804507
1.9080003236430048 1.2824851196535476
1.8039984327240541 1.5330833464169564
1.7430406458342995 1.7330859891480885
1.6360682677265896 1.6890182112363346
1.8872359081336154 1.3479938305041435
2.915680516187814 2.869414304275293
1.835406411791282 1.236111228092538
2.9141501463661954 2.5034274704583037
2.5958029779536433 2.7033548329798505
1.9710160890984874 1.3960639349974637
1.8388535984815846 1.2744877833543826
2.677836580963036 2.700785246036385
2.714473356360047 2.849980710804886
1.9629002551284993 1.3185008595955428
2.4965094245197923 2.5884781138185975
1.620323201107819 1.7028786772536002
1.8895918913254632 2.0856104171044914
1.6481847437776753 1.6321509045358815
1.5988219296505433 1.6162698410249403
2.584193856480612 2.588376171239032
2.829610257445403 2.687825649517222
1.6341666075910521 1.7100158511666312
1.7864854521642015 1.7115827842204498
2.671289561355672 2.2574059324314164
2.8585385950784454 2.155988674016035
2.754787645894896 2.4109637436334603
3.044304339869172 3.0329609530284376
2.0143578652487886 1.348426776676258
6.109918672354362 4.893332186019357
4.362367820954668 3.8087465425087244
1.8614784443936152 1.2992491570058968
3.3198831192257208 3.2588272540971093
3.836932532483547 3.4582730979320866
2.7742082288117564 2.772175251304877
1.9443011201110532 2.1075719083197595
4.348289732788186 3.770365965414169
2.732227618136721 2.3234784741974708
1.6534526202464848 1.7020075195822828
2.831082583703366 3.0046034642891772
2.776065090351771 2.840703452763748
1.8306062174200022 1.2263574750057542
1.8241694130156394 1.2239039906394362
2.5472488240310245 2.6980065130131443
1.889515296460422 1.3249288915780326
1.8533412399329192 1.2359067094544895
3.847309641203532 3.6706597707696162
1.8152247808315227 1.9903836144715883
3.8128937381971184 3.567753905068562
1.6177453831891286 1.6175897982189675
1.8130686823114526 1.912929854262392
1.7356857724039665 1.6734794189973055
1.6376653534184031 1.5138473601144995
2.7962674213242398 2.1997886226639976
2.73231120314596 2.729621588854517
1.866934168483195 1.7052107000195331
1.6812230576994056 1.7721379740279377
2.678025830787017 2.3348891384746056
2.006931632000331 1.4271385060101311
2.660217696679909 2.2654618130172404
1.6329373788798671 1.7557028093412548
2.8288579773698244 2.5096062778746466
2.082106273854623 2.1087789287399863
2.910497425371833 2.46699397504447
2.003121054858234 1.2286299500171265
1.7997389575016882 1.199383037135184
1.666649772942903 1.6330190900824944
1.850523440682291 1.2273323631657311
1.9633474862132707 2.070079354026426
2.1503042232098073 2.1803278970189073
2.774193734251055 2.2959938583271837
2.771442042875231 2.2814865505118496
3.0382695383528597 2.4613505038341845
1.6221115191585649 1.6305808591834883
3.9225940756449478 3.6366720221165925
2.725092077854122 2.271732242405766
1.947892763947142 1.2647529811651441
2.6294650028081747 2.742759975762829
1.8224135552629444 1.2714356714223114
2.7123903900892032 2.3473582275773324
1.6845385513539988 1.6435760349870934
2.748292456393285 2.756806851466273
2.7590598675742757 2.841261786844225
1.6019887132346349 1.7232373770406373
2.6825323977940028 2.8562254152811017
2.5389255582202863 2.7097077520811648
3.8675302651419203 3.377274163613893
3.807234386263188 3.5582130522017685
1.6514247636652901 1.6927593144124553
2.627758201205356 2.2560305259491296
3.9860306263560337 3.6800084042911183
1.9188817753409084 1.4570129101188907
1.7301699301313325 1.9529440834161933
2.0217431733296447 2.0460819963859938
3.0299552583576306 2.345534058547255
1.861239835506887 1.2847898098360697
5.553060767922165 4.709306709979829
1.9636388008361738 1.5076256494345597
1.614980691874572 1.7592065415875942
3.5825246307907808 3.411730538292729
2.6405178506796094 2.64001739176532
1.8718941411426526 2.0519509252356505
2.042055042960767 1.4768922016196686
2.77594489861613 2.805740143942482
2.7356634954898857 2.4437025572107074
4.20202106405281 3.678676843936313
1.8715921493164125 2.038102232439698
1.7037009644782777 1.7113977442418
3.9971419624114253 3.6949508196511065
2.7774936648524493 2.211909563639441
2.5821691487981537 2.692897676060743
2.736827529443798 2.3214040132391043
1.829248506079814 1.3225425253261893
3.0408460107032163 2.345327858105041
2.732971596895694 2.7080531719119696
2.57000591983689 2.6514728457095456
4.112763685846798 3.6791601206457694
205829.25517008628 1.224487733414102
2.011797069675456 2.055003330925915
2.7907510248288085 2.319435973533359
1.74306286289654 1.7048293643007102
1.8129878088968707 1.912021197982307
1.9901046628483954 1.2989029769707332
2.0826110737525574 2.2109532511889505
1.849015360699981 1.222682837921661
1.9777989269562135 1.3348652488015291
2.76780128125463 2.335662473475868
2.5392110546043063 2.5295756609505724
2.6468429453877445 2.385245235354354
2.911832841798123 2.301264296885127
2.822554797442341 2.3545741742823876
1.7345560123280823 1.8284302916910513
1.8827626705322933 1.8559804691752453
4.151749752678917 3.6671195200684625
