1.4159519287408058 4.168469207449789
0.710588057661131 3.0105380959326125
0.5724305026622324 1.965833922414974
0.6615590066915681 1.442810111135251
60.38853378803078 0.8933419281103221
1.115106855019663 3.2173579373747985
0.718426836421923 2.219143224453148
0.6412053327503812 1.5269009802630642
1.0009093919205148 0.9447202830411227
1.1667089947852198 4.999489141542208
0.9851992249225731 3.8437510652688163
0.6990567758878514 2.4115165226183457
0.6223651478982213 1.5890929232298894
1.0116358416991105 0.9519836289794825
0.7200082277374296 3.0406139574394455
0.6224208998173725 2.2539366374772865
0.6438591629209562 1.6062747104221113
1.0159312201093045 0.9452826132930334
0.602966757819609 2.0111239398230896
0.6568465646227512 1.5384874995894704
1.039500530387851 0.9510548796407846
0.7231182872064056 1.4768185733894814
1.0588513320923532 1.0034086296417521
25619.286762354146 0.9892495581508347
0.8616913005602176 3.7448035969552675
0.6889280298334914 2.1348955732536665
0.6633003579313717 1.5216995462994753
1.0064868066482702 0.9436646539578935
1.8147520292504837 5.128557280565307
1.1598483351036364 4.27188845089881
0.7397425155616195 2.7796533241552233
0.8821295712631434 3.842284048262359
0.7443413381479106 2.8057456926643645
0.92791981036017 2.1230291463073643
0.9782922480916202 2.7163656042401256
1.1123487739907356 2.109866185688257
1.3086506143904892 2.111802610877792
1.298563269670377 4.7383474740101255
0.9128223515380604 3.7579925400079794
0.8385532962818775 2.252577029965241
0.6374811282494858 1.5914469945146035
1.0061160931970101 0.9535417182828614
0.9145262539485972 3.8822211039261507
0.737590096155057 2.8036106179584737
1.5364583664825697 2.461304150420872
0.7999798962222602 2.7666727553744503
1.1010368328424986 2.1352695713246503
1.07514238521868 2.0798811711826373
0.7324161196128488 3.0816557001699465
0.6048827580549194 2.2417667507582997
0.6271968016899777 1.5901464183392429
1.0191578422369512 0.947241399868145
0.8592745881452306 2.749887452373585
1.1418272095761468 2.032618171501055
0.5994717804447353 2.0185678642991394
0.649253077872905 1.5366445260188084
1.0337905602739577 0.9306252697695323
1.3042312307210502 2.144428967854023
0.7108775336045071 1.4811960045180315
1.0556307438158825 0.9760170051209918
25942.466400373447 0.9843001293438034
0.9079764518204303 3.7468124884175604
0.8996366772161021 2.596095393424191
1.1278540125371295 1.9879029236900394
1.209375463207842 4.064693967976772
0.7259262467454235 2.817222300877359
0.9897686873234373 2.0278193848899866
1.027033918663035 3.952855719485253
0.7123510750038553 2.764819720936706
1.089869826464892 2.161106181453281
0.756992213952265 2.5317939784477232
1.0530281701174817 2.065034439904335
1.0556078299158165 1.9343213458289839
1.2436064546785963 3.9704000981046823
0.7638288562412023 2.8020557627574654
0.9764309553009092 2.0269892011887203
1.194330213310374 4.116911107150862
1.151988654995243 3.4920711426265516
1.0755156320452246 3.333155114923241
2.0064126155100483 2.8809344502239655
0.9093578208245591 3.632671770361431
0.750151892045968 2.8042505985930157
0.9617867948150152 2.1081864526610845
1.3442961077771325 3.328922400083898
1.9142710463577124 2.9032973844031904
0.7351371303608828 2.514750350893552
1.0218975869424844 2.047033385886513
1.0395183149001084 1.9186550972615948
1.536853179454008 3.917152190974173
0.9004447110979752 3.8097402817115857
0.727523289865673 2.62112143468247
1.065086980803947 1.9983040675763855
0.885464105115818 3.796884529436362
0.7138865215523763 2.765356274362718
0.9201264684256328 2.0907538476398804
0.7369179595380663 2.6226993568246773
0.9352217901049047 2.0892717458504486
0.9861811615650768 1.9827977348449966
0.8635049143756963 3.801152191046391
0.7168060455435433 2.7554453726063626
0.9688200747732816 2.1199319569716786
2.1863987184628315 2.9910634049408666
2.1404205311403737 2.947075876356428
0.7176592220662451 2.6293918834126844
0.9270758849647905 2.093430222785557
2.197629649853278 2.91632261025594
0.9870936915115935 1.9665124343218268
0.7420143849999558 3.00597935984064
0.8108530622024601 2.595210701662561
1.4597530135911365 1.969650264536578
0.7373405219788158 2.5091983194224072
1.1214094205376142 2.0703199688937546
1.1206203424147603 2.01865648431094
0.9578114276383877 2.626477790097214
1.653367173240186 2.3283727093061275
0.9868131692769727 1.985732118923162
0.6011718810551374 2.009520129257485
1.3682849760345883 2.0627978671775824
1.4948846782013532 2.1420300684824642
0.6598008275054591 1.441360607344973
635.0863298962731 0.8960274192882196
1.0813177978226944 3.936949362958984
0.6221451819747049 2.249774029050546
0.640959523121726 1.5205495440074785
1.0070904212959277 0.9558096316600557
1.8196620398498067 5.040893398757962
1.2681957180209091 3.9477332175399305
0.6661188441978111 2.6384613531552743
0.6142314381192209 1.63631166256451
1.0064407159521838 0.9473766463739769
0.8517715644944179 3.7490620884526056
0.7791250391754952 2.621832066128393
0.6008572103399568 1.6909414513093712
1.0065803464770282 0.9327250018075315
0.6036248150399113 2.2348477112133738
0.6460422728290793 1.6457180642987674
1.0229042564104582 0.9582277787877372
0.7039057325828166 1.5877730991719146
1.0448151227094356 0.9521835441612555
1.1199945977138006 1.0281490226008563
1.8689363701645634 4.789837294619737
1.2607284067819349 3.91882729356517
0.7002467185324545 2.7005966154787373
0.6296032939780817 1.6418798963505443
1.005795232425038 0.9506785170048074
1.070980922049776 4.759447811596222
0.7578786407454665 3.0860344420987342
0.7587285627305905 2.8249555116028144
1.4274233316287854 2.4220061746775903
1.7722292096206596 2.456125280779932
0.8687099685796048 3.8197794728050027
0.7113391709022752 2.6775982632214252
0.627723589697997 1.7012697159389278
1.0180521377166893 0.9843785797341577
0.7685351148739445 2.8336753129554193
1.5829974712512014 2.636817256403796
1.6300111487173474 2.629666552855004
0.6400923671387204 2.2555815295809896
0.6307205590599356 1.6318658560754364
1.029205261366439 0.9702604464719875
0.6941024821951323 1.5578737579202806
1.0480181949538026 0.9621517856718583
1.1217237892780605 1.0392467203494609
1.188745722181044 4.138286569053136
0.7173263401608438 2.7854824880472346
1.773893539486576 2.2743308151223367
1.2603896054554373 4.00782406685792
0.7282384150289838 3.019821625833074
1.5959992074439913 2.40659159187204
0.7055500934955523 2.765535414394999
1.5795196278462487 2.4044374753733244
0.9452618758677063 2.017229665805423
1.236215318648636 4.012969562111637
0.7875017993927689 3.020954229295583
1.3071529390238361 2.277529436459204
1.3937444417622489 3.7046347275037825
0.7320397715260205 2.7949370421749973
1.0783006582916514 2.02961063263578
0.9198027432665508 3.623063135821589
0.7174962819035736 2.7505012113873355
1.608804200877801 2.5959237399622044
0.7318543864157847 2.7545005079835088
1.6615124821308624 2.3726128827663606
1.124133168613899 2.1441136275619463
0.7251867144873761 2.752293968395843
0.6308493436667413 2.242259100340657
1.434249186983664 1.9990161816572014
1.5772175694624893 2.2598028483390835
0.6683036427391305 1.5439506787208028
1.008185393023717 0.9488316708275427
1.1948700711048492 4.993543618407011
0.9065869031468682 3.72675870046808
0.6303176997587545 2.411059286040858
0.6295670943041081 1.6021442904589183
0.9972518860145057 0.928025680834415
0.907825615181297 3.813175656318158
0.6642650018157081 2.6363956326289495
0.6123221377587043 1.6917410745698367
1.0027692576816496 0.9467937270316666
0.6533635135312663 2.3745410604062904
0.6171965821750901 1.693494078727156
1.0342921389250057 0.9624653491227498
0.65560593432728 1.6204042232030311
1.0575626679044177 0.9880741809770222
1.1147432904684529 1.032058382512578
0.8797869047131714 3.8171773189907157
0.6637661919016634 2.6552993686639934
0.6066700751024233 1.690771503310002
0.9994894879388952 0.938255389319174
0.7390465674514994 2.807072719709115
1.7717473859738349 2.4168391147479795
0.62594522989286 2.4177826161018867
0.6066266841155009 1.6936388864940286
1.0363114523744743 0.9813362894990437
1.3282217257184321 2.400931368399129
0.667045591019676 1.6291067164093729
1.0388556963753857 0.973791614354468
1.1194844155351658 1.0338354234758744
0.8778458585078821 3.812166214130062
0.7218688122456123 2.7688715378795896
1.399930502965724 2.077347989813852
0.7340189133826286 2.770828414105285
1.4052681436421792 2.3904425019194973
0.732605879083702 2.7842608169306526
1.0781636973320343 2.0686379059849314
0.6871118342428119 2.563381430140397
1.275662848060423 2.130977001384592
0.6382889953888216 1.597303445495668
1.005978290240514 0.9371307755678311
0.7296834227778478 3.036401593139239
0.6008115434625312 2.2426519920397086
0.6191851573478437 1.5851268666764904
1.0097515484141422 0.9702478475705577
0.6207145089435087 2.2418108018448395
0.6143892302777104 1.633842601515252
1.0064114672587514 0.9525628066492944
0.6678677370332446 1.6191165527181315
1.018900005964229 0.9539457377093569
1.1048144310184942 1.019881113063617
0.6254902603221093 2.253555226092387
0.6295222407193968 1.6472606155763192
1.0091301978019145 0.9666433063085258
1.2839176698587562 2.29247251435747
0.6679431893149361 1.6363499971041287
1.0332618912934521 0.9686359621107827
1.113220388135486 1.0339410332607188
0.6179199881419695 2.2111413282700796
1.469792811520846 2.2516584545526506
1.6247732196284466 2.1704491572546627
0.6356376115793978 1.5948320451511822
1.006156273717038 0.9594080418727202
0.5997221457062574 2.012074818297013
0.6413936951947198 1.5263785562309826
1.0201669696154938 0.9388613457008738
0.6958041887945684 1.566834259490895
1.0200073086205068 0.9597120017313109
1.096323415163449 1.028655651998004
0.6788078819463067 1.556017384636783
1.022971152540501 0.9404337884714071
1.1056964796630537 1.020001330412602
0.6413026825629813 1.5310388738758456
1.0027537360424832 0.9397420349683732
0.6775333708383615 1.4554179063374395
1.0019683834970112 0.9521979772244132
1.1742900481528307 1.13723489019618
1.09869467829803 1.023498310970863
1.0038111132477667 0.9294054648473886
7639.049796703559 0.9036682132147118
1.5116132499280712 1.3304986626418103
0.8296854680587229 1.6078489770098225
1.2486668946661308 2.1960411020269914
1.0910629923414839 2.61722795897941
1.5096002762824021 4.060777940122986
0.987550548300387 1.8546354789021808
736.7369069332967 0.8964579327706953
1.0917653382632098 4.783901103684087
0.7718218494802891 2.808878692674474
1.0880770082492721 3.7915012626776248
0.6067467812596034 1.6935462857784715
1.1248233155055858 1.6833114329279693
1.2510288781794217 1.2163005809450338
1.4065433403496443 3.523650131954469
1.0877195987912858 2.269892410251636
0.7800392026640117 1.7634130567344208
1.9259911264489666 2.914441161602859
1.1957101751433636 4.109537299975015
1.0231534518780947 0.9453432616865766
1.2215539758068668 1.0795681590802833
1.6363387816078405 2.101132533091995
1.2452833051608674 3.9661626891554826
0.6326664357132883 2.240855259366701
0.6414424613092427 2.4020553463869527
1.197217403202432 4.881267383848
1.1133916411817941 1.582667502662293
0.6264095593296966 2.0185649162570676
1.223857023251717 3.397334017829649
0.957613117010063 3.5761676488424032
1.4985078356049462 3.9094601256965946
1.4984371586845242 1.4746577704323809
0.906261759180089 2.7910007854216894
0.7291681830768355 2.7948422301749227
1.121342773958218 2.0176548997236634
0.7353910040646627 2.515216778793742
1.0815575329320337 2.0523081159967735
1.3293249713167232 4.695315814534078
0.6096765645541424 2.0066506130148776
0.6177148647891729 1.695637190196994
0.7481492392412584 1.5124392158966136
1.2376120063971756 2.7978700560231893
1.3163780206020705 2.11443360226155
0.9662083366399588 2.0034204557409065
0.7726178064247959 1.7625445089779053
1.1873116800416867 1.1053299687372529
0.7627582577408742 2.5309177778955156
1.0269804960274298 1.669861997132708
1.4225474128694624 2.8808082136603117
0.8819032501550736 2.813425838864417
1.1081086916307252 2.075229052539525
0.7700590985791644 2.846473287223346
0.6246147257736673 2.282517507336535
1.0155243882667229 2.666539767121773
1.471241930963147 2.1924616362975957
1.2158097742411775 1.2100355598092736
0.9317740713406149 1.532747815755949
0.6428500047758359 1.5992584518176334
0.7640861787127774 1.5034776902980156
1.097168073776888 1.0016161244048638
1.0644190093222157 3.710159381938747
1.0617504552185826 0.9681647663471311
1.3467488043915428 3.9123658965275445
1.1324179294782704 1.0396645850614008
0.7187039507537494 2.764245029429678
1.579179357735038 2.261909466667465
1.0233224337195908 0.9575778721792223
1.277860174911917 2.6190590982058435
0.6650734453171131 2.636928385360457
1.7665049556014942 4.033628667957144
0.6878540080424264 2.5626151446608674
0.722324732049467 2.2063412756863996
1.210759342400894 4.074696955464293
1.5636159748500011 3.690791096420673
0.9117300874305904 2.5456312029347226
1.1180584088862742 1.0392643273676545
0.9491912019996233 1.9754002939056723
0.6226003905384139 2.2465139335485422
0.6502673543791514 1.5334398345530609
1.0493373215342254 0.9600901756824032
0.8434918408585098 2.2824034780195763
1.0366791379335099 0.9581313023945275
0.6012888152602511 1.6911180296799748
0.6414732166214332 1.5272427590319388
0.899625923917435 2.9527530543425797
0.922036467907015 3.8649792556802596
0.7854767890963353 2.828941068117616
1.370733182481613 2.946235142241841
2.1533381893710972 2.8510155453802892
1.0019651730043486 0.9255981898092704
1.350584184674849 3.0034240862778634
0.7124119814140412 2.677905498443599
1.1335243345747479 1.126730517069586
1.4127264776763118 3.7478818095808326
0.7426661163381577 3.002438478679986
1.0072198033503286 0.948706518469635
1.3152609047809034 3.9047414375650122
0.9511388312069384 3.545703080538419
0.8775706502846174 3.7817576589099193
1.0939389852780383 1.0101065619522696
1.079386114941478 1.117948117427494
0.6939610526231025 1.6513035669751737
1.1474044337579383 2.109929871197367
1.633487955818009 2.6009887286089395
1.434591268108579 3.645639954749978
1.294516183745086 1.2504438892167078
1.2188916342359635 0.9995014464595031
1.0337405600257683 0.9808554566622244
1.5143171567245097 2.0832511585927986
0.6303226207107819 2.017439652607663
1.8217792204976724 5.049767209126379
1.0578105206499158 0.9938111869710151
1.4029905561118308 2.201816137833514
0.6815382745210183 1.4593588944695985
1.1806508488019158 2.1791746909493863
1.2715519078847266 2.0683152638403417
0.8898452848707133 3.8400610476162873
0.7396383163438995 2.7745550347899486
1.1837548292171127 1.9624613559051645
1.3069261564912011 3.9386004815017346
0.9803377588612621 2.7095130513255596
1.3123619791117158 1.3091869357576313
0.7169634050065876 1.622278419461853
1.0326720434584162 0.9717539278450307
0.8644251780119627 2.214840032033442
1.4771585555560671 3.6358379714449085
1.3110962821351644 2.3458270131197443
1.2897444078717406 3.067812754785673
0.7113677405003629 1.480881238537758
1.2928408904263717 2.2985821611385435
1.0708335628401011 3.8462490261070927
0.6598336887572271 1.5363723615044196
0.8681814286987205 2.126740846208047
1.1038915751136384 1.9920248874572808
1.3665499113592194 3.274647895606323
0.6519583001582159 1.5342832756258886
1.1296575223852356 1.8885964981340142
0.7017517786302458 2.4441442466306826
1.2816815975906213 1.3212555659974097
0.8645877398468587 3.8013112219461203
1.2824407757211316 2.090256954483543
1.4880408544214272 2.2899329429841204
14596.47867383408 0.9549085096455381
29196.870823888818 0.9858671202141198
1.1427293899658735 1.470110440469364
0.9862785326196393 3.614540039573546
0.7975746733913756 2.856070135353013
1.212713143076017 1.1231672541886408
1.6286734199701614 3.8617026291721643
0.7196893250138044 2.634262325499343
1.4062975802906221 2.4066728122214673
1.3430127116781956 1.0092638292076506
0.8293950497082409 2.9421770668805847
2.0783143504549377 2.9474940244146515
1.116692511261318 1.036905876172044
0.9857898363845345 2.61904344586205
0.842837275605967 2.7275116484399833
0.8442052492817215 2.2174255598201564
0.8188551763323044 2.843235921218395
0.9205148978878471 3.738180175426498
0.6396054026391587 1.601547639871306
1.613331606016461 2.6178408524912253
1.3220237029953084 2.275698236350349
0.7259519128464793 2.763773259015108
1.133149583521024 3.1005935320531686
1.733599599884347 2.6357139587149248
1.0367347845202999 0.9821614335085171
0.6731782355213729 1.5491072188227157
1.2398503223106832 2.088035307458102
0.7806513822452411 2.6015217690164603
1.120299759865563 3.2182575410982377
1081.2069732525647 0.8979099758785759
1.0213221657661558 0.9494016612474936
0.6534200316085579 2.2626841254102343
1.0069971345676842 0.961819549690597
1.0477221641791152 1.0561202653496191
0.6778454730478835 2.3470350444495125
1.0129060665964533 0.9711053057184176
0.7553123271422642 2.7959449890508425
0.6697114572612608 1.4287295200082712
0.9946491643883739 1.768643611135667
1.0035854395594401 0.9393237128397027
0.6960865696880858 1.5623414195625862
0.7531375979361384 1.5812234765395425
1.1817941689014702 0.9717912988176505
1.238468498041025 1.8546538381956965
1.1070817498031094 1.0191244521324694
0.6148830663163191 2.0259161951842852
1.4198022823313923 2.1406957202744894
1.0414922280579695 1.9205596143735257
1.1571462697018167 3.3455590591327513
1.1534767116601001 1.1556704254360453
1.0077286184798473 0.954822701449664
0.9670258539966704 3.463686529666104
0.767213896958136 2.5240189639030826
