1.185006738607147 1.4795522108339978
0.9947896806830488 0.606814310800609
218.56005293385337 6.47466026221788E-4
1.1840294690339233 1.9143310544164232
1.034207104130954 0.7290903448855477
1.122365472756981 0.05550796467641443
2.576395106820634 3.187240547195429
1.2381994118217623 2.1795817749257367
1.0801088792838576 0.8641310591069555
1.5467199585054552 0.31030713011650096
1.451690974793755 3.015201258846157
1.2047257175924029 1.9096670901478683
1.0678283685584187 0.8798386451035067
1.162448472812176 1.4637812128517653
1.3320783004270969 0.9387379367257811
2.052250361978385 1.3295132500571922
1.029005854883565 0.7515806703979733
1.2091862965328641 0.11141756674022107
2.0577159355186776 1.7500837176807753
1.1026162004015514 0.9809377453764511
1.6312126747057087 0.2957652724486137
1.3733190717125925 2.3612744207610765
1.3451330388821157 1.1974014682029808
1.3141227147482268 1.8267784511380694
1.8713399015665253 1.3774974339456159
1.7098675387519648 2.1202461546844216
1.1009414380092033 0.8190726641868389
1.650212983049217 0.3969393818695566
1.6994530254202371 2.059285912466151
1.1315406823246887 0.964192861326923
1.3061813952388763 2.04308133342537
1.2982041074943997 1.185987829593258
1.7832352545134342 1.2925545121733846
1.9373395102986328 2.5656211724443154
1.1839925270798215 1.9294525519322951
1.065277813203791 0.8831063467285394
1.2396287402377322 1.8100861053490038
1.1429952145209852 1.0039293280419008
1.4740285228786487 1.1095927242913615
1.1423471566901628 1.46629509861342
1.3594554952835831 0.9664668849345008
1.4340796845834582 1.0147268336897715
1.5934256818006363 0.9908770147543158
1.6284214234029815 1.6234258123353884
1.512193713760412 0.918476466155141
1.1164327818118696 0.8513581158563164
1.613052582333221 0.17512484770454473
1.5592064730676982 0.6872779430961866
1.4024226971347153 0.1433683953684895
2.0041837065218 1.5885063758695002
1.2023076826224592 0.808255696412753
1.7040262164961366 0.45003577861896044
1.033598706314241 0.7329935719054965
1.1143754580004577 0.8918481469159625
1.4963484150920077 0.1760539830645318
1.6696192195441695 0.6736559661018815
1.5554306996268266 0.2392725701210634
1.2742048439145175 0.9987281416010729
1.9202945475811493 0.5185477441348734
1.148683991390692 0.9918583191472257
1.2267337803948382 1.0999228352997292
1.61847600940477 0.3242772036495402
1.2961680026157154 1.132659081728221
1.8627174669143192 0.5381635051958625
1.159038800036834 1.0045050407330183
1.8980058858419757 1.3782646921235282
1.123747341000309 0.8472440859182481
1.0541002749546293 0.9022918121957655
1.1539715831996802 0.8408188723918979
1.073945334295552 0.8031558320890596
1.6043604644139868 0.6997244519475065
1.6349742312949638 0.3233173972512903
1.573832777307019 0.713858501761094
1.2689309886029216 0.1631478207513458
1.2808412125090283 0.6851990611761934
1.5006913841787928 0.33585439276497786
1.6269794128812944 0.6508649169910443
1.4028919871709222 0.22317593825219834
1.636810323144751 0.9559427667406584
1.4247786804751401 0.2658657817705765
1.4546006914642207 0.7864174898111675
1.651205258767063 0.4173110401466643
1.3109863917451583 0.832247885004231
1.584916068912444 0.3360821810587676
1.4280778146278252 0.774790540379705
1.7251552510211496 0.47321611587422446
1.9319964115684705 0.6014861929684987
1.1149140289470632 0.773375107537799
1.2783737798053694 0.7142426247112555
1.5696257545633396 0.32166491344324755
1.9102799025217343 0.46505949791060086
1.2330050887219466 0.14344729338416679
1.64877461275963 0.39839776476970296
1.1490673514045882 0.11662169049762361
1.3342716282410914 0.2430848876285552
1.3622951024875949 0.747934230380518
1.2495548228538764 0.16199091452459038
1.8460213999651076 0.4696038245168777
1.2879408527732872 0.1997292490844635
1.4536413370180867 0.3081735915433326
1.3716227519087005 0.7056915408675073
1.4838883378524992 0.32996445947158093
1.569680983281033 0.37822920437763563
1.776283723513783 0.5227742819882217
1.3552679096116882 0.6253402073676557
1.1833605098421809 0.13246656065456075
1.327213989031696 0.63811046905736
0.9890342970569005 0.023425337524638573
1.0963170822383461 0.08986778284139046
1.3657696876234795 0.5382723294392051
1.1721023449329075 0.12482201290948483
1.2224055299533687 0.16696538532340588
1.4045934841736307 0.2765047285911958
1.238359287410705 0.4809612642912526
0.990607011195225 0.02343955593815378
0.9721426715406853 0.015604073791168332
1.1397155200214422 0.12184540822108843
259.03420790527196 3.7974724595024915E-4
1.8605780990469212 1.4169085346924573
1.3033734633037968 0.9045931547356734
1.0930247164667322 0.8990844494090913
1.706446450716359 0.3444608094597409
2.2190984637828697 1.921237657316967
1.1153537428929632 1.0719478362090162
1.3318238026720999 1.8493025414732043
1.9657507053323646 1.4903672320490695
1.3971413828540322 0.8316109511020544
1.624431343528375 0.3906884591372461
1.1151755573674575 1.1101205471306153
1.8864541230321037 0.5005548480704878
1.672325146016179 2.1581712885939064
1.8649070581200946 1.6564988854232419
1.8608033778908477 2.1382208406772887
1.3924162593605827 1.2560975908015668
1.7488783310413676 2.171780196907691
1.7805768790950849 1.6115540765354526
1.1640984076333485 1.9080794602997744
1.1450379335433432 0.8608084186869853
1.823622439408699 0.45989216331397387
1.72898189199964 0.6772352992727468
1.662800062864651 0.3419620686864596
2.3104248164321883 1.5473356320599059
1.1588203386352436 1.0868255390392279
1.8903083494195765 0.4788490475110462
1.4734792662021428 1.1919959519113754
1.654892340537695 1.0459632062600248
1.4092839799312205 0.23105766218265889
1.2220425585287478 1.3285689398094216
1.9028660926376761 0.4999556355453217
1.3946707318386014 1.382697010879207
1.1660486839709179 1.2186681487877988
2.2983223300929296 0.5446269896214275
1.4231300431492293 1.388508254316087
1.766898172605133 1.3714773547301815
1.5915253456917193 0.651590424736727
1.6242671334772467 0.3767054603678174
1.5955995054205292 0.8889924801045987
1.5479049053059692 0.3433246592189093
1.1983161419997135 0.9358069611776257
1.8316911746272435 0.5103207767479749
1.5893027053984143 0.7468435649056403
1.4823500281644586 0.2973616837110669
1.257356836655811 1.0048191246241869
1.9593046133605525 0.5864821560775959
1.0552019908575556 0.9851048164371279
1.3803149232517744 0.7370934614192233
1.4706346225844507 0.3114442568855065
1.5538372107733438 0.5504294988162365
1.4411682893897333 0.30213195752922434
1.6546573227173518 0.41266238252859516
1.1372392114841443 0.9117181935684582
1.648701083441901 0.41624121211013543
1.7992476701213054 0.49563234926715083
1.3704684119170985 0.570748342863957
1.3595852613566408 0.24372501660197707
1.3992302282084585 0.2728063233910015
1.57564841041449 0.3767193739605506
1.289796867549914 0.2026645256730749
2.128742437722122 1.4675827397088936
1.247908702452241 0.9904783075696104
1.1413843703967887 0.9531079496631929
1.9142134698539783 1.5560468882846836
1.2279057990844993 1.1430390039751095
1.8423450901074299 1.3565208179021033
2.331001914393113 1.7538216962525937
1.110743150128821 0.998992824787645
2.269133198111973 1.5354204009682326
1.1936923878071908 1.239220242866263
1.759737287410911 1.4671799015233595
1.6023090985256436 2.0914762521460766
1.6281674548909517 1.3820530988446993
1.8320132417224722 1.5181672865324454
1.1230764603706296 0.9901775998335193
1.4794959463148643 0.8856349047399064
1.1968252338209986 1.1249714011933571
1.0899341042622497 1.129587012279217
2.109045201147176 0.699335612572615
1.1759772161773836 1.2387626138682886
1.5688374077735396 1.3571409798116596
1.2904171985506971 0.8707738511714149
1.2224765515716385 0.8983041495181237
2.055572837641491 0.6845155386975648
1.0640924559055243 0.985388986772691
1.1430489193977775 0.7907891643773941
1.8435767383658708 0.5460968044414732
1.9121687151525784 0.5990893104748103
1.6971698273278064 0.45925850275711
1.8542821324408003 1.5389474798549976
1.257541332604839 0.9953003407961314
1.764438173747044 1.5469912435365976
1.0975547372208336 0.9645255876629573
1.4566395700336208 1.1359894938606478
1.6735551038791416 1.5377310559152382
1.3263486551178476 1.1152337035992996
1.5045130377475713 1.2245865837302121
1.84252876102373 1.3671944124967974
1.0928025251262758 0.9573271826245329
1.1255300483932802 0.9944558514073859
1.3667586349205274 1.1393926758371946
1.0688191515602674 0.8656263782833402
1.2830065592396294 1.465035727426295
1.3906530866677551 0.9900950816023416
1.4335658963404758 1.0231126816396217
1.6404152089703512 1.1426248657544897
1.3612417089794078 0.9764315831688352
1.6224156055093337 1.0063353749615904
1.2808883324680773 1.4647785760244063
1.007149619205484 0.6297126749744222
293.2675001791769 9.746361781657331E-4
1.1926840908914764 1.8957013118175736
1.0751167161479154 0.6963577248434767
1.1227876770217589 0.04638405964040303
1.5705894201999122 2.0144223441808986
1.0906360976244367 0.8781710375836683
1.548353254936356 0.2779642948076557
1.4574798855108615 3.00566994545094
1.2556435331704265 1.9693494267455731
1.0790310332503859 0.8875404744276827
1.1665526185211748 1.4598457809962047
1.3338705713593977 0.9404636724277172
1.075523672146933 0.7870851906578974
1.2104999303258532 0.11261255732620717
2.058935888168466 1.746144375863738
1.1046455769450203 0.9817927308104127
1.63123926173057 0.2986618023792593
1.384671162072353 2.4108519118698144
1.3473839161786512 1.2026548098304426
1.4340572682197608 1.6696523856384167
1.8721139929810864 1.3535127217721437
1.9217592136879051 1.472411309277204
1.101124735697625 0.7878651661695163
1.6503154626458834 0.39790118642283406
1.7136156987981312 2.0338600032804215
1.142537944096581 0.9669186049422014
1.3242280406065747 2.01428224196753
1.3006152342549346 1.1880950708650146
1.7885548602647905 1.3004885804791089
1.9402043187736895 2.5756349212116443
1.1925648068759926 1.926223345866694
1.07934662007806 0.8906296705247092
1.2408030697206887 1.8136603060645449
1.1611272896285918 1.0123013491095043
1.4752380810700112 1.110193225485281
1.158283370163376 1.4537839878446677
1.3602138833782536 0.9658367655833431
1.434893168658898 1.015653402117968
1.610713381204676 0.9718823331640523
1.638556978833868 1.6110693575726982
1.5127273636577976 0.9184483444848187
1.122558844619187 0.854880140650528
1.6138150403087737 0.162965260618276
1.5738740198752517 0.6756283076857094
1.4040539436121717 0.14392903977972993
2.018090672414387 1.5144029702014064
1.254648937781194 0.7666089943952166
1.7058723680883179 0.45152895959104683
1.0412695262330542 0.7216936458060725
1.121471395990324 0.8868579535860908
1.4967750840064293 0.16489200752652117
1.724553111261445 0.6430977175901539
1.555761638706388 0.24005370387259573
1.2809259451950559 1.0007373657943703
1.933982387906536 0.5314413231127142
1.1672372365035524 0.9798437741898871
1.3274549878672701 1.2017451889310542
1.6193500755273025 0.3267389379393708
1.4453437873517117 0.89343962223055
1.862924737113083 0.5383994014335735
1.1710029975384588 0.9826896857265741
1.9581272992512089 1.3062510128910523
1.1247047361336282 0.8486961539743753
1.0947596221043483 0.862732753073487
1.1547507222440945 0.8376919280811022
1.1162697177844534 0.7711764802951879
1.6697769455610476 0.816482417343616
1.6362401346919961 0.31167945229433136
1.68713726563058 0.7166821647209604
1.2713540866590185 0.164093715918193
1.2867651908773399 0.6723055294555987
1.5028994566766394 0.33818219854031045
1.6541522134426974 0.6317800396698383
1.4052410985146322 0.22144185809045308
1.6542162993130978 0.8833043231192375
1.4450878067308564 0.2557644588252239
1.5905899632089304 0.6745467675788347
1.6526835177914627 0.4258420458479283
1.6135932484351012 0.5855022396381501
1.585159656317452 0.3362848208456745
1.441255309315507 0.751212356496875
1.7333327584095293 0.468004559976876
1.9323347727447944 0.6019448876157811
1.1512127803020138 0.7324928113549796
1.4906444140346389 0.5900742309442613
1.5703021394363328 0.33285647136428537
1.2340020644352199 0.146641182143665
1.1494057477087147 0.11634585101091001
1.335278645212128 0.24219101877988627
1.4023480732799998 0.7155961567120803
1.2539403494287302 0.16289356584479686
1.8802252548455023 0.42067918237182195
1.2936672538898666 0.20919549795709708
1.4555150995619348 0.3176969680074824
1.4301277855199956 0.6142217317073178
1.4855755034317215 0.3309814891620745
1.5714589458199089 0.38014423475625597
1.8241499630822577 0.5587821204435477
1.4336939694930675 0.5162172158284684
1.409282606343984 0.06943866133371848
1.4034098932800743 0.5645951277245973
0.9965915187958003 0.023387969955330296
1.1000037241029876 0.09178541005755046
1.3712005420225428 0.5614652164981171
1.17419382172084 0.12507869731154111
1.2228242879956106 0.17017023742952472
1.4046907222501666 0.2765131611953032
1.315937948770622 0.4557655466842202
0.9907334719654373 0.023246672693414787
0.973362069925973 0.01685461462048791
1.1397771639425351 0.12178809607327547
270.3859696733634 3.0681494844128133E-4
1.8646338076756213 1.4157004789704202
1.3037233897085532 0.9060553090765487
1.1177511371881774 0.8969884819693451
1.7065054055405997 0.3443644197514132
2.2754452928736946 1.839578990718827
1.1269795497670294 1.085285960556262
1.52799444732713 1.6405498494423556
1.9722961719230436 1.499307323690364
1.5068677735310265 0.5702517563128031
1.6245376611544606 0.39045284597930185
1.123981810457761 1.1020209291236482
1.886790606350283 0.5009078360146837
2.1790489521254175 1.7688193621603914
1.868612301252913 1.6611083857018532
2.049370633662038 1.7290071282459154
1.4097816834700163 1.2566253352983272
1.7943413006517022 1.9723557034301349
1.7824246215084136 1.6127084875638171
1.2819913626418735 1.8233210509022335
1.1600072702680713 0.8673145465849951
1.8421173194307614 0.4429008997120936
1.7347954150210172 0.6648665266321107
1.6630114338722828 0.3336470587188084
2.3119531913105766 1.5384760437733294
1.1891331004331804 1.0473787866279787
1.8996847135137944 0.43857423804760864
1.4738787351068736 1.1892520773419442
1.665809705364674 0.7642615207241874
1.4098121464248923 0.2331216590298859
1.4217393764758441 1.148242295773234
1.9054196887852966 0.4742848767684486
1.4050963775417855 1.365924143151188
1.1673861331365902 1.217822289174197
2.3030765352078837 0.5472998231327827
1.4315068453097053 1.4052689361401656
1.7673324769427365 1.3541122054775265
1.6819678397768019 0.6257108522442737
1.6243542493187229 0.37707627185955594
1.8717537197097864 0.5661778528039365
1.5484757163163332 0.33815121288410593
1.1985564589170319 0.9368049205984079
1.8319128787674221 0.510164204234097
1.591509941102663 0.7516031937523586
1.483281557078497 0.30367956084567693
1.2828099817685303 1.0014659637808934
1.959748460801241 0.5868696052237504
1.058437910031184 0.9915311527272419
1.426646700444964 0.6915303661552132
1.4734648742106158 0.3207713451965526
1.5566367878878142 0.5300085398726242
1.5462113692878612 0.24044383340237296
1.6557507891959422 0.42137079367963837
1.3436233180325126 0.6853836532235273
1.6503073042204732 0.4136380630794277
1.8008058317397269 0.49547469612229067
1.3762135610870758 0.5702691988449136
1.3601591503700767 0.24368945995320898
1.4004222576488625 0.2771166781592075
1.5758487889870505 0.37604556611010487
1.290445362202885 0.20327107624556184
1.2514734768591145 0.9849843167472048
1.1542089111839464 0.9499163044432262
1.9200054462373521 1.5568405134052283
1.2303281539642525 1.1418780442537961
1.8449878761567544 1.356836080998873
2.3341668899643775 1.755113388923844
1.1121708040327125 0.998982103023937
2.31689746826307 1.4937830199378872
1.201123601591247 1.2416544207696747
1.7626330976333564 1.4639435879248905
1.6200839365702708 2.0792884699688563
1.6349868778997698 1.3866460386364237
1.8346749672542944 1.519762109510121
1.123964940589284 0.9888794215493557
1.4871433438887203 0.8985714464067325
1.196905590574393 1.1228630116191842
1.0934815953488017 1.12937376375916
2.119203094294931 0.7068360279839526
1.1863448512202757 1.2377160472863828
1.5700349841951666 1.3565926896121345
1.33290105962248 0.8765193633346542
1.2334710078083522 0.8749849175374316
2.0555788997721507 0.6845154605833788
1.0741943026354388 0.9872360509989935
1.207616091879749 0.7440999517914526
1.8439044110326819 0.5464687800870232
1.933632706039813 0.6124611183962482
1.6972618601486849 0.45933413902356024
1.8956670159871405 1.377955323388977
1.2579323109010092 0.9935281160487297
1.0995828922362318 0.9649179950555998
1.4571855585908609 1.1360261402757883
1.9689169367152628 1.261640171560101
1.327052762515036 1.1161166306025638
1.5059791460653433 1.2246077406823972
1.8430092716966269 1.3332349951570774
1.0948516497464171 0.9556311668222807
1.1287304353136451 0.9944852745950787
1.3690030603968237 1.1424738430685002
1.068983102761195 0.8661978100197251
1.2851930991378986 1.4637182357735474
1.3907344992647621 0.9903131759756338
1.4382506378070785 1.0239553808070037
1.6419625880021207 1.143001625639019
1.3620443117314691 0.9764456326403188
1.6236703249105193 1.0071895054636524
1.7283273639111152 0.6445184726225821
1.1958150337016815 0.73493717635729
2.2889492277319814 1.8468721850722143
1.2744562088466822 1.0099729388725645
1.1900007276530673 0.1337232955869107
1.1096521249321856 0.7865532476499035
1.5545548489397034 0.19849311138967246
2.070532694594166 1.353376818996558
1.2804991127863006 0.1445992096416392
2.3150444593408963 1.1532251746513715
1.097981272014179 0.8033592648920931
1.1162617028857371 1.1140188438842085
1.4611855136099947 2.99484257556225
1.6375052361059974 0.3277641423558839
1.3455368290894036 1.0446880464140678
1.079851555133354 0.8899182371318798
