3.1017818082120687 1.8820367317350581
1.8072330072568557 0.9870631862143591
1.2293917444691882 0.42760696992095887
515.3396865279415 0.001322143781712165
2.1175174390258213 1.1940065205278558
1.30958444445326 0.505346951941279
1.0819046339439846 0.030399568572043453
2.4912282262476655 1.3719877346988922
1.5156645606734958 0.6055533982026892
1.5146020740637938 0.18109658824879696
3.5746888994546104 1.9863115077469957
2.3879307822385525 1.2348604883977023
1.8524413558336426 0.7896658575957886
2.0784722163997102 1.0177072823253148
2.1681564342656463 0.86590101437273
2.423347019377995 1.120625995661412
1.3306239811009188 0.5229115322569744
1.1393095729292435 0.06899443705833685
2.644646717992952 1.4508860118791176
1.5172495289057086 0.6634930185164878
1.600916079866415 0.17363086266703864
4.493081589056917 2.3383761611953826
2.8355290940261364 1.4492794581288584
2.2634251174541173 0.9853337339542282
2.6870596241004616 1.4852330283463884
2.9902905613310726 1.195593513653038
2.4548321485486095 1.3236690165744192
1.5466782988349188 0.6339439945384491
1.758644863063734 0.319606054292919
2.849044523682235 1.320466363950954
1.7969086957142615 0.8380338078154261
2.5938059237793274 1.2846468484218199
2.4474837318001317 1.12437442946917
3.5053636763707043 1.875084403301528
2.406005529254096 1.2154804158494787
1.882285243641506 0.8291181207348038
2.420331968636645 1.2310652899397871
2.1446860949121396 0.9707141537407362
2.534368011685089 1.0825599020941161
2.082589692627869 1.0147571943579752
2.2965192629325863 0.9439329733053919
2.4202786878800415 0.9832560091290433
2.132135834389674 1.2024233276232377
1.915617207830717 0.6642587832786359
1.5305989239564348 0.6489126102847973
1.6159430125099403 0.09046380399413001
1.660934805342683 0.5993141005062159
1.4772617671946577 0.11651287323628523
2.6804970329228386 1.2050205613618932
1.610236532263328 0.6356082730853952
1.9975554416122807 0.39364862209605345
1.6813182962047961 0.6686436303392659
1.4723108249771566 0.6006595879486685
1.5472950776472503 0.11910900331647789
1.7614369175013638 0.7931331605406933
1.6160262660454983 0.1626233265669016
3.3219123078668824 1.5700506690285931
1.8083449907341542 0.831507209464476
2.2080834465721377 0.4358116613264281
2.03984172459305 0.90844352070976
1.666273873160839 0.703548487145276
1.7483567095191686 0.28311762343635366
1.782830099503923 0.7898330948872072
2.1896606016591647 0.46711203686858965
1.8913084747654496 0.8760103653052561
2.4815473134759043 1.0917381826328922
1.7198945086091562 0.7510492646606868
1.8193498298272908 0.8235979750151162
1.9823564469643218 0.8213351966361985
1.636857236683535 0.6677086920314715
1.6006478770799406 0.634129116809083
1.8842172246670188 0.2509076110923158
1.8546705003815367 0.45604900163360473
1.442197167738834 0.13193635058163314
1.5560941941571067 0.5241138632699653
1.7590210487647373 0.3100981532710727
1.762721666424393 0.43310680764201687
1.6185894462211396 0.17397351809290823
1.9849693917176412 0.45574625649184036
1.5972638429725676 0.20838254090355968
1.6761258383916449 0.623029458584043
1.9530664998172589 0.377741416220981
1.6980566736500422 0.6633869105587662
1.8274254286474039 0.3084958181462924
1.6749671391338496 0.669386144967103
2.123314250075601 0.45837153671092795
1.5662075801125281 0.6209844679654553
1.534867552061606 0.4622655844866279
1.8431410721559436 0.2510857510320084
1.881728269500158 0.3562843437435577
1.4413602779410586 0.12830867210056188
1.2579946450628468 0.1036029507932641
1.5387793081260144 0.23318372796885975
1.6198660449799154 0.51723482464841
1.405874270179343 0.13224182888297237
1.6942904302572412 0.4645181734151469
1.455808941777177 0.18335471964309544
1.6999969477019043 0.29048203227578834
1.5652223696730192 0.5035636726398152
1.7466873746106486 0.3103907147767842
1.884430706438354 0.36589391543994587
1.661498027786911 0.3171030015433035
1.3673610459545884 0.11594674943880667
1.0999898649476256 0.018387308453519366
1.1741352035664392 0.08280194155694372
1.5234520685474116 0.43718399024546956
1.3003534367735736 0.12425553221332457
1.3686027549815596 0.16214387762599541
1.6354060934702714 0.2707853375910362
1.1009056785270812 0.022114736430700964
1.0172479954613443 0.015948572192800325
1.2523238998752058 0.11573983453616725
252.1157060814206 2.093566907590352E-4
2.394874744575013 1.0295384188556733
1.8593120839203106 0.7336061470303901
1.5875389747397326 0.7037774825773402
1.7616423016963145 0.23360514629520435
2.822889000200062 1.364351362846736
1.9429966290079965 0.931685571158519
2.812296055256151 1.5770348049423106
1.4781699123038743 0.5877258414665013
1.7148429631291646 0.23301907686863021
3.3499913925927705 1.4574154369710834
1.8796229020644288 0.956247796765141
2.0386323410363847 0.42933418926842204
3.177280598285793 1.7911600928348772
3.3224203390562908 1.4576722193112888
2.8659717816577355 1.5471118999839604
2.4187655117390596 1.1320900593798515
3.1027647131438485 1.7496518223326258
3.3056472265292847 1.4786375839266717
3.1781664103090197 1.7670546262767608
1.5855080469403606 0.7100124917619561
1.686899406098044 0.7369224166829014
1.7641780049590143 0.22511727141542054
3.0266902181775572 1.2890225526080248
1.9293365415898396 0.9390800054258879
2.0314138075883497 0.34206901494284603
2.443771379216156 1.0270191629324918
1.7888521715158725 0.7217836902724619
1.5101652772155663 0.17996913249404323
3.3892738710213544 1.2576141983989135
1.9849876356495901 1.0245378783466714
1.9797619521774208 0.3301166045452289
2.6503076916917774 1.2236437465791707
2.87258336396485 1.3422761508902383
2.3040944956134073 1.1185186645192673
2.66284240878574 1.172020320971786
2.8513609834009648 1.1386881557440365
1.6605261842236383 0.6412971276882391
1.826814327940915 0.30783381337862
1.9356506274985494 0.6509996325439908
1.7794875721682484 0.28552964167881784
1.6738839117630722 0.7185096746496373
2.1654007102128023 0.44253889065664287
1.758365667279252 0.7637656669642392
1.5575065089943119 0.23436160102154743
1.7804964185591177 0.8223740336680256
2.3138882258410676 0.4774154568646094
1.9273512152579264 0.9037193779775279
1.6438959937072262 0.4669249647989494
1.696482884107551 0.26856521861187965
1.6045326115317677 0.571715683231049
1.6499315369828687 0.26392665067063376
1.9738937769809657 0.3598375422903215
1.5763026989072215 0.5996077537857418
1.9135381122577684 0.35411959999873605
2.196624728574075 0.4633282243135331
1.598161806221336 0.31241184769145436
1.5548739918987993 0.218969403154931
1.614595354028606 0.25115920713341355
1.863569178493171 0.3370504232939202
1.4590172742942142 0.19225469902120493
2.1517735746223043 0.9336595657895299
1.8783450359885505 0.8852862064148521
2.6021737922691903 1.2718638842457741
2.376406745396697 1.1182100105013375
1.7604689348400495 0.8304419196929003
2.8819118041546274 1.3609074215825703
2.394288890798399 1.1796948613577531
3.249799581391807 1.4185923996548735
2.700575019283578 1.4900187008679526
2.9469081696769637 1.3243040810907114
3.64362389405668 1.4695693146563198
1.9056330099261023 0.8884360936366593
1.8231863454242154 0.8606391659292943
2.3249277943569018 1.0894124846670497
2.9919170165613957 1.3062229724645085
2.0585704322096214 1.0264453107576408
2.435349330011512 1.1862064953360818
2.9177265174389646 1.3048143409595472
1.706170190798624 0.7482038451739274
1.730599106540903 0.7881582066835451
1.9705869500255244 0.9366004894191061
1.5429898117449576 0.6072854430123644
2.3722941001210547 1.1233176309110615
2.2275698297986755 0.9680924841657248
2.4443245194402063 1.0656738385802447
2.0888963642144627 0.9580782006869094
2.605014531531677 1.120451785508291
2.410680236331685 1.207789961994933
2.370653117831634 1.0629218297686305
2.7334835180297716 1.1822792122641954
2.068896705186161 0.9334646263976716
2.167869196099868 0.9906779462201162
2.506214051030648 1.1123713470223275
1.9180635860562611 0.8357427653037175
2.0792344402560214 1.0018013177455387
2.366796918688477 0.9764255971684894
2.4746170707407886 1.024788876318393
2.3367182436735843 0.9713080088097794
3.1105532289940987 1.8812274501893804
1.8192295088840251 1.0107639894946239
1.230072438410814 0.42841084626296394
517.0930043795544 0.0013261303466756413
2.1180992353509445 1.1998942001764332
1.3495636931503774 0.5237934479107913
1.0820984860440903 0.03141904989820732
2.503514008655965 1.3743533187079138
1.5199820422225028 0.6114084873179461
1.5152248168917755 0.18115174222627808
3.588187411404939 1.9981190733524077
2.387984919531284 1.2346845544752671
1.8528999126343018 0.7899425740768348
2.0790175383094476 1.0157804613460528
2.169560718093292 0.8665322205242767
2.4541608494999627 1.0208803574225709
1.3350477696054248 0.527628929670954
1.1404252018800398 0.06780629991808829
2.6449602172500377 1.4567342585992216
1.5437704650083501 0.6964778178971489
1.601117325747528 0.17382705471209176
4.493838107741188 2.339185456134458
2.8413400321796356 1.4715662284535644
2.263440981407991 1.0082062729526975
2.6875579258787248 1.485668620875051
2.994877639322989 1.2070831420662378
2.4573844560584295 1.3303894194953807
1.546694688123758 0.6339439477748388
1.7586629756980776 0.3196172440959528
2.876158541794081 1.458917237150736
1.8014733805078422 0.8378136009802484
2.5938411402736254 1.2853667172513694
2.4480699199537588 1.1245410319250968
3.5868292924777734 1.9588652914523852
2.406964768175274 1.2157626785206672
1.8871603955020018 0.8438569717029933
2.429021630158456 1.2103615700585784
2.1470617715404425 0.9711223243842096
2.534404472696171 1.082803109154706
2.087034647989689 1.0234938883107352
2.29681693036217 0.9438467584173458
2.4220566209814187 0.9889261297728725
2.1382273522654414 1.2121918585056992
1.9159905056617927 0.6645535767184638
1.5312719704179798 0.6507439750977293
1.6160049089836974 0.09065204030689311
1.687914365776007 0.7029983026537869
1.4788144016541478 0.12233140799557773
2.7219008420580466 1.2016994512874106
1.626496620571485 0.6366286257125718
2.007662831670749 0.395966867948274
1.6851417509690283 0.6820682895788782
1.473517746967853 0.6039127311589281
1.5475941615685154 0.11909985077993468
1.7655459522440886 0.7694825411610148
1.619402381759383 0.17765219292620388
3.8535632094897587 1.8272198878640438
1.809999533755929 0.8406879595618398
2.212454009974099 0.4338846215126616
2.046041000179026 0.9134004172320799
1.679056123973032 0.7047303777416545
1.7491006546147672 0.2838902822056399
1.785899185955428 0.7974804789445928
2.1898254630595186 0.4670817595032792
1.8915705354658647 0.8877216906815941
2.4822464086497025 1.0886319970562917
1.7213569370764517 0.7522329184729554
1.8194095691314978 0.823642979858624
1.9836559013437152 0.823746273271133
1.6380481110781973 0.6695011627617987
1.6025637377106907 0.6287852950582811
1.8856558473147027 0.2565905970800092
1.888007046969366 0.45778682573870444
1.4423558180616334 0.132506417422683
1.5588284512546697 0.5335755018399544
1.7591434403149 0.3101676620872005
1.8878471538536261 0.34989027495367886
1.618595877051324 0.17398013537473916
1.9890520301521053 0.5101546772457674
1.600865802721576 0.20858086300817397
1.6785543541569625 0.6140243070991402
1.9541230932707145 0.3782098052459444
1.700819679212397 0.6762533392612111
1.8287385088649448 0.3084767561384071
1.6781568527442892 0.6133512074718344
2.1236384891397693 0.45920373983873375
1.5663483404155072 0.6212673466712704
1.5349521189726785 0.4569091808499237
1.8451721021212868 0.2565197458143754
1.9754237556905108 0.3340089456211315
1.4413696827332598 0.12810653037476458
1.2581220248184906 0.10428338285240918
1.5390206220852327 0.23328503911708592
1.6459816341203657 0.495786115756442
1.4059635209009476 0.1324228303334712
1.6982189971408292 0.4638000656823164
1.4655022805766316 0.18555471100891108
1.700041597492604 0.29048202979309773
1.604278606794948 0.43686293309434987
1.749920678088296 0.30814432884461657
1.8844535523402488 0.36587715600327914
1.7966455765822227 0.41938251178971053
1.367752737661602 0.11678789966882586
1.1000426587017906 0.018238056895722374
1.174139614897673 0.08280392893966272
1.6134502765557757 0.43153160170494537
1.304739595684868 0.12261090815370256
1.3691559570832266 0.16244120494202963
1.6424891913744868 0.27717341611140184
1.1013129365264134 0.022544111800218484
1.0184573929173593 0.016697300564298904
1.2523921953572046 0.11579830845075434
276.3206211244306 4.239292293205843E-4
1.8596282232068764 0.7338233272831882
1.5923151997149192 0.7087331862916637
1.7616648484070543 0.23362449576871303
2.8231012393615287 1.361687715124639
1.9809364078175504 0.9502779093786693
2.8124532344545377 1.5769241934091303
1.516130399824528 0.5519534213267873
1.719013379694874 0.24379831111766248
3.352102539016851 1.4572267505785337
1.8806596816145351 0.9572517677495951
2.0386595661810367 0.42934674658806504
3.1780157260140447 1.7391981808738524
3.330010353185518 1.4654484210347098
2.8663625270753923 1.5470695408508903
2.421208479956329 1.1292271893846246
3.1034891950826164 1.7499191441846997
3.3473375869316637 1.5022729877955308
3.178447962265769 1.767268956682653
1.586274777152183 0.7106006102074583
1.688630759501766 0.7485629226784389
1.7642823999645905 0.22421366071857796
3.0393326971565395 1.4404364545573498
1.9302974186310222 0.8899379072138269
2.03676419978812 0.34348617825132816
2.4438548985688655 1.0269786650196293
1.7997638125414839 0.7225596017698669
1.5140487180761735 0.18802633235297872
1.989005888035604 1.0334360714845796
1.9863675067320816 0.25696810600014824
2.6547317584225056 1.2324530050158204
3.046174507550522 1.3772411953015793
2.305443331485656 1.1191964514111987
2.6630481165004327 1.1707634405534115
2.8522001737557496 1.1364284608736337
1.6606999679966143 0.6385803207790781
1.8277401925326053 0.30922904446812266
2.0245810404339304 0.6199814519677627
1.7823041353880074 0.289275029187945
1.6741652844956922 0.7196962153464903
2.1665394969652807 0.4430552027961603
1.7627418475001595 0.7714250220670216
1.5606106792324135 0.23092877662605352
1.7842766796468714 0.8284050133383483
2.314955066309283 0.4770526328472174
1.9334230420237408 0.9111164830828907
1.64871410999621 0.4636152709486163
1.700815638027151 0.26595873876441845
1.606474052405792 0.5763252990631409
1.6518428270179792 0.26433841464533664
1.9739527062796636 0.3619564831712725
1.576954981942717 0.6028701611844627
1.9135386592770693 0.3541251066849
2.197019480813436 0.4635149985019849
1.6102604700760093 0.36260209181354397
1.5591777109323022 0.2195718051437038
1.6146249684559422 0.2511724875977565
1.8665587370818675 0.3451417750140034
1.45901792941516 0.19223997855894068
2.1518705337507216 0.9336994801705165
1.8784227963443256 0.8853319865146811
2.602244806400776 1.2717480840232689
2.376691674367464 1.1183936030409565
1.7608204845838695 0.8304459089439848
2.8838761829545416 1.358768664286659
2.395142583207095 1.1801700997056488
3.2515878389125397 1.418838578550279
2.7009497862477145 1.4907165803141207
2.946915003566165 1.3240066892294633
1.9159195303988912 0.8883192383848674
1.8251709027864287 0.8635855665410309
2.3249396361531285 1.0893864990562112
2.0593001894921743 1.0268699140967632
2.436079684674966 1.187494400483812
2.9192720300697674 1.3058488092700997
1.7166717378813865 0.7561074513403541
1.7308008382961182 0.7885686644803698
1.9714719654586261 0.9370679359765743
1.54442366761814 0.6091072300858498
2.3834336799961964 1.1645677421842804
2.230326290070371 0.9700840670827726
2.5014951920123534 1.0864410154058086
2.089943866915601 0.9577364124386059
2.6076779696394246 1.1247921614598917
2.4108811388914306 1.2068875475643677
2.399646018707128 1.0770432690609055
2.7335324438732074 1.1828857577025582
2.0691083133692967 0.9336322255001802
2.168986239362744 0.9913306689513507
2.5063746107821157 1.1124394023800528
1.92659512905607 0.852949328786142
2.0804598579254696 1.004778656881193
2.384858380734898 0.9799970363346351
2.4747092015360073 1.0248211001523135
2.33949745572626 0.9723584412304008
1.7586672724122592 0.7757049068516145
2.4177741777705455 1.1706874297923204
3.404042760260122 1.6605324527209415
2.1930837954954043 0.9505152721608154
3.298815328073111 1.8918801676782457
2.866271156940988 1.3620944593883042
2.388122124870205 1.0206885938155292
2.0239027308546675 0.27682425664886345
1.236515328794047 0.43457069747197885
2.5190062864273917 1.1795880993001537
2.397642548341145 1.2588882092463907
1.8131813630859708 0.09718538795007488
1.614025312237054 0.5805009449730665
1.1340967438103875 0.005737483841581674
2.081584703971139 1.0088631203301905
1.303800807049777 0.16138358282133305
2.869816344292378 1.548345701471726
2.444112930116341 1.0266985457613171
2.403283516921724 0.9711847006662173
2.0394945596597496 0.37317198418897835
2.5411686034651453 1.1026296941495572
1.690195467641384 0.7573473147104293
2.045474694260343 0.17353647579412293
1.5580956088763223 0.21585050406042
1.5606169550424265 0.23092621984659936
2.6786161429195916 0.9224348400341505
1.934219479285233 0.5061290645005498
2.0511218284789825 0.593155727059087
2.840411684026979 1.2864377905373252
2.0846558600043714 0.5644159597687334
1.850855989075563 0.769988312726039
2.7359758447801745 1.1969628653832765
1.576957524986164 0.6028652641538406
1.6922397438688512 0.5994123538336225
1.1791627377238232 0.03596895673618495
1.8106540613756288 0.8419690671541757
2.1665775445829873 0.47790394686773907
2.7732524696008074 1.5570719613960817
2.0762028108757304 0.7818179947196945
2.407031637752642 1.216745734639957
2.1214627916994937 0.7414281945143416
1.6195887916879061 0.16784441166601888
2.478505006054025 1.146535670272522
2.44583380239375 1.1671276280843457
