2.6224871914819667 2.814637158197403
1.6962418411056581 1.9280740435519041
1.6092622333334847 1.5489727407875484
171710.66177266015 1.0290840317068888
3.820603277493062 3.6072554670504653
1.8331743218419474 2.021215734188123
1.6037381924257028 1.626148873388731
1.8052130645568565 1.2191967231174194
5.6537437230286995 4.53411261028328
1.933151914079763 2.044860711911936
1.6079914396312658 1.6845330221436154
1.8112562675712578 1.2240343131161608
2.672578727962488 2.799480975262074
1.8333171359422336 2.0511952665484916
1.6145062459503459 1.6935660129359622
1.82685491429499 1.2287870060452109
1.7258325281976061 1.95226340854488
1.631676326537598 1.677739090733205
1.8293565986562546 1.238032309432994
1.6872281607853898 1.637308671808967
1.8488232573282073 1.2587591932716828
191101.5237762302 1.1075201001973252
1.8234366003986846 2.031784345415633
1.6029605125225066 1.6181510538334645
1.8053784805677235 1.2079123412948287
4.157836942223552 3.799364787255314
2.5512438538770157 2.7218134257578046
2.680736903348603 2.245337176628576
3.9877311954126036 3.735575615276759
2.591565891938022 2.724681093110692
2.658871468718216 2.249193878835241
2.6414925863563647 2.5712005612172524
2.7032889493873826 2.237612544027793
2.9964260650976153 2.286790709741568
4.972735104147983 4.290646119723023
3.0203095309359065 3.073231776979671
1.8808345348738886 2.085579304221059
1.5999525799551229 1.6380767727353358
1.8153103925909337 1.216536473089417
3.213995326329683 3.1855166061137323
2.501073642341587 2.70106951999622
2.918503255025012 2.3777368221290436
2.546978376657357 2.63740539670233
2.6206714918526273 2.2803857335438686
2.7876694878610984 2.2664076012820837
2.435312220194636 2.7051003622986256
1.7480454876804608 2.0503408716964415
1.5716462298664315 1.7128077540493005
1.7807614319676213 1.1957593314484658
2.47579753515995 2.5793457037962364
1.636937618274732 1.9427798689271363
1.5535233928078638 1.6255537610415085
1.7666921312414212 1.2200768249897265
1.6059534048982664 1.583455192275284
1.764132571856089 1.215778769127478
180664.19106686334 1.1022079243424947
4.092620752352147 3.5177672287412656
2.58260784237849 2.6263651780839985
2.9314961305562077 2.2658311700291573
4.204781476659071 3.6518536547507843
2.58321328776608 2.6985478489493824
2.732907112854231 2.2852951681114266
3.886511421422004 3.5546484859539076
2.5884622488740883 2.736814228321091
2.6521359988416915 2.2225211746674645
2.529113698088476 2.5455919255371664
2.678287194846086 2.2355076834007317
2.7880938296161197 2.213133542295937
4.1110284297301165 3.637356943866945
2.8352995128459764 2.6038213757409716
2.878718321789956 2.257332390604532
4.188043003198273 3.753940186378265
3.817072426048421 3.49507567390732
3.8490104218715233 3.46053734006931
3.3149878670739055 3.258831648235537
2.5298545739706366 2.74114756416866
2.746326285862919 2.2432838199654483
3.729618274086832 3.3046237032566435
2.4313661081412183 2.5745058905614355
2.6963278796834533 2.272734064719172
2.7157115402776326 2.203738079600523
3.4655127394862753 3.3083764382151744
2.5895719220298092 2.698340428754294
2.9169139133372575 2.179092736263347
3.879421157811958 3.4561395894339255
2.615723841426209 2.7253745724650775
2.669728077907545 2.2753967008780536
2.5510702881896905 2.6356676157827126
2.6630110629094865 2.2302411980103685
2.7310166938657416 2.215203431026298
3.5570166608945457 3.327749219478954
2.60660458334477 2.7392403396744305
2.6485490013024346 2.250271564170297
3.8920027497507608 3.4500425647599555
2.538671762328699 2.6959064405714948
2.694660245659203 2.2624782466098425
2.6649760928897446 2.202450720732644
2.802336494606954 2.7821037318445576
2.561677343973402 2.598373661784283
2.570120325058386 2.5513266948061366
2.70227738289349 2.2360584033196274
2.7388143755142598 2.199186973589727
2.620764679000424 2.6253393856441547
2.88980982754114 2.4157846951692075
2.792739647298564 2.2601475448460535
1.7780789388677878 1.9476519458900812
2.8759497745093263 2.244866136334683
2.8108354067654098 2.1930049451601983
2.8193985869835747 2.1146280879969077
1.6750019983347346 1.573302353778605
182100.24678221563 1.082138184257722
3.385716625453869 3.191467015113207
1.8299642730615222 2.032223313629966
1.6008799105452298 1.601353380462198
1.8012446682151004 1.241806417266709
4.110190984006931 3.714069138594068
2.0841366712495524 2.2141151716467884
1.5985170533238153 1.6980785794800635
1.7995892630177819 1.21537361526811
3.699239326795477 3.51080149007966
2.687379839261757 2.8406409473530743
1.604982211595813 1.7469957861670729
1.805441154155134 1.2249738706542768
1.8397889371079184 2.059690820746755
1.6178625214347622 1.7414155568325203
1.8139331852033678 1.2392579604437801
1.6596227501405303 1.6523866044093718
1.832808056093825 1.2322919541497244
1.9053262515339557 1.2680261332348244
3.7517261544077916 3.3888748971014273
2.2065700921631164 2.370347091998867
1.594962120731396 1.6976054547384696
1.7979044264163424 1.2460904236043393
3.9843806720900314 3.653453543318174
2.6474552457803116 2.8055239456343495
3.1698733902773615 2.6831705425741554
2.6033936069419465 2.7307296531127854
2.9756626132523136 2.597939973083653
3.4127241099878285 3.279678973529881
2.1778244805832476 2.4610395473616173
1.5809676638123347 1.7527252561043771
1.7912171839353146 1.2159347553760442
2.5456292648691923 2.759306763297481
2.664064181947233 2.276923785881441
1.755099002465738 2.0791408048777495
1.5582507338851896 1.701685597474465
1.7869180931388167 1.2415432531441417
1.6017492645071507 1.6505704230520852
1.7670689058218634 1.2157551381898495
1.82216749666024 1.2795684914479462
4.1186493044555625 3.660520027859005
2.55563166914717 2.700156045714488
2.9705054944489846 2.298327262172202
4.381223933889625 3.870380899808516
2.6770704915851815 2.78620733514856
2.554220483831467 2.7256609566807812
3.097094423701364 2.322891740025528
2.6469569894869034 2.212670136063272
2.6551085179937868 2.796349966774809
2.6626753912246386 2.266140137204305
3.8264156221058494 3.4244839421596156
2.483952916331911 2.69313158130576
2.622537451827096 2.239146390863392
3.368588767454826 3.239840502435017
2.59385145292201 2.703647213347422
3.009463482884632 2.6061012116636384
2.607509365750042 2.714391542696732
2.790231572194986 2.379072918833229
2.6604805703996592 2.302916122387886
2.5876675511173275 2.70264291091003
2.613622804405639 2.274379377236802
1.9193706832868886 2.0141619911797957
2.8153353245173203 2.261896821519482
1.6598225317717472 1.6408943823800202
1.8698651569284541 1.2161481343162373
5.958702617273416 4.64127853155577
3.1528505528057007 3.169772108240103
1.9062245778101121 2.09495475051388
1.5955621563522127 1.683253254431728
1.7923670336111646 1.2195796833525603
3.5304123844728004 3.411205237596902
2.058813764488415 2.198804563897474
1.588966396701248 1.7537011297771035
1.7915844141423527 1.247315841090837
1.9050683182161356 2.0985990351373527
1.597036133658554 1.7229520111508538
1.7932049989218513 1.2319871864665266
1.643670105063848 1.7260405820514964
1.816553428350633 1.2166266896082687
1.8933336311943036 1.2492039055126256
3.1189585785379865 3.045501538812095
2.5252281380065353 2.558235630228056
1.5857405047307036 1.7183313605845396
1.7849946998718111 1.1857283943233043
2.559932285883844 2.7230164241685233
2.652839314798247 2.2821341160664277
1.8504315853286002 2.0740561658800964
1.5754174363393831 1.753297314968084
1.7842008747352367 1.2223315872699443
1.5954743084793597 1.7025180556843584
1.7669921954374443 1.2394881577336982
1.8268050244596175 1.2768535953949542
3.3233763837032173 3.306105193987347
2.531281622859264 2.7056985077038656
2.849356835317159 2.324718704444595
2.5038355221935884 2.647565017457897
2.916301793576747 2.6351052353594913
2.4926456309039295 2.6628353631973902
2.988952446247759 2.4695614506972285
2.577966278971874 2.264867619419866
1.945883892758978 2.075263804444591
2.72501186564095 2.3786274411550203
2.891247690827806 2.4726472168285794
2.6677029781950763 2.2617887644461536
1.6384233523837093 1.6930557595894833
1.8515630430629746 1.2393631339034712
2.5474664251414847 2.8149525984379595
1.7846677574228984 2.009360149148378
1.5767312934643614 1.645014696134525
1.7789573094285278 1.2304425040564955
1.7951167835467952 2.034442597419554
1.5734817151506713 1.6958624028525708
1.7723085811276893 1.1997833314859552
1.6255512993410681 1.708646488881485
1.7925142365484874 1.2472356117559071
1.8691793899843203 1.2800799406482184
1.7883481463216837 2.043567240855693
1.5752985975551412 1.6988138952871095
1.7768110052252386 1.2259189677879652
1.6136178716477116 1.6865226918738252
1.8065988223582685 1.211029538924831
1.8405400602976005 1.2806903915787908
1.7958055044707852 2.0406305519584955
1.5982949947957321 1.6871226874389114
1.8136165409107372 1.2098041666453598
1.6523679786390746 1.916376427704896
1.5717164621203132 1.6115122134687752
1.7671511921521235 1.221630601645716
1.6039693533215984 1.6490069396492204
1.766799970692225 1.2248736471244155
1.8419549105976882 1.2622410351661195
1.6129514058738388 1.6500413393887083
1.7808677097960175 1.2177857667565108
1.8508641970905253 1.269679346336815
1.5718874240442124 1.635878934433018
1.7823984054277817 1.201313658941768
1.578824234320877 1.5583324470987063
1.7581695627915424 1.2067529384863904
1.8140201435939967 1.2229867299085766
1.8372943366467949 1.2204746665291804
1.7807493657299838 1.2303584907327396
167929.2624266781 1.006596064499386
1.7260434665029099 1.952719686706653
1.8763818999481767 1.4322202896286869
4.114837875977895 3.3848104663727128
2.703512808489848 2.2543058108471774
1.6054738937035162 1.8211991336974656
1.9200265386204818 2.0376555363241917
1.8334814914696107 1.2469567501079049
1.803012953519493 1.2439149717786995
2.64915859925075 2.830586974413118
1.7819166299553908 1.2042847647652815
1.581352176188867 1.7527271697605942
5.651367201076216 4.5270898920723734
1.6797807351816663 1.7880009354143198
1.6878016219573406 1.6381543830515009
1.7674148595908008 1.2321409149696305
1.7844856070385835 1.2280114718340047
1.7802648872232745 1.2252553773276178
2.7459969599317606 2.7342449287089647
2.016408507439721 2.0801798283583257
2.6371739653626785 2.8205039240487353
2.555746415246035 2.728793693876436
1.7674955629770124 1.2326202442457337
1.8214970118778306 1.2315170191916391
2.660562313760765 2.245851246199903
1.8387970521232897 1.3035306012410148
5.767353244539571 4.58420804089397
3.702758685163744 3.521410040547799
2.5684432305353537 2.6740992572233626
1.6598462093639688 1.6417055154703744
2.706250536644808 2.2780686365683422
1.8675824473082954 1.2956010453076354
1.8991934485604334 1.9120137795177083
1.8665507786579276 1.1988534232787265
1.6672805552647634 1.957572963361488
189426.07132473888 1.1917567793505508
3.181959591922947 3.008738544079181
1.612650594199172 1.5634808296686808
2.178517436072277 1.2855124510272986
2.5508318955449276 2.695134733273944
1.5912924360542808 1.7389724921073477
2.021341053701579 1.322161433321547
1.657477047636677 1.8076831444893542
2.8773393104699734 2.4452307994001465
1.5753636816497396 1.6987374561937865
2.709756138179077 2.257011606619714
4.139435591825894 3.632383289198742
2.75583003335534 2.273577571731746
1.7711750958397268 1.2359669116148955
1.8699293976951508 1.2171478637630058
3.671221201244404 3.4753828909606055
1.8306489329945799 2.0504108494240896
1.8860383780986265 1.2272582875797229
1.7165045805563648 1.9205231657767434
2.70752754458635 2.711571132189249
3.300091599981177 3.097835282911276
1.7948083008001323 1.2446118838437825
4.214816202932694 3.753650927044697
2.655189042832384 2.799594677543946
1.6631695504398105 1.6231816087093847
2.7401790585341703 2.357710192124327
3.7561562199179117 3.5245719101248367
2.5387318717699925 2.6964081389280254
2.717750194163153 2.2647722508728085
1.7071281096633355 1.6595603413936795
3.303235935138738 3.1813715245956162
1.8493509168172886 1.2288424695672946
2.77674548545078 2.1488736906626587
1.610325123333637 1.6925951461309297
2.9710484067808167 2.2825848269882028
1.7981779128453557 2.0493848793776475
2.657317904174479 2.2654541892709545
4.201251505445646 3.6188109992307687
2.6107569158429103 2.72688210637027
2.8163828722410327 2.4214763951328893
1.8525819075498375 2.1002877584317705
2.879548912078576 2.799375849874723
2.7420641927400893 2.202162779947622
2.609493391312232 2.676523515231242
2.5847437023753987 2.5871156633664225
3.8713599744146734 3.6881940796459416
2.534602875692343 2.7314353320266975
1.7799823146555735 1.9539972516576871
1.7885839556515375 2.0447135123836486
3.032078037096467 3.0146457192022083
4.111865902153742 3.648031241643463
2.2073891038845233 2.3440817470808994
2.6779864568466314 2.3147967943332706
1.6049387605603869 1.6537931313248253
1.6058577282222508 1.7002153865519043
2.8796441381831173 2.8418668381076313
4.120421144091469 3.668207990048847
1.6344585330385533 1.6979602856122797
3.893833714378837 3.4578654387462167
2.4936584781622213 2.6635599585628817
2.6985295043461175 2.7507335300274276
2.5608887073348323 2.767778087156631
1.848733922821174 1.990306288864523
1.8379171673964767 2.0742392691932205
1.6153398512789015 1.6941305635040442
1.6785851129740799 1.7220875101527153
2.6188807500327753 2.7500746012924457
1.8534428716236167 1.3261205163342513
183058.51649295934 1.0921785811412494
1.6092017823507008 1.6147183255335618
1.8172785771006925 1.2297782144066118
1.6256695085610091 1.6554639579891723
2.6786006367968884 2.7256874568673695
1.811370868581983 1.2248246237320388
2.6149057077234223 2.2783217673333382
2.665092841118696 2.202867491134957
3.967469363147464 3.6279528167072135
1.8701685275407256 1.2858537093824496
1.6004621177412521 1.6661173111440046
2.6902061573906204 2.8156733978072
1.7997328164955837 1.2375913796450395
1.603750286804389 1.6179096695850022
2.804436641478412 2.418505288710694
2.752558404994185 2.7411436309597264
5.029353802128311 4.3219838659239995
1.7673080511027968 1.2255655908304353
1.7788679865156236 1.2177623332688845
2.811010793869178 2.1932112714668213
2.853035896426253 2.3249757810598752
1.8281609489304675 1.2758126726207664
2.4337654260287254 2.5335504300829204
3.0498184636908126 2.6263238477740227
2.6945049942908783 2.2722836922102396
1.821239459216413 1.191791910004392
2.610115440678562 2.6569847731680447
1.881095944063389 2.0878930657714427
2.820160386505415 2.1141656674580074
1.792763781935728 1.1917859074540476
1.8578035174333003 1.2560437276225949
1.6060274161837582 1.6397473452757556
1.639222638556191 1.6836315147171594
4.312720847047336 3.7195295650817215
2.0682347690233547 2.2401775437245943
2.5433350819721174 2.590301547207671
2.991612615228222 2.174318261264002
1.7578802218813583 2.0765550347149797
2.51242692891664 2.634300444033757
1.9403412065977879 1.296012501811641
4.190543702496339 3.740420154285693
2.7883415070482354 2.268366416181472
1.61037017656501 1.5710772145115606
2.7090596574559282 2.287129230118783
2.7028455603142936 2.738473551241994
2.7484625498305064 2.8805065413141238
1.7850449694657486 1.2753824778987077
1.596208246913489 1.6801647040069603
1.6143215618669071 1.6866896893140255
2.5312934270600396 2.7483392874385597
1.6095305630253014 1.7714089184893267
1.600432820663031 1.691637008253594
2.6010397959937634 2.766451554228561
2.584446889531824 2.8442352056880473
1.8332090359200126 2.019242958498324
3.9188786225419445 3.5859281076313994
1.572416540591211 1.7059548545534788
1.8380893703035832 1.2834640591485884
2.790598387404615 2.243994607829038
2.340210346205635 2.268844280525223
1.6069804796197196 1.6094990614559483
2.8386693369486107 2.171133634338407
2.6214593497272083 2.742009091328792
2.1789331873663507 2.451683133701912
2.5976662503320274 2.703947410302664
1.5975903591060292 1.723428463369234
1.8527812096339866 1.264507034716872
3.8795232975952123 3.454733181973168
2.6458998556882483 2.7983410372601494
3.466400577072283 3.30467832092618
3.3233413382199224 3.2903737392663315
2.6289896816128295 2.671776190329301
2.714732245423251 2.461807480020851
172538.3611242521 1.0343174443636522
2.804157328589092 2.2805706392971365
2.4456403741202353 2.7379520134372015
1.7985483169451997 1.2187311682166513
2.663844349974563 2.2264257154708935
2.56445749433134 2.7252767730865592
1.9071548806848408 1.2608413835563173
1.6761519707394164 1.5746239314415156
2.6631230908348944 2.24097449112431
1.806165011783556 1.2369635319395356
2.7431421488343832 2.6667145599929274
1.8347590010272752 1.190234599629361
3.085295122410815 2.6632614423076006
3.3281484361831124 3.31378705010964
3.923837316780717 3.456730312433616
1.8088828168581066 1.1726792095231633
2.6387136089882195 2.767729587981579
1.8248743610338805 1.1837949349558652
1.9128386670968398 2.0532261194399117
4.106518249751399 3.732404276683206
2.0621634486639797 1.9568666811912623
2.0754562334274067 2.1344620320539645
1.7891971134263187 1.2439103136175187
3.098554586663938 2.5812766434333456
1.814622007038926 1.2295723304974124
1.8558933717078865 1.2611424653511694
2.7094400577667677 2.330011268371911
1.5718746091176579 1.618588322103321
2.6470585249062126 2.211637992068998
1.6270388936823286 1.711275939459093
2.117411254658781 1.2830215576298354
3.0090785215868623 2.3093030093746476
1.8054205593720114 1.2432280819391526
1.815526019431276 1.2201587313152678
177619.8726807061 1.0932830368934536
