1.4922339831722473 4.10676683652753
0.7293799163433412 3.067969887486344
0.5965727848380099 2.0026261369340945
0.659036842427459 1.4465272131235805
1777.2918812882 0.8935955909981883
0.8746336637307511 3.8620389253862415
0.6191063870302504 2.266682735025814
0.6488037722737768 1.5494044975494445
1.0133535653102228 0.9345188862411413
1.1487527557259958 5.216243413752117
0.9942864226221254 3.868425572654816
0.6582329839435687 2.4725928248555373
0.6198607196739218 1.5937649991412408
1.013445139322833 0.9565004432772518
0.728112366701065 3.069499199540284
0.6521026686377405 2.2126264355046095
0.6535510108542983 1.6230272990032097
1.029624345753931 0.9807065304514305
0.5910146724606211 2.0234351456535355
0.6527772775709668 1.5479214497971214
1.033770820919679 0.9546973787245837
0.7097218492333357 1.4900078699242771
1.051759403731866 0.9893149191988329
25467.777869497506 0.9864497864700427
0.8868401576993946 3.7804939414303127
0.6536165570502029 2.240258949387533
0.6276225395001648 1.5340307987781634
1.0051952341514654 0.9239716934312858
1.839294296033894 5.122111303096315
1.2151440348432403 4.15761705150763
0.7075718954359653 2.777191940610832
0.8993940264639163 3.8630476655099635
0.7135633001301744 2.785646700646063
1.4819806443528185 2.4405822810633566
1.6583938336840702 3.380172827920454
1.0190556986081418 2.072423870744701
1.137966293689565 2.008319700283174
1.2250012746959538 4.959266572751084
0.8589306779921921 3.7903571743414757
0.6786768792078502 2.5323047018069147
0.6121226262971866 1.5987679687191796
1.0145251165886253 0.9298551466348342
0.8783197123725817 3.8693457027997824
0.706411288948595 2.7967293539608775
1.7907449036129985 2.5257127363741434
0.736298778545947 2.6916140643337094
0.9173325026506036 2.127693095234851
1.0194699386758153 2.0596862295042744
0.7224051786965807 3.05970325623546
0.6300800213195442 2.318511334460953
0.6205092671896354 1.599823439426479
1.0277330029735399 0.9441331369432433
1.0369459864369168 2.913305550404915
1.6174490542993265 2.078940685508469
1.4909016978577436 2.195271422437542
0.5907992103413167 2.024763724867553
0.6353390454810138 1.543499247239913
1.0306089530413625 0.9542298519966724
1.6775879908119253 2.2014903107795907
0.7174630944058483 1.4868322542777928
1.0481195848886449 0.9689663826195691
25515.23530681098 0.9844136834984575
0.8602350492013456 3.8052055169128045
0.7820954083823689 2.661595364932812
1.0171231411455384 1.936033133006177
1.265421953190509 4.025120039348913
0.7127885742569872 2.7746411357954255
0.9529123761874595 2.035904576297396
0.9272833525764438 3.840968356874117
0.720072000752539 2.787560324694015
1.5228582567933904 2.251521644077112
0.7378968137140008 2.560577765076798
0.9307972047216656 2.0504350422441506
1.0065935451126988 1.9241535827028025
1.2756595557232728 3.9636426607123045
0.6977247374792954 2.8027974124563455
1.6466890562627046 2.014916071775545
1.176533565479279 4.279852000396614
0.9518106063735997 3.544176161624387
1.1146576425976735 3.4227066721065587
2.1688131903886445 3.0713203186505806
2.1765369676682123 2.986888122967009
0.8724186380923057 3.7865710192415785
0.7000523875744085 2.780617733341665
0.8908774694855309 2.103669700244955
1.3101541978745592 3.2030088569754884
2.2226921679261604 2.966478479922369
0.7255947964968041 2.54682313987312
0.9293576991792565 2.0305820377323283
1.0062033217869242 1.9235255754433394
0.8737176560758445 3.8721880038750074
0.7327091765571311 2.645571168398875
0.961629883500121 2.002908947553081
0.8615853111024471 3.816493732219458
0.7072266401177113 2.769038854170685
1.6047826143188524 2.5995840086149604
0.7085946393167907 2.6565114181572334
1.0022716698183354 2.085864667771201
0.9421950389254832 1.982650434453026
0.8731210517386655 3.8717643460755893
0.714932909035853 2.788494386529093
0.9311311317018578 2.130097017286737
1.1843478940873633 3.296696030086242
0.7256381028946461 2.6357176433690643
0.9342761830907207 2.0920221917099378
1.0127956976651844 1.959585120927256
0.7248045984710313 3.049331518690933
0.9103959490339852 2.557146199985481
1.4930697695773474 2.073536353053329
1.1515060124075158 2.689748299768185
1.739448455341385 2.6105259831717746
1.1860398498808142 2.029744719991869
0.7608916471350565 2.6283307502946722
1.0476606368002068 2.06778561268783
1.3496750650645912 2.0026021717769455
0.5743878303753276 1.985373070177448
1.1552916936510427 1.90843905523518
1.1032461117657264 1.9769295350410896
0.659500426996495 1.4562841109578
60.21162310138145 0.8915129427516961
0.868350055855064 3.8278566320073244
0.6298743598159868 2.2884618200955487
0.6494920441727396 1.5549412747251696
1.0097039994662247 0.9201793257172846
1.8468195557715457 5.04285459659264
1.3000769948968496 3.9203515072646717
0.708625700764987 2.729448084112608
0.6074242616040787 1.6413039637164948
1.0089346197071096 0.9412731763792911
0.8691913532210076 3.8043254106356343
0.7049718843593085 2.77053459910137
0.6166162018797418 1.6997542447900496
1.0193343952712524 0.9486193067039914
0.6166606322174097 2.267180331593535
0.6188943892071516 1.6511437154949964
1.0249591455998182 0.9404478155509045
0.678276795142776 1.567114021606669
1.0510875652988738 0.9757410897611096
1.1187889329251357 1.0440502746157385
1.850029541310536 5.009283269513222
1.3284592467809264 3.84598300437282
0.7012487279005116 2.757242486898956
0.613894642881255 1.6444359803423394
1.0041252694613882 0.9211504723075081
1.043730118699341 4.686958591829377
0.7516628948263702 3.0566419671495346
0.7470672556397627 2.8135675964987876
1.4997435565334942 2.463376622479036
1.4182121821754663 2.2318467460057847
0.8684911907568909 3.8392049313435854
0.6954257418364607 2.7124387496437175
0.6077553466471791 1.714372801153379
1.0148545209686 0.9446229358917966
0.7155028108709584 2.8221880723953943
1.6833845412775215 2.5504292833972046
1.3804372177174193 2.4477701131809746
0.6163904977102741 2.2584170282690392
0.6062468358677078 1.64717831456453
1.0249271420657795 0.9557703077441306
0.6764564882444623 1.572388317476071
1.0458758406090245 0.9303736019664208
1.1178745053001427 1.0323875520300323
1.2044695037946203 4.178228977392163
0.7081116148459036 2.808621235327294
1.233107098613396 4.251307343772803
0.8147443130386327 2.990178303222401
0.7148307595048867 2.781095990116838
1.532025810322275 2.372050603133702
0.9240837781873585 2.0333109837634487
1.3109956025384037 3.9932808352629663
0.7483068485733391 3.0532431584911093
1.2657942600150878 3.6531441707452394
2.1795628749339993 3.1008692448655903
0.7014806025877043 2.7677804946547573
1.8245917321938876 2.4869075832847507
0.9183809749755009 2.0218215958495938
0.8509560372980598 3.7995438285241048
0.7124515953373537 2.808120041036947
1.1758140926411822 2.179828711833569
0.7040642747418049 2.7594708422300562
1.3686841318203742 2.5184901894729324
1.5434560033232279 2.4859942111611053
0.7201921045918347 2.7740459117485603
1.58140812171967 2.458575841733319
1.435969581702373 2.4752210086037807
0.7347534853744903 2.199940854507608
1.6734158059468622 2.180440633805178
0.6537160829483704 1.5515199763858931
1.0001964296624155 0.9242350554698147
1.270140261795712 4.806270152445336
0.8698265444431109 3.8453191570797305
0.6410939436382331 2.418111768658537
0.6217419073087825 1.5956932328855786
1.023092882622658 0.9470813161489628
0.8710923772027164 3.8408876033475225
0.7828081452392414 2.78930176901832
0.5965098935904553 1.7014498013453339
1.0117729221046272 0.9289872673796304
0.6327233499552857 2.4354333179209107
0.6227906044906769 1.6960680214381756
1.0134021092123784 0.9259697757890442
0.6838327739926768 1.6396812779298735
1.0491672403755086 0.9803468172051217
1.1248453271669034 1.0671109147118845
0.8563696169852404 3.831957620395296
0.7299205287534563 2.73642492968095
0.6150074267639903 1.6837692271229716
1.0078676304633227 0.9328625086080149
0.7944662949825395 2.874983536938462
1.8196408533137087 2.3927648424183747
0.6452948093242244 2.4177049743072017
0.6039241908676272 1.7118188015753542
1.0264809047757328 0.9691343820675797
1.253766525019651 2.16219755104857
0.663540175649947 1.6315294566510405
1.0376121139377863 0.9564483440084859
1.1159468471830016 1.027422743462437
0.8557557963258096 3.8112812494064405
0.715513296193783 2.7849031698352196
1.6203301378651558 2.189462693290127
0.7187327724290001 2.8184610801662213
1.605677472210279 2.571857095496633
1.0944693140416524 2.158441408805811
0.700619871437258 2.7649028126311106
1.3853749720465633 2.5022751294452963
1.3840331834004824 2.4809000606454736
0.8587389534338165 2.672367288561218
1.3663109742432404 2.4519912526668803
1.4656924384070322 2.2432071066269708
1.5233229021286019 2.5342142011816904
0.6123587518220495 1.5924977922214392
0.9999922471442394 0.9270174228067883
0.7184840120479351 3.0979312632669505
0.6195978875067539 2.3006810849161434
0.6133591220608932 1.606394739894728
1.0198352590552662 0.9600286975621932
0.6310237857038941 2.2514382935690906
0.6355394414272633 1.64469726822759
1.0183592025499233 0.9661888165925534
0.6801309664211617 1.610633376901635
1.024086429985887 0.9533165081595069
1.1067761532941722 1.0228449853549622
0.6174322541385031 2.277737292855716
0.6154607631792153 1.6381643131801011
1.0119882556456385 0.9446343635088694
1.6107054540445351 2.354771355287122
0.6568923921995145 1.6417912010261226
1.0410724358733954 0.9669039952742843
1.1131967945632963 1.0337998352654791
0.635312708773616 2.2412916452804588
1.2994536985471545 2.1302705503159562
1.4457592015939302 2.0521000387330757
0.6337743363128719 1.5976727822921302
1.0150044080051936 0.9325544544625178
0.5829036709190798 2.0245183957250767
0.637296666936999 1.5459818880221428
1.0140134337963278 0.96390854669669
0.6674302303078049 1.552156431727821
1.019333992451352 0.9376294977161594
1.0969135005905022 1.0060782992993254
0.6671490319051634 1.558303715984775
1.0285284623977191 0.9498626910556847
1.1103276115425773 1.0312130464919864
0.6353558385311927 1.5333151203015396
1.011764812722293 0.9444342600757358
0.6680283262411791 1.463223726923572
1.0135279368402152 0.9243400744837369
1.0819165770181476 1.0353151342943838
1.1027825887844074 1.0107895553317445
1.0106517416252783 0.9457225879057517
3876.5828028757087 0.9007023302138515
1.1466263314078649 1.045567738605159
1.5109376153003464 2.4066595945234477
0.6300433963229883 1.6869023690775773
0.6657199260938768 1.568662669179496
1.5984769801468852 2.0759813218380883
0.8583183775859393 1.657833691415855
1.5990594437153107 3.9820634178081145
1.2002206211509838 2.4274708420482165
1.1570690837713804 2.024625633173995
1.2543747444580866 1.3774215097501654
0.9641744581060003 2.872194098716312
1.0172204400672296 4.004595161993965
1.3105643530368836 2.6377953013427455
1.353752005251487 2.370736949971943
1.7717645225015413 2.4621944919251533
1.1829210050892431 1.1560989420924472
1.525651544689962 3.234637182544464
1.7036280341944547 2.445074781699423
1.0282341262943324 0.9729421703710786
1.3433038006752172 4.066149202936452
0.8708554043177634 2.6895964458226107
1.925399999414437 3.6857163906231185
1.2953772778557617 1.3374326886319328
1.3612385856531888 2.758903848190661
0.6385888670758323 1.5400748739532077
1.4957848246804089 2.2117357087592397
1.0095446132011847 0.9458364538214029
1.1500548024094954 1.1447309197472486
1.0087039313108288 1.9231740539738729
0.6213212904572742 1.6103115772903376
1.10328051575745 1.0055997181462266
0.7276627238041071 2.8118254532976126
1.1920165558467457 3.532661228799112
0.6582230356197547 1.6078819378283145
1.0284025870321185 0.941982085034083
0.896406922870238 3.815650680268882
35112.13279925701 1.035056376004035
1.2989236544174623 2.998403698204312
0.8740503035225683 3.842568722996762
0.6456224737565761 1.6296364300462118
43216.60149417769 1.0754194868289555
1.2743039852439377 3.9972079844424795
0.9057368648600664 3.9161890547225946
0.9781591236170645 2.8729176095506386
1.179417571104875 2.2419981921944423
0.871299624513861 1.6574459687650243
1.0460205745324078 0.9303744434549301
1.1763358747729238 2.18134073718662
1.0018312974110746 1.9377174444022807
1.320943939567814 3.6945780906652175
1.446560880079467 2.0516242085846566
1.27368456278037 4.095727899746504
0.7328123191687342 2.822692482872255
0.7188700759050373 2.3224894239224825
0.6316190960516425 1.6891344102994514
1.0555461022011046 0.9808694193209957
1.3861010682898596 2.4517548678536363
1.042070404281195 0.9824576540599228
0.7242562677714655 2.7895156362522338
1.1093658098197534 2.8147504503261063
0.7403669098373364 2.749545333021232
0.7272821701672062 3.0626868762130948
0.6278708687363582 2.0840331976916446
0.9846639755313233 3.822898121902419
1.0617342888026349 0.9936370071663271
1.4617250761056577 0.9829228142783555
0.6339498159506218 2.326621434401222
1.1243768226308832 1.9875910943232311
1.1837869334551547 1.0597605745208303
0.7317429200287804 1.5181805502698102
0.9581159345344704 2.7667140117992854
1.1176808221692636 1.054601834030323
0.7212194818518494 2.8052111787177822
0.9608006871461308 2.938450748715756
1.082918320989347 1.0392512020733393
1.1158857180702355 3.3977168593279417
0.7009745103226976 1.556240647437028
1.0310952348914462 0.9569756913521528
1.0749857497195339 1.0259892105283626
1.5823674948149913 3.629996395883672
0.8755645662884018 3.821275637033837
1.0248950950703763 0.9467500724438989
0.7050065682821477 2.227044621112813
3547.8484716170296 0.9070016903570323
1.7486750452386222 1.1792344062354665
1.3863489868075884 2.442849288105423
1.4784718402648278 4.805199455808668
0.7332689122866463 3.037355477584856
1.285877335358395 2.261857084836922
1.2300942868601337 4.942698923722182
1.191126550008999 2.1880320588987034
0.6719071748984538 1.7700868554135047
0.9140574568289395 1.659174976665986
1.3224070425622982 3.262531426258284
1.0995414792058487 1.0114890065185225
1.397289042472897 2.2147914951707506
0.8656358638370947 2.082373539752102
0.6310452767573568 1.9799049843057988
1.8531854728751298 5.081487330737337
0.859048174969342 2.786773370757457
1.231547115977851 3.5058520060322467
0.7289461278719295 3.059373199398978
1.8480920114037218 5.052188046604918
1.0622068914832343 2.461703706516877
1.9703741440174112 4.75468150998217
1.5982738086811223 2.501650811793951
0.650686718034801 1.683947355536812
0.7212920119748651 2.1364821959730564
1.8227473018823588 2.3267097138833677
1.307011376010758 1.3229052742797178
1.4323448201256912 2.4568759328485945
1.3414667822599062 4.003816619761944
1.0128012761667808 0.9427281749716326
1.1104339170941806 1.0439437213106089
1.3566590308102022 1.2085165532116708
1.4709903736637246 2.462164228595702
0.9709099389984599 2.0831833451028015
1.6147151243647637 2.0926940300997114
1.5360132823664117 2.4333672459194546
1.162606307658912 1.1598584293649314
1.0687672328132791 2.1298183156080857
1.6402448837406929 2.2597752087151464
0.7179136259279036 1.4867914889639187
0.8741891345053118 3.777254264884648
0.8824566409627852 3.800259684891985
1.225405185217217 2.7221065342730544
0.6227061583325533 1.5916172981580043
0.7056904367821809 1.6063359348450037
0.9520103656872388 3.8328141083805023
1.0184967717440296 3.0643094462505713
1.0757994329444927 1.4249523906195158
1.127165545221262 1.059105237928589
1.034178880093589 1.4225792639963577
1.289083021786204 0.9381503295743685
0.5949875583861244 2.024065298936372
0.7259527773619944 2.8056113545686054
0.752870575601441 2.8020310894427434
0.7276009505399895 2.634577669752781
1.1148823559463557 1.1087288865087355
1.0676658561876358 3.1825032941979146
1.3075738068257894 2.3068966331222907
1.1084418127963809 1.0260702870881337
0.9028756091153685 1.735607643393629
0.6684494222936319 1.4637384469678105
1.2589444667811838 1.2477112478412402
1.0004608104473973 3.796167566643138
1.2074476060674202 1.2122326990465462
0.9705229202636672 3.7532462112988947
0.8282122698787255 2.978824831847079
1.4952130146460656 4.11118635325071
1.0272950108097798 0.9691434901410891
1.1095579341704318 2.8376980481236194
1.1348660765743157 2.0105886404525655
0.6596885352323014 1.456455813993919
1.0443556213877845 2.593267752313838
0.8138023511869827 1.6195615404482584
1.0111318164747447 2.0498513169814565
1.1773492082576869 1.5247586965790485
0.641174190354558 2.250652129258748
0.8749879414413432 3.8618147703306853
0.7826980767796985 1.6652477769902851
1.3806348164790947 4.546507807344534
0.6108331002990574 1.7188767807857301
0.7327507346556004 3.055927972415869
1.2862740550747338 2.1414523045549303
1.0028454231083792 1.7812800975430447
1.1190175405974097 1.1029345887267274
0.7830859597312659 2.263553420437258
1.7098373789667487 2.383719655335989
0.6685876510038026 1.5514564630876475
1.0367943519349636 2.0369900564850565
1.0972849007302394 2.2768998658626343
1.234038055829396 1.2752021072641369
1.5893251204061098 1.0159650106795244
1.1079268269239115 2.24712608048593
1.0892550720117817 1.0467628889856542
0.7550891787111997 2.1634362854273794
1.003303922034316 3.9442996373906447
0.7168447900354927 2.8083254536420066
0.6816783260609118 1.60751291296995
1.6356891905178699 2.083447806782128
1.3730026634257908 2.4663898825153474
1.1436071736361242 2.0877494181292024
0.6553031380700065 2.40108243021203
0.6516505700307306 1.6390306651991478
1.1259750431601603 1.9442336846689683
1.6475175422174528 1.2690856581799181
1.4747432895550516 3.771172915143949
1.0376135624525427 0.9566214130427563
1.4135700077089126 2.0871361695292983
1.4300227489066961 2.668309070536174
