19880.91042811243 1.7046952744785053
0.27623891140375345 0.5272518103116489
0.2134912350678716 0.5577430730884767
0.2012617137743421 0.2514047367956504
0.1733956667756965 0.25000557367834564
0.19496409264588282 0.17462871438924404
396.6129315401415 0.07902453283017774
0.448045141534569 0.8322067507169802
0.47489651117289955 0.677153578568205
0.2676070776266619 0.362144730549923
0.21051843476981166 0.2691856231959693
0.18962712580135144 0.1707548752940687
0.27451761816294407 0.11155842224539025
0.48807255639891917 1.0426936468610621
0.6388463305094713 1.0871719365313015
0.9302825551463254 1.1066263366385627
1.421057314148708 0.8326012681886426
0.6230973455170572 1.0401033244751374
1.046644443554848 1.1328500909636041
0.48159630534306797 1.0992275770338968
0.49552192363235514 1.0631441237050723
0.4287394582318784 0.6942419554015894
0.7929585535249002 0.6570130889249716
0.2244743794810128 0.15702669311371648
0.26904577758589837 0.09791347381969334
0.5829412796975395 1.3282795896504505
0.8669205620091556 1.6211471572136946
1.5015073849663718 1.7805338061427864
0.5019659015410787 1.1108229263571587
0.5942322484657951 1.0855202314401713
0.9939396174765568 1.0142947175320987
1.4170467776050384 0.7918083885346776
0.658153763454645 1.2395886011591886
1.136549095040372 1.428105077012905
0.63409266868179 1.0746063377999429
1.2679092676038877 1.0533871914373818
1.73437059775424 1.0547869191613812
1.4801392594854428 1.2622042492401955
1.0351460346223647 1.0821304929675977
0.19650137077892638 0.46479628585513
0.37869937566761147 0.5236429936547355
0.25189971480642154 0.25165859964522014
1.853566488119001 0.855781447872144
0.24767350811295136 0.6165610747844092
0.29908672943258074 0.42388410308699354
0.194934212137362 0.25040645894474667
0.17024727703372083 0.17246914143996955
0.28745979667737864 0.09537892458837705
0.3315677942325797 0.5788012648335823
0.630250367932533 0.8052462337105725
0.32805461104035505 0.6615168608968337
0.5032726753487853 0.7469766012595794
0.22871367757618116 0.2522441492170113
0.1807112941157651 0.17686273110102196
0.2724890732199028 0.11552956133821751
0.6596362647777249 0.8565928132306901
1.4260516795337894 1.1465479307863582
0.4251204880955282 0.8177413040713666
0.660555179404184 0.7854979826947355
1.6787781074993053 0.8030620928774919
0.7405227667083625 0.8902258409596464
0.8843847152287305 0.8241039320650647
0.1728892073985051 0.41704723818878753
0.1744435188934129 0.3316760732275713
0.3188921471954987 0.38058505242305113
1.2631368762765316 0.47193192927440697
0.162402983662023 0.35528838730334733
0.22682116568188104 0.255194757451091
0.14700181892643244 0.17154275408747288
0.2663150882458267 0.39236874973699
1.4858441091288919 0.444904348699508
0.9107155630446815 0.4258403540644832
0.2395143036836084 0.44007895338042496
0.463078123797461 0.3343735599773715
0.35982540252048384 0.5021974983570111
0.7219603037571952 0.6237436587154583
0.10987944485454423 0.25287737226060597
0.19073570039611665 0.2018378953544892
0.20991926908951106 0.16999478418899894
0.2797967546888278 0.1081477945796013
0.16448226096869523 0.2452260531113018
0.28166368487674925 0.11088897469732678
0.2848660421363226 0.22657864626671617
0.2262244361932551 0.28096402679510635
0.2807289326331985 0.11038660715836768
0.8845458612355752 0.33406358978104744
0.6905484806754072 0.4406368404304637
0.134119186315946 0.19629899371047518
0.17253784197032115 0.17277071985044257
0.2935381668235665 0.09414346863207815
0.14012540680360452 0.1597376247904812
0.8280996942555486 0.1895740814331513
0.2694841135535878 0.2158772022373161
0.13228506776999496 0.14094590503716284
0.285665076181386 0.09492432450711814
0.20857341147695196 0.09742550674019962
1.0620887356679116 0.19435304229292616
16.783927765541797 0.07838297556772462
0.4633977928542208 1.1541268419023845
0.4831201010748118 1.1185787081443261
0.9007582359998438 1.111023496094625
1.065997552358684 1.1993649760179999
0.5843555765079136 1.3273308595095723
0.7816848088609465 1.026639928789853
0.909901923102944 0.9568799138927976
1.5348793341786124 0.7480337732226507
1.1347538047695644 1.6214356711404134
1.6238016132016346 1.6176512542187684
0.607237667292237 1.41989428708747
1.149854644740285 0.6569144153975905
0.8365718399830511 1.524637020243795
1.208463995133878 1.434928952793802
2.123111680628216 1.9131654130572078
0.5225958504498531 0.9246631149901536
0.4317438906383845 0.7212570168960355
0.5482449827926564 0.6065796744481339
1.1455305632020836 0.5753403900991727
0.6048792682350068 0.3645976146328691
0.5245332997212642 1.0840093373908286
0.879340558904011 1.1035596831844137
1.0774623264708036 1.0880407569912587
0.7825314783756456 1.1448842355354378
0.8797414190303924 1.2648768311794618
0.7587501815829107 1.0830605102538033
1.2432481886760487 1.2374947318980163
1.199819290856445 1.2210687317316307
20078.27218855601 1.724180467735854
0.27719335759360286 0.5255238442911706
0.23318010375767145 0.41617295786568126
0.20160296887645152 0.25884887508686494
0.21127891390589654 0.25458353839546777
0.2077756616749291 0.18091720603498584
401.6635586378279 0.07912913005923644
0.4496122564346096 0.8283778955630415
0.5011727400106125 0.7391952621790289
0.30006295523659754 0.414156386893092
0.23761619387409136 0.2256392285267359
0.22276189559917922 0.1935230744004099
0.2745207808327131 0.11156124382551735
0.49309065928548534 1.039623781939281
0.9877836020469023 1.0402344770077336
1.1314604543139901 0.9632061187053924
1.52530585416336 0.8886293745926683
0.6411542567167713 1.0416223499595567
1.1204167339293316 1.1304660767632018
0.4872594851747434 1.1323234227747558
0.6341606117351668 1.1255938916356998
0.4708147982465699 0.7086071409865524
1.1292221084248337 1.0041576228204527
0.2449602158474399 0.1574530923594903
0.2697065938513768 0.09869022979152953
0.5843440501369003 1.2753414885690408
0.9327371329513992 1.4934572100919723
1.502139605400663 1.7424210436751468
0.5443135908790417 1.0740017985710457
0.606696670072051 1.0534342727780104
1.5040143669808845 0.9428773810528946
1.4631381408019388 0.7290083117183359
0.6841712626019546 1.1673862964207822
1.2718915360489889 1.3156372425154323
0.6474565660605064 1.0715754092424061
1.2701265666869888 1.0557418388684843
1.7350905333794526 1.051068464111619
1.1871474245900728 1.1341019429246473
0.2019046849009139 0.5423413700989028
0.45112200366298355 0.5065102315691894
0.25404836750391 0.25109344144723034
0.24965732878071464 0.6165939994607446
0.35061514991286835 0.5923882736898938
0.19828090660722666 0.24853970981613757
0.20507064110769765 0.16453293924843715
0.28817157798622617 0.09669810924743961
0.3357893262497783 0.5785484134822413
1.0396444652401813 0.933918458042702
0.32805461104035505 0.6615168608968337
0.23006661047531374 0.24742736470764465
0.18220555525344656 0.17125519050339805
0.27749325219945503 0.10453805284675066
0.43619663528302155 0.7927734106969505
1.044361648051129 0.8114345550070537
1.6857690351258492 0.8024671707802423
0.7585436363240834 0.890824912290561
0.9016631721667923 0.8126952802695875
0.3863500598902073 0.6429711581123485
0.1765602010246592 0.33922904983843727
1.4480594766808765 0.6746073680318675
0.16569283216954064 0.3632131889433008
0.2298540056616436 0.27432973214441847
0.1471222800379634 0.17364490798758705
0.8279739578168653 0.5696908468614214
0.9887764330426966 0.4845175465056739
0.2426765458562631 0.44571512798850954
0.11012728231513014 0.25313913650733105
0.20210472782080602 0.19972954195979825
0.2108330449266839 0.1689657143105564
0.2804421809455375 0.10512400119033559
0.16456641838971217 0.24526930531180052
0.283235843874457 0.11306590816176698
0.31372643868429956 0.19352817899968755
0.2896644464265222 0.2571630087400538
0.28975901693030276 0.09754937467563658
1.009908167912819 0.46336787132172236
0.849322553091758 0.4650312611740429
0.16192010298315043 0.17101476126597417
0.19141121147520468 0.14880872367333453
0.2952290620531499 0.09446847473141948
0.14227974349660705 0.1608783502734883
0.8349988937021959 0.2091475454251105
0.2782802568587737 0.22860306331901367
0.1335318714441256 0.14130387630680946
0.29556543377799743 0.10795906412784252
0.20901501160504093 0.09767354861099825
1.683435846196562 0.37231058864877087
48.58834796843682 0.078481594706811
0.4841683299556836 1.118397508247046
0.6236831989793434 1.1243832697366314
0.9133855193225493 1.1010771575062983
1.38914920132913 1.0608583011477581
0.6004037565170649 1.2338653843800318
0.8835623429474415 0.9604706445372614
1.1158973512840726 1.121034698529131
1.951223099274338 0.9189304023677488
1.2668714508172894 1.6539129982725307
0.6769567568983523 1.436229113760746
1.1949479551286917 0.6570054418978984
1.5104798712466425 1.7137199285836726
1.3034315444090652 1.4207148603322217
0.5238635425794533 0.9300190279265039
0.4858083272039263 0.7234010648812979
0.7344761678680698 0.6028808907805646
1.4731428705444982 0.5980252152698581
0.79982126049151 0.49527752373938033
0.5605135537418602 1.138601170952796
0.8810975924352658 1.0940782620979266
1.1553448436860432 1.2512519009906347
0.8643051181615424 1.1588024463111122
1.178290310567436 1.2338917814573853
0.7906853561228191 1.0907687392604044
1.3142309837275323 1.2139702257360665
20101.349013894804 1.72079842199136
0.2799926065981523 0.5235247123215752
0.24895383546649943 0.5618683305109817
0.20259593981057294 0.25807529800684037
0.2172306346618591 0.2573656710097328
0.21097150381991797 0.14464183472485453
402.50511081324396 0.07913214704960025
0.4507693952601532 0.8281857129359625
0.5177809007667263 0.7209367868512125
0.4238870975294404 0.5966051729991102
0.27244744582740965 0.2424638757913723
0.22324768587916666 0.19314687723489432
0.27617851114558245 0.11142417889579431
0.5155200628812243 1.068392448883625
1.5085892353734058 1.9594580674869087
1.2448285586850525 0.9970386381743384
1.8593042050186954 1.0223497242591553
0.7398231946763025 1.0843144503140756
1.1479147384202004 1.1256750902294343
0.49069398741500375 1.1158427019862047
0.8618461443118982 1.8459966940571098
0.49114262386973084 0.7125576904007291
1.2629263113600078 1.0874940519945637
0.2763144854417202 0.18937635181719775
0.2698529024497254 0.09827987592324522
0.5935723368121106 1.2944426413113694
0.9380525910896096 1.4376763107862114
1.5027448362857552 1.7484753186592208
0.5612776141750009 0.9870424577942316
0.6171561808888215 1.1135039903544308
1.5027497510644716 0.9426919355441583
0.7399799988256658 1.2355632863446542
1.338386125566859 1.327841620552538
0.6715959287067612 1.042572033260518
1.309009555207071 1.085726676444638
1.2276276273626123 1.1398719222301539
0.4548859123817509 0.7459185576955875
0.4259715374594568 0.4790622797382053
0.2547003397089506 0.5840471516521806
0.24291102581407809 0.2984067270060343
0.20700936327769795 0.16190234959393662
0.28931621256608664 0.09763195183853748
0.34093881777644014 0.5729389196751427
1.350582639815177 0.7759208566729223
0.33411761121745964 0.5043366121083355
0.23010297896551973 0.25337208756256735
0.18220555525344656 0.17125519050339805
0.28161356493771467 0.11081301739490301
0.5183781442834745 1.012757185758196
0.7711596769193005 0.8991996330111658
0.9328636776841853 0.9630415825717639
0.41824353617660726 0.5884254338514929
0.17777866038069545 0.3393818262347282
0.2642248779376543 0.4817414567048421
0.22988022071760938 0.27436570038496716
0.14749080881803878 0.17374194443621463
1.0269978302916671 0.6032973600322009
0.2456151119982401 0.4376691388709549
0.11076427222434392 0.25200063999018296
0.2126221513121413 0.17546407318879237
0.29262118998075004 0.10947582366873301
0.18531578962826645 0.2375541332475141
0.2986857002583949 0.09553904105386954
0.3151008560487693 0.2598240940152026
0.31823275938209605 0.26526450044285704
0.3787262988310166 0.09660158987896836
0.9124148835884132 0.5419782700342204
0.17154113850563443 0.21803623601291788
0.19486785504676923 0.14659424952644737
0.29576013957984937 0.09697347246587593
0.18202246355498355 0.1602397336364006
1.118612686364366 0.295896979068713
0.29963692128172953 0.24236546647953375
0.13748595054244467 0.14376133823216336
0.5097631656746476 0.10622287386605356
0.20929556569361016 0.09775627661885562
53.10450756900517 0.07848786972206613
0.507769891078308 1.160342696184484
0.6616889846901983 1.0659630866960783
1.599739644792188 1.205010775240337
0.6866143497672625 1.205201700781788
0.8940591604495585 0.9590878384632816
1.3924001132060386 1.283966011191293
1.439609435792853 1.45516836052228
0.6962142006833102 1.4883110860462658
0.5663769413044094 0.9137019493601553
0.5389571573879928 0.6437078007663759
0.9730267347843415 0.9063267989987289
0.8116334881942032 0.4136413821461576
0.6005114872239508 1.0833305540449243
0.9006477195852739 1.199275897727673
1.3469458321801184 1.1993885533246056
0.9680031383717493 1.2395094513280411
1.2160435174113893 1.4083556903288565
0.849078113996546 1.120426129209537
1.4133266005720346 1.19450406194207
20182.100794557296 1.7240751935759548
0.30779914862823154 0.5638254981627082
0.2535692382938247 0.46897568353458796
0.5992630226815969 0.6182237285940473
0.5312238657964665 0.5854020409085274
0.21336446594418274 0.1463712214551015
458.3472686021293 0.07925031455490023
0.45599580475635326 0.8381742931755666
0.9313608880987196 1.282228809950527
1.5985898724980714 1.7168447607435304
0.9856546049542443 0.8730975660561953
0.22405972189647047 0.19348922982492422
0.2773874412058943 0.11369019887033582
0.5214018543902077 0.9751598069179956
1.2537157539844612 1.0371169899644734
0.8070037412935118 1.0531165432864842
1.188213967775856 1.0682112628547131
0.5014107679851321 1.0865690842311655
0.874343151094451 1.1715369915460774
0.49845988158007976 0.7098839115603846
1.4640344676177381 0.9475325015656249
0.2865697197336652 0.1463610324207429
0.2699413007110003 0.09858328109837178
0.606627575163369 1.2173941462580897
0.938678808132738 1.669341652844352
1.5029832534360463 1.7431137521451312
0.5732012219010737 1.051806720433217
0.6708003114370658 1.0691617509551365
1.5383966173905381 0.8423585758153682
0.749494784232025 1.2379687672474569
1.4215976041679312 1.4363985434767512
0.6885595338620654 1.1130613855488534
1.5630832215635295 1.0995220451217484
0.46839989686749356 0.5721934480591753
0.4935940303606734 0.4782430164503541
0.2561581306165127 0.5824205006441064
0.24778411696449323 0.3024444117864663
0.2081699962491482 0.16042951358538454
0.2899677481828501 0.09769084653235754
0.4061075091206871 0.5193045553724512
0.4972245020910293 0.9623435717751065
0.45098766562319914 0.5056699538934175
0.18299291534329248 0.17468888026804497
0.28321254949058433 0.10299938262292896
0.5883144696993129 1.0369532364990375
1.1264337441176455 0.7947303600446634
0.542661417549166 0.7624657491700886
0.18005202408392615 0.3037386874758218
0.3188246088863758 0.42086320524528725
0.23891322500195716 0.2935808762798837
0.14925508953238203 0.17870241690780747
1.0300864373407732 0.6032944675192362
0.2679723367554398 0.4865245476972771
0.11146289425639773 0.2477348592494319
0.21314843378931675 0.1742291831604693
0.23836305698750979 0.29554466681443275
0.29907959822250124 0.09445476605937869
0.3200357472126367 0.1905923613865983
0.37709678409945036 0.33590202053633683
0.41073071654625 0.08956573957881672
0.18706626110140118 0.17506745345733726
0.20287229587785832 0.1417947109242537
0.2971362481816035 0.09383662042586809
0.18751377772248884 0.1629038105276309
1.3613827696678946 0.3217307272231483
0.3519640785269734 0.2045100499744441
0.143604019891442 0.14528670744190325
0.5104817909812882 0.1344031883763161
0.20966286435568704 0.09761572318759171
53.65222529929236 0.07849659490469642
0.5079361451776397 1.1608159087174494
0.6805582812460308 1.062694383256166
0.6929569896841092 1.2030182713334379
0.7182675602464937 1.4201577440510635
0.9753448040743296 0.886494588709615
0.8767901997801661 0.5404053618503394
0.6137379369761324 1.0853793297193952
1.0201251499750246 1.1459392886820527
0.8866599497406801 1.1280478650243935
0.31869828233858744 0.12898797653151323
0.7834652269876725 0.9883718907905494
108.82367639791964 0.07863475398715475
59269.86244555522 2.5556199324838778
0.696428768954245 1.0714305829166197
1.2922374334697317 1.0764134303153865
0.20820763735359943 0.29749668075354463
0.6343090539340424 1.1186709495194156
0.11314429408385021 0.24744987875917626
1.5986376949322414 1.0002322646708337
1.6226234804822526 1.7459888077040786
0.1785176874550986 0.14116958309974703
0.4644827958089289 0.8377964077004972
0.17764588313966512 0.1943883402014826
0.34197077852492835 0.4166063159255258
0.8326601095525455 1.1162372891896517
0.28592022836398234 0.11467672052376277
0.5134240550024103 0.8939299812134486
0.3209740362590572 0.26481000706736
0.8589336834215412 1.2512795632352254
0.2552596030133891 0.23509546346495888
0.279683703825402 0.5209967222619849
1.3294834066206747 1.140309168604446
0.37300265611968075 0.5167328273190657
0.2466782290998848 0.19451686531027995
0.9433327954726938 1.4726580522088173
0.26999222818466334 0.0984075866355843
0.6522949834149895 0.49804120884081865
0.6071998023629275 1.222999979662237
0.992065496215857 0.2169512129263939
0.6415208019756415 1.0766652759770792
1.2949979206752409 1.1541333731990175
1.0554577137191106 1.3033314311952222
0.21014845545641792 0.0980404795526173
0.8326122232789576 0.9811844507382211
0.21484967796762408 0.14172140014662732
0.7440256190089543 1.111641858715665
0.24291502133043325 0.3144395583840218
1.4686471746443555 0.6671327364994144
0.19069716209497886 0.16981946558565575
0.21817922335748038 0.1985714672398056
0.5102210975396966 0.4615326009665752
1.5583113780974092 0.8929911745722761
0.838866203196804 1.1435091126456243
0.2995058231952866 0.09913341978023896
0.6086321404741821 0.7464336516078809
1.0244000769807626 0.2245744141725617
0.21962785798364556 0.17554094002942291
