2.189243052352413 1.0506871490767633
1.4380706331804447 0.43985622574864425
297.847097397891 8.737768930683898E-4
2.5478152057671455 1.2521522480505238
1.5394513298065626 0.560309787760471
1.1737842717918174 0.01997171759017498
4.932908929886243 2.7625059535697836
2.746184837293339 1.3649046871029475
1.624699440363489 0.6263653997412861
1.66540529202632 0.1892802326517521
3.634700295806302 2.0217400641772
2.5567300470769307 1.3489538767321945
1.7660764885595956 0.7760376664647124
2.181657180786445 1.064478089456371
2.014245224647969 0.9032028712172842
2.192225146677182 0.9166446529520436
1.543804520063007 0.5187782272491988
1.2690392093223135 0.07103124272187133
3.145940204509478 1.6132808338612907
1.6884231073216236 0.6992196024605024
1.7614901858405414 0.1852091042499328
4.663074014634599 2.523504076192875
3.047004127169103 1.4711199243726476
2.1912059788899794 1.0341964464088211
2.665899843826433 1.5043485871645916
2.7446097054010616 1.1958106093607381
2.75347505468565 1.3632280467129823
1.6237600249737012 0.614622324908083
1.8439548062686746 0.32588609684595593
3.1043473707089366 1.644211799550412
1.8058764800114222 0.8527410798682455
2.7486963802682074 1.4109999480592135
2.2343327398599557 1.1056508289799973
2.7455196154280292 1.2182488084782723
3.6467498143143438 2.020274893438432
2.5982411498136244 1.4085792844676792
1.7986822510833855 0.8258873369330033
2.6436634745506105 1.1079742214901216
1.9837225007254324 0.9747766560237184
2.28421482186016 1.0884992396852324
2.194187349290895 1.0592902110921905
2.08021991833381 0.9516694787814529
2.1728984938329337 0.9896025582893151
2.54581752404847 1.2989889677146125
1.9847532183704826 0.6948239743782829
1.685197143147886 0.6872987830355227
1.71415524053534 0.11031956271567178
1.8014664883301161 0.6408142231053267
1.48469854913448 0.12388758565029219
2.763235177417921 1.319865772551995
1.672347196239385 0.6448225191726081
1.9428365007737836 0.40948336553025566
1.6189001120868223 0.6886478827434592
1.6860829594648568 0.6538002710422193
1.6122550740549477 0.11545767067909701
1.879718627045781 0.7891041193104547
1.6738851732730415 0.16763479777197388
3.497598200295823 1.642117635563734
1.8600402654188757 0.8474274498943875
2.1818583451146396 0.41749797735316135
1.9081756313487677 0.9129053529326006
1.7537262683079604 0.7228452543272362
1.7880446040310103 0.2822563199695028
1.8659713956250452 0.7936796209300785
2.1526017028844486 0.4666936731407976
1.8291479158975399 0.8860417725881025
2.81798808774243 1.3679997564061919
1.7045167198430118 0.7518776702871945
1.7518033677684253 0.8190977019912734
1.8233026025483177 0.8251699039107013
1.6386328741280924 0.6642346605389869
1.972016582279694 0.44687430359296804
1.7888706528601208 0.22803642704141902
1.8739504602879327 0.6642065131997646
1.3548204517609217 0.12972956265653443
1.669620251724556 0.5101160222501201
1.6801139234100277 0.3161893181968505
1.8495900310960245 0.5558697175813474
1.5221768941218805 0.1805877447378061
2.0217392700595154 0.5700411658181599
1.5366461419843351 0.20346013894723397
1.768037711710451 0.6415376972080333
1.85735044836918 0.37305276688470274
1.8584357197293475 0.5287482071740152
1.7634511009348321 0.3020420450458028
1.7460869498289344 0.7048706893837289
1.9770925113700826 0.44420214990798884
2.2836631815684734 0.583074478707299
1.6060615102842317 0.6291081270453485
1.79291819543017 0.3354766463770741
1.7134518473488867 0.2512386130878007
1.9235445459604585 0.39756325834307893
1.3066534934333638 0.13226212673070845
1.7027638069821416 0.5206845307479835
1.2077399447263695 0.1051330157574547
1.4577554499016636 0.22687449535071066
1.819735496452807 0.41929681341882913
1.3085840803911672 0.141294946824443
1.762650872165723 0.6716859328788378
1.3843998828624773 0.1823925337108231
1.6030541717024027 0.2905610695005572
1.6027008910797407 0.589916957720879
1.6575708405078344 0.31766592699544516
1.7659356385885492 0.3729903214165493
2.0161769642404277 0.48985123284310883
1.6423973908812237 0.45945929906905597
1.2472735251758098 0.11215985961945385
1.598876143176141 0.43297014720408056
1.0131389968063296 0.017209549477583692
1.138913158182155 0.0834557633922306
1.638046201005305 0.5344360945955547
1.2348135711166828 0.12216002441938044
1.3075699749232794 0.1592050457765474
1.5440787133736555 0.2746844750756127
1.4646759099307585 0.3795938576403841
1.020203669412034 0.0223712044861056
0.9989680511516676 0.015565995027880928
1.2051892132785944 0.11645732759349194
137.1370564614311 2.923856958975233E-4
1.8726426329004575 0.7420452886879586
1.6965751725289904 0.7222340822013096
1.9228197476959927 0.2609255741329654
3.046297823234057 1.4686627836626838
1.971199865497319 0.9650800114503977
2.7200811351201057 1.597860542379494
3.089827505735709 1.3401831305297587
1.6999614596606833 0.6811030771799735
1.8122848296171767 0.2114734158509718
3.6930078500469987 1.6767098663041926
1.9644330142908082 0.9991518626349623
2.1650433600138754 0.44146199126067004
3.168508038418251 1.7850024861570142
3.079610108251956 1.437105485118412
3.0528287748990435 1.5670791972487894
2.298012544273285 1.1035309832881988
3.128998940882177 1.7649576070461541
3.0215580677398304 1.5142068879669541
2.9477984274374354 1.7660908346291357
1.6858804283538853 0.719174566187744
2.0896017937480442 0.31333730251907266
1.9306565944010248 0.6931281281803148
1.824516321242799 0.265130153245024
3.317320689310284 1.4619538904664213
1.9124770771267354 0.9284972868583778
2.118986892679364 0.3393504707307429
2.2535701140012128 1.0254764885992582
1.9080401579724229 0.7628091374491197
1.54084659767756 0.1816311041641261
2.052078399514234 1.0282565358634523
2.1161406665470843 0.3341704972663734
2.4217031233468513 1.2195143743649899
3.065699521972273 1.4321007463015776
2.150286061881043 1.1289041879446438
2.4352828640428013 1.2389229884441428
2.612334294538108 1.1502261119122044
1.8354050850178958 0.5430597005639319
1.79506885271455 0.29606509872477144
1.9105275074823012 0.7481442775399652
1.711277038402911 0.2941589833730443
1.7255904236159778 0.7208984541491296
2.081217203781174 0.4100658584753201
1.852455742226003 0.7545735993163498
1.6079707077784384 0.22655374867934186
1.8314650593184065 0.824083226929648
2.2512122733028215 0.505694411154949
1.8380380485013088 0.9076243183548541
1.7296478716332186 0.5064661329354877
1.6174312746085686 0.25929838846351094
1.6646942167144925 0.5654886916251898
1.5801342081030287 0.26471641230151205
1.8618856560705421 0.36407942544250893
1.646702041333325 0.6101786602807466
1.8437613675480795 0.35948673115502944
2.045527853097699 0.4397315548719558
1.5723864458571224 0.479401170495491
1.4755103730704362 0.2160021064642667
1.5314319749695022 0.25572370670342487
1.7543461524000374 0.33652133162453934
1.3912122924162122 0.19464051802130666
1.9922089980938553 0.9485298068862911
1.84029528430292 0.8810108296691441
2.7467697270026092 1.2950884399022922
2.1797845520374395 1.1059717727910574
1.7935509427403518 0.8356332980964883
3.0547905257726606 1.4097757373458548
2.23845824042285 1.1999416953199271
2.911020345909755 1.3511676029495296
2.7694446566043616 1.500551636338435
2.6670647266445706 1.3477359754551548
3.05186138703261 1.490605987897455
1.8284360292953754 0.8906059417614167
1.8610269355248907 0.8617677115059728
2.1182441311416564 1.0933424647303123
1.979577666696981 1.0170273824559937
2.22621332267685 1.1850619179459516
2.592126585697895 1.2985120712198963
1.727952145083489 0.7556050688303875
1.7352939965704932 0.7843181980728393
2.4842599398741236 0.6881316578002363
1.8557729257632476 0.9264595953097663
1.5740509294813112 0.6181307445219663
2.159222499562977 0.5119052076625364
1.9510604520440094 0.4550602144422648
2.0261313183230616 0.968187819392041
2.7584523081986023 1.3961251263800936
1.9358174603704659 0.9587667245034039
2.3227724294343854 1.1234594868650696
2.577442159615134 1.2410071533281093
2.196521668106594 1.0824128776118094
2.440410503609168 1.2063683482634104
2.8322972590693105 1.3402754637092342
1.9050185373590258 0.9304477856677317
1.9783346886345001 0.9868191474453215
2.2484947580144596 1.1227889486050202
1.7845928737777457 0.8476362625635281
2.1832222407093775 1.0237605198874118
2.1246726005703387 0.9767528509394491
2.2026856514286646 1.0219547110090812
2.4612304485029854 1.1142402967670066
2.0963480515101343 0.9732264752105411
2.190249098880183 1.0950133454688404
1.4383331648265676 0.4669023244017463
310.02154449247723 9.065048139454968E-4
2.5492477333699206 1.250584009565825
1.539819919133568 0.5505485044473956
1.173890396123845 0.02022258910337095
4.945697304791341 2.7429333058096064
2.7466503105771976 1.3636845147621464
1.6257476100087318 0.6531487388382582
1.665584425861068 0.18933344380188188
3.7929540019346124 2.1749864419228113
2.558902188026834 1.339185782271327
1.7665168829069717 0.7765015544425956
2.1817189315156837 1.0411817024112624
2.014563221638581 0.9033808678797708
2.19679766910243 0.9188481948537501
1.5439381914328498 0.5168914428093192
1.2691870595431147 0.07117401310141469
3.154827907069107 1.617628958403075
1.6889375485066314 0.7019660086131982
1.7627786351804047 0.17783695483383505
3.0484244679423242 1.4804791443459138
2.1914876045512983 1.0328065302621288
2.666333368296441 1.5063017998837551
2.745836112425491 1.1786461151913135
2.7537635189967418 1.3639708765379828
1.6277153650445433 0.6185972255983431
1.8454777432540057 0.3228232250902675
3.1059211043970745 1.6522169600679355
1.8070167428456643 0.8507614253783663
2.7488138175452743 1.3123973295831135
2.246839749162384 1.1403131141515352
2.748945320829172 1.2275272798891064
2.602690419928959 1.3921412829693318
1.7989980237567744 0.8239777794690316
2.668065570268417 1.1132725180488747
2.0083856786271355 0.9897167822425413
2.2856117944658774 1.100195325842466
2.194389873427143 1.057671229063207
2.0802505069562027 0.9516680144360293
2.1860128467431683 0.9960251657927544
2.548952565734969 1.2975344984753292
1.98580893530323 0.6792756461231366
1.6870010222191782 0.6920753497429841
1.7147153876780217 0.12254082756157342
1.8285063421483148 0.604617652950783
1.4859256691052025 0.12373065466357204
2.8169141778875755 1.3675573047076806
1.672509213286712 0.6431098845866878
1.9433023607152768 0.4078541154954313
1.6193123677930275 0.6889758414126411
1.6142130360988804 0.11743832309440116
1.8812199721618992 0.7832526524625613
1.673955350994127 0.16842886281598785
3.501059341284949 1.6788395823566435
1.8605368877150823 0.8378914278811809
2.182841556424677 0.42278113361654657
1.9086084519611197 0.9130481094068477
1.753903734113756 0.7239159546077071
1.7941063102808967 0.2964187801714658
1.8782425136807857 0.8145553733701993
2.15429632010675 0.4742809469590621
1.8291562551627678 0.8848332497977885
2.8180310330898837 1.3689182171279086
1.7082966289755899 0.758802448367147
1.7923883136072314 0.8476768487900501
1.8235333906426836 0.8251827930024027
1.638762777329695 0.6641662105977033
1.98033245147731 0.43850511394267583
1.7927659353503516 0.2493760681577264
1.8918241690414588 0.6412255986492387
1.35482246852334 0.12584423805439923
1.6851670169058175 0.5577026797431275
1.6802364804974608 0.31558428594058835
1.8552394088150523 0.5555657803493799
1.522241157299028 0.17879216075361715
2.106176140500735 0.5767823468887863
1.5368893647524609 0.1957454209935388
1.780831394596265 0.6035174144870317
1.8577340531392936 0.37310635102364
1.860407027854673 0.5200648297711634
1.7643757968477902 0.3039634424766239
1.7462314645418897 0.7299372589683408
1.977466160148961 0.4443825559783505
2.2899150816995313 0.5958298741878798
1.6066123250358144 0.6382062231431719
1.8465279441391649 0.29255911440092575
1.7136076760845445 0.2515024884907125
1.9794268143958087 0.426239437759821
1.3066730590214182 0.1325726759819776
1.9917050469925859 0.3392266581777468
1.2081336021618008 0.10513528452139764
1.457850141323812 0.22695207094636122
1.8573439409851642 0.4171336156705146
1.3142706489709033 0.1416851510403221
1.7854933779809419 0.629207650242283
1.3852389851850395 0.18301855778157516
1.6047141774040972 0.29192065883684376
1.6078956228218524 0.568916839460796
1.657598755522356 0.3176475095908511
1.7662463448098138 0.37323586288033206
2.0163427067703936 0.48992630869532633
1.6613696496326145 0.4190551984608782
1.2479484337163336 0.1083686702770591
1.0144918287928262 0.01659411082291668
1.1399047955739374 0.08339774265222166
1.7329365157155459 0.43515798394216365
1.237172002363885 0.12379504739698786
1.307897505614896 0.15935674821010765
1.5447047027057497 0.27631098647258906
1.4725168654538168 0.3789662865723746
1.0202815088901804 0.02254819313859576
0.9991616729907123 0.015158554588667873
1.2051936502545137 0.11645975126692622
142.83046950279774 3.188702549870135E-4
1.8742941087395835 0.7403743439965237
1.6978406227009042 0.740782985587785
1.9282750582315549 0.2720214182787683
3.0463826262728633 1.3879073664159423
1.9713991879855106 0.9652952454251756
2.72024639600161 1.5978047000191948
1.7021336761310344 0.6536754644911076
1.8124082048007548 0.23118158449421555
3.6930676128320297 1.6673410151067674
1.9674725928578858 0.9855550340875625
2.165141555218778 0.4409403912210393
3.1700874163163735 1.7888453257752324
3.0803282483285424 1.434468480808527
3.0534708198414835 1.58053533017589
2.2997409417062453 1.0994500989445437
3.129064738440788 1.7648579344971438
3.021596282812021 1.5140968864673399
2.948221445281079 1.7664542902272977
1.6866532373098395 0.72394615007686
2.0937058320241797 0.32470753005841624
1.944833930223885 0.649048688645436
1.8285159533369446 0.2752585826135948
3.3617489178375846 1.5183428629279268
1.9125581892648489 0.9278663887776435
2.1202824806808485 0.34243411542302543
2.2542164218953666 0.9993467303899017
1.915093240202351 0.7447214804826923
1.5426700253298724 0.1886624730162043
2.0529287957136284 1.03077305178881
2.116156834765179 0.3343817816741076
2.4223437768762905 1.219960803338817
3.124797465046722 1.4353895974882973
2.1516453479681648 1.1291608185494277
2.43645059037974 1.2406204666627088
2.6249433828727753 1.1462214587286574
1.8456652707984778 0.5171899594133362
1.7957785036534228 0.2960453055518562
1.9108777043240721 0.7446465742011625
1.7135565097824395 0.30610340043628703
1.7263475585027357 0.7296476964804409
2.0813998866044487 0.41017077773369737
1.8745312249249357 0.7535367020715382
1.6084374884244546 0.2243342952432153
1.8319997096880367 0.8416213428803367
2.251384510653037 0.5059037915276744
1.8380401487642009 0.9076172682927991
1.7381593981274555 0.6215313555263756
1.6176402993163337 0.2629316245629401
1.6754842265803593 0.6246209130853115
1.5803497669982127 0.26483665533924095
1.8622607352715677 0.36428134129408285
1.6616979663075504 0.5596221725279639
1.8438079606085709 0.3596215713481962
2.047200219388191 0.456888820293286
1.5779969624558885 0.48566770001817744
1.4755174719581512 0.2161711380928767
1.531598434261646 0.2550766650182077
1.7554464736267161 0.33452366328880717
1.391237569287788 0.19347948738132908
1.9929024302760323 0.9466214907014098
1.84069598774321 0.8729414020327442
2.7479777636072877 1.2889874895394784
2.1803301237037864 1.1130349373319077
1.7955913407590047 0.8311077845748782
3.054805897765191 1.4097592980096234
2.2425745288379453 1.2043379577065125
2.9123782402142564 1.351921744746339
2.776466315435507 1.5120347453294252
2.668150658494812 1.3527692998011243
3.052883904176057 1.4904133341558379
1.8297537473914685 0.8948786456920059
1.8637665614498844 0.8743711562541485
2.1189260280526407 1.0938467685221047
1.9808178231572198 1.0224452063463287
2.226453294166336 1.1858239804688375
2.5949201783477536 1.2878613269669215
1.728069448284522 0.7480154345126917
1.7366176034079501 0.788543126701279
2.4850947111199067 0.6882372732456865
1.8559349358279946 0.9267778486735172
1.5769005260155575 0.6022439946469098
2.164206815544015 0.5202265602385384
1.953256550009304 0.45690789890590583
2.0268693765899046 0.9687248971024123
2.758551941934036 1.396174964966658
1.936186489725759 0.9590092884138794
2.3242784737659603 1.1209433695850244
2.645786675892855 1.2836464116114155
2.196538196355359 1.0831659342011146
2.441128610980223 1.2067380141403583
2.8350868416364383 1.345213697336297
1.9069474451127535 0.9305531340156965
1.9783747882460345 0.9870976852245099
2.253004574601316 1.1271568487714823
1.7847037191687272 0.8476472091092944
2.183503374772771 1.0232713523493762
2.1251473423395613 0.9769514405469804
2.202688510889381 1.0219601918151726
2.468963360500093 1.1131586764991859
2.0966626800883077 0.9733818441285327
1.6791744480737991 0.19029658799602056
1.7541307128996109 0.16459428253699043
1.7210995926021224 0.5097142159735335
1.608348394474111 0.29372953388941525
1.7539021674497828 0.7728265611454027
1.8325693054056078 0.8138873025355402
1.8973168047560567 0.8581404711477801
2.2557034656607575 1.1381067311246582
1.3143286687040152 0.1427765324996202
1.6424747920755964 0.28022064508541344
2.6012590653963605 1.2985146744911495
2.574729513578724 0.933906215764075
2.2751038600766886 0.5146807193030187
2.5599589702631147 1.3089700276583816
1.8703195793291216 0.9073588556069292
3.5143905860720377 1.648386597896593
2.1263901773752654 1.099149727629112
1.8339126034625275 0.2369048675024542
1.6228265517466909 0.27798824869130445
1.8047552900020485 0.3733239391339673
3.0489989728040663 1.3844266449456488
1.9304298407381562 0.929048966859243
2.8184825050985696 1.3688861892211126
3.892050205701568 2.1903879500800487
1.8474922114887504 0.9017315798328895
1.879580287362878 0.7451344403221155
3.0606853720637712 1.412476468473538
