14819.050046252782 1.5604303219263165
0.221716044648142 0.5899312776035508
0.16728332356979633 0.39178679716468373
0.14425681238996949 0.3167524646316952
0.1298274774320219 0.21870503285349374
0.14425697306633825 0.14673492444273406
82.23507308105798 0.07849384323837133
0.4899703640729569 1.0598723536753933
0.48332807096864083 0.7829985115596625
0.6318889804991199 1.1097739625332668
0.7634655158530581 0.7450838288333832
0.19563737630228384 0.17522853007398437
0.2544699937266195 0.11509971513597152
0.5183826006548758 1.1321032659151622
0.6414174497700214 1.0623163640708284
0.6398277807417675 1.1263556541844544
1.1237015848360574 1.0000655804062188
1.1076175113939148 1.114891666618016
0.5380757003591091 1.2276133955151634
0.48476354232404295 1.09854533038805
0.8483143655979556 1.0875853079709232
0.6019189968360245 1.2694307700290346
0.9525460082042736 1.6377363037917712
0.527103774022402 1.0778593004249175
0.641119388454259 1.0808019257429247
1.252434782122906 1.0672996345276253
0.629066980202639 1.1885779163801442
1.7389908792484197 1.571384740918135
0.8202568090297278 1.0869672961578318
1.1313734639829274 1.0358728358046236
1.1488685736629998 1.3076831302251561
0.26761694578595524 0.5949524832354918
0.26744953535170646 0.5152734560308433
0.23904970853540272 0.28651237313016203
0.9371850804766897 0.8488828936777384
0.31159214614505504 0.6878477436989523
0.2311186184973246 0.4006199641557804
0.16794486991358687 0.24316489116072257
0.25754169149056105 0.15948946514178858
0.8457306545174634 0.9792618547315864
0.7815295774652684 0.8290551261101402
1.367132135060002 0.8633509260087342
1.979273133985112 0.992966430205581
0.3862239115187034 0.8578925178077381
0.21911062039141843 0.1822497801972922
0.24769039605832277 0.10343221924653068
1.806290138746053 1.5128083241851036
0.8625726195738218 0.8681255474287265
1.0848814197197014 1.0059599463178575
0.9953405268913068 1.0471867221344149
1.0191838209286868 1.017984170104151
0.22038467862273603 0.5139016916354862
0.27525378230033465 0.41647085227443237
0.21943191370461163 0.23559129007145868
1.7929925439929266 1.0961406528657502
0.38446996421122703 0.521011657165117
0.2810103679051128 0.3625114994533841
0.25337416266609475 0.16644869793980602
0.2710813373408104 0.10464125579571784
0.4243170385086444 0.43895723168648837
1.1332208229517713 0.5991272978666626
0.3537571278478161 0.4637816754468447
0.39598444835775615 0.46865126742208524
0.23228404744575518 0.17757544044714502
0.32247472241019903 0.11299817760499364
0.7823001461765162 0.7009283710116612
0.15706965589659172 0.3192958413616785
0.18901454988873384 0.2734390459872341
0.35987699889898594 0.15050482214348676
0.22803742847872382 0.30681083082361127
0.22412801582032843 0.19241673683928012
0.27254588281062303 0.10961544822450775
0.5405242216689787 0.33781253500681935
0.3449420346563744 0.4566072851276574
0.9964927205493983 0.6369717070133549
0.15295060753706619 0.2285449733428036
0.20997991207572386 0.19029955307414032
0.31375621841082246 0.11043864062747541
0.26125920948175985 0.16860914519250741
0.5591685065254098 0.3923804786100797
1.1499747653009451 0.2727393359565453
0.18271465770116635 0.1493085975867528
0.3199633555109372 0.11252598925201898
0.3801821758796694 0.09299756838145719
0.8014593365557361 0.07831485084995302
0.4891698679931245 1.168466255002993
0.4890053190837375 1.1077490248752124
0.6427597089302562 1.078056734802805
1.3234506793077128 1.0848206547825494
0.6427127153010759 1.2395384434183776
0.5893511354504943 0.9591609816622919
1.6626677598178876 0.8339663065108784
0.8718014526013673 1.5765023696406868
1.304729744272663 1.7816967932008019
1.0595425732029327 1.0590050571956646
1.7001480693126259 2.07861234265465
1.0235249207715056 1.779766963607449
0.6103393125429454 0.847700214856858
0.5191539193072457 0.6808786090665119
0.8318278935140986 0.9023593482536119
1.4235077081217713 1.7561116090368811
0.49139184234461214 0.8696915891010648
0.7956494206917353 0.7343496305225692
0.7820766511147463 0.40889988379055253
1.0552544280981362 0.8852409932438206
0.5532586649893527 0.5516629915263016
0.5677927141370311 0.33272278643919706
0.4673787009987123 1.0803059030392388
0.5553688973633053 1.078931704711235
0.9148342756017507 1.1073530396078832
1.8424778333420728 1.095036823217273
0.6819559611421124 1.1717445095426913
1.3181523190137785 1.4685541394903092
0.9420536852145285 1.327757221838735
1.6491451769590564 1.6400700592361617
0.5693671025139899 1.0537831429917044
1.4394740778653325 1.1513380109812943
0.9950044048632407 0.8974633097507212
1.35285391724396 0.8474382813195728
0.6539052450257559 1.1135773939533316
1.0615253312332 1.0803568347642214
2.0656567387652123 1.0822869104338337
1.0473081574718153 1.150311197370896
1.313310930646816 1.2100451041316345
1.05474051441352 1.0776536876703158
1.0374749821441251 1.1493706117570135
14861.450302195926 1.548271372947276
0.3446144387526563 0.5866324300050106
0.16765303875555243 0.3908538868423947
0.14921564862323963 0.3122511278897911
0.14658671868610257 0.21595960286922938
0.14747194792823204 0.14897750298597823
89.84695851414597 0.07853316779809588
0.4997820317084709 0.9906073235043988
0.5459272245449082 0.989183186499454
0.6356937793561017 1.1218613479775084
0.8130294820961363 0.9384563443820069
0.19673357108449688 0.1623421326901998
0.2545580712847969 0.11544614242176603
0.5983911635224348 1.086071347053408
0.6577248859124596 1.0576894112511925
0.6726457703370718 1.105513078457533
1.200796011544416 1.103566933554115
0.5596330231164339 1.2522770874077125
0.4863949312499987 1.0916076663733316
0.6069616520654343 1.2627228262172643
1.4765630776592333 2.5583356863441225
0.544093680440332 1.078210777263173
0.6552022864628194 1.0790838293354472
0.7297971787007971 1.1073236535427275
1.8026115725995053 1.5678861297964766
0.89745311518513 1.0781330188333778
1.2937368278451604 1.1700179498158694
0.2849939835355862 0.5356393884145221
0.23912760004924422 0.2932220238460868
0.335121899574684 0.6371993615564897
0.2682473728951079 0.36600009241144993
0.16983636750627662 0.2433286258414139
0.25791519305741717 0.15982570098535925
0.9304770480271534 0.9311485238889642
0.3882725484414248 0.8603832715647057
0.21925117361018262 0.18200595520769558
0.2481038945652801 0.1117692302568048
1.1104403779698988 1.013616971715825
1.0085881070489195 1.0476568321619788
1.5443106987072688 0.9689515425614161
0.2949870354132673 0.52191701381582
0.2755046860684198 0.43361976021199433
0.22210136191801996 0.23934426752007382
2.2528318311752855 1.0646244002979934
0.4813405143718109 0.5961614775027275
0.32676955618382086 0.3600398432568491
0.2571983008156318 0.16678868515838016
0.27112407411246287 0.10470379080758827
0.45260235061087517 0.391266110928556
0.3986137932113007 0.690246011589843
0.399099706817007 0.4549196189230149
0.232504444907072 0.1775621127615573
0.3228013808041976 0.11343345713923958
0.8067132299012203 0.7080578820714714
0.2498828556167067 0.3862648798763097
0.18954970313888514 0.2733127718821392
0.5865317625845738 0.330623200220182
0.23445432333826444 0.32670885450242737
0.25476856203008674 0.1599604437069559
0.27386274272445665 0.10846358821187344
1.1779456253081837 0.5578473670739676
0.3484324770868718 0.4976499111851561
0.9981294667423389 0.6407795438551561
0.16153152424536676 0.24239296119926848
0.21018965219077337 0.1905356259539251
0.3150049402973002 0.11030567684839906
0.2614360827457439 0.16910861555900392
0.893469725057652 0.44391355236832447
1.1544344375001543 0.2726365963054399
0.19594543952943275 0.14742668623218536
0.32314980292486584 0.11347675602893925
0.3802182718010114 0.13086972047659753
11.284477881295404 0.07831484773549946
0.49019080381528557 1.1685217537452506
0.5071242622252987 1.1079514324515038
0.6456650869543741 1.078769301812647
1.4116937154701188 1.2273853516548363
0.642755053614626 1.2395222870071356
0.6030643059963436 0.9778203318827022
0.8781307506627783 1.5709480727478513
1.3635113336011186 1.6407572535044885
1.7017414927332646 2.081579081665108
1.0261518866686985 1.7840907141407731
0.7144075149740676 0.9814909976757933
0.5191919989653069 0.6808781002364807
1.0291418013676632 0.8766425234953372
1.5037784912879641 1.6811711457926128
0.5086432019090696 0.8695626326563617
0.9365610356145894 0.9000440172181156
1.7957348645449347 0.7125875489199961
0.7908907568001022 0.7504721156515838
0.6693400837042746 0.3847536020877611
0.473485525453546 1.1109163947753284
0.6469889422592695 1.0268843800176521
0.9850878095910783 1.101871149351958
1.8892334122883379 1.1027468837843206
0.6858970066282745 1.1775238325365467
1.3672232785817353 1.4733675792770193
0.9670973743970067 1.457456352296175
0.9643850175960855 1.0796764714217317
1.264185084552596 1.031636426598869
0.6696832918419442 1.084516618832896
1.1575314087251591 1.0788957290635748
2.1197372939386883 1.137892186363854
1.1446357224179342 1.1477513078627135
2.1679952487428893 1.4754820355238363
1.0848813145225946 1.0752952200517174
1.0853723919182825 1.151115538597209
15216.7723330156 1.5814423868229222
0.3727636662319622 0.6670948716725953
0.16796420991074001 0.3902357732272994
0.14976571981500866 0.27642661822178227
0.1484429061618573 0.21670005789045166
0.15091262126315344 0.15077004194262478
90.2186665830422 0.0785215827454726
0.5023144849723575 0.9306361987534273
0.6257354323084867 0.9973453266138133
0.6367037739345737 1.1225895599812326
0.9816906227529218 1.0224878289834098
0.2144528097940019 0.18365889796496945
0.26299452313665517 0.08311473583363854
0.6563868165182662 0.8640284438624858
0.6644022243639308 1.0364458277744026
0.6820481130952966 1.1904001611649786
0.5674800894472025 1.105116087330911
0.5692864395490351 1.0297476789478335
0.6284967855341577 1.23863310894512
1.535825560147054 1.5979141547262534
0.6078128355518355 1.075769619690259
0.6975827163618986 1.077415043034331
0.8968215343789672 1.117577337160445
1.0475803204611285 1.1062628725136208
0.3270660548175838 0.5826764710257359
0.23918987330412977 0.2945486898439517
0.34547157705010156 0.6277186535131718
0.28233392081320996 0.4765743265806419
0.16997110811672003 0.2418760500434351
0.25798391469692367 0.15695058256453076
1.7645800559344813 0.9934310906532271
0.39401746446853275 0.8651879481418847
0.22683427255820227 0.16047324764903448
0.25483773712723473 0.11003086473756685
1.2060858988077574 1.107069041809794
0.30349053591211694 0.5164551595673242
0.49810494682248607 0.5901593218051941
0.22490928261143942 0.23759929232858734
0.48848273290141 0.5664889817160726
0.4105208088914137 0.37619037883645795
0.2589428664332058 0.17507934570034228
0.27468457343908315 0.10414740828505265
0.45482606266050923 0.590738709107542
0.40531097863047794 0.6898723566508185
0.4171314979943616 0.4526686400163072
0.23721048883999382 0.18703187684258343
0.32300400551660113 0.11360187342739625
0.2564191564137308 0.3893326270519307
0.18976248015410763 0.273267148029189
0.6526227261642001 0.3855349343133844
0.23693356089395473 0.3071360643840237
0.2606047167341622 0.16427010051906787
0.27821844942449747 0.10772773113164408
1.1923372834854056 0.5669047229630835
0.4046552876933383 0.448669242660239
0.1919382071981487 0.24789376312775452
0.21450552259032363 0.1536361690181736
0.31835381425351383 0.10253268760838391
0.2614360827457439 0.16910861555900392
0.9096084750653611 0.32480330741986285
0.19624916369875794 0.14714478770680298
0.3252477520679298 0.11874964375483787
0.3803997720769404 0.09291751957638558
59.788116684246525 0.07846122704166336
0.4971922768059424 1.2025840554013505
0.5306312840723465 1.1084928445143682
0.785962477187449 1.2214640354240502
1.6884553737034973 1.0829201751730646
0.6464562804681745 1.24638075414093
0.6141195259178777 0.9559355466380393
0.8933803435408725 1.5416869674621811
1.6423636704820679 1.9673040411134703
0.8443742943740273 1.2176859680341243
0.5879652178220627 0.6724050841405507
0.5332776732543523 0.851306125394947
1.0372361962302084 0.9073805205311154
1.0212821781938026 0.7960841076279953
0.7142033364457572 0.3781163079818594
0.4998452695857062 1.0803106360481785
0.6624468476836045 1.0783776662802713
1.0118820713168175 1.1019354261233547
0.6970231776386482 1.1505728667411748
1.398534204959131 1.5177938032488147
0.9677336729746316 1.4426416979726113
1.1561686110538285 1.124694252705119
0.6805688259675085 1.0845057647372895
1.1807105795201 1.1831014065512955
1.2560755062444273 1.065837625338418
1.156267573063625 1.0910911586324865
15657.865904703676 1.4946668311746607
0.3728544910836155 0.6634093685086206
0.18638552224998498 0.35584817211225284
0.160886829922385 0.31777872319788647
0.15810462430391314 0.2359269298458757
0.15266698861640188 0.14919531087631943
110.39730485822163 0.07858558599095683
0.511782506133572 0.9993248093426269
0.6284301165599102 0.9038952032441964
0.764168018335198 1.0914077858567994
1.0203507634433537 1.1137922907544775
0.22140228664821737 0.16755535508096925
0.2629958448957271 0.08315544474710207
0.6668718111342393 1.09419624518764
0.6657754713778519 0.9687454925108996
0.6909477576234774 1.1443249387483618
0.6089382693988878 1.2674155213558245
0.5862402485541065 1.1091253917249073
0.7529409097127558 1.2953709726957703
1.7227150043880175 2.4617775785512603
0.621766430309737 1.0771002127220763
0.873805588159339 1.0729884727597423
0.9039980526076619 1.122358065644383
0.4330269781874444 0.5435883549524352
0.23938710366684948 0.29007157446591403
0.35506446627249466 0.6251166582632792
0.29654824110046063 0.4000899481313446
0.17473253875618053 0.27797896930644206
0.462536071898092 0.7295629682807618
0.22888185355682225 0.15123021460416602
0.25596688311817406 0.10371256977756799
0.4399604201718861 0.6354442086731918
0.22533123549563402 0.23775921292001384
0.275104215974173 0.10535326333517936
0.48191440677577474 0.39119768391190846
0.46001343154189483 0.6566597290722926
0.4234321260389104 0.4468826431526489
0.25840532518935455 0.15413444759213696
0.3242174097052668 0.11446010323040223
0.2571409247600014 0.3893458957701589
0.1929868559790472 0.24164981395761784
0.7076405946482816 0.3488234829210122
0.2384848263138212 0.3264539113662325
0.27705012359414605 0.1519704454424705
0.27828121111376564 0.10841164888286589
1.1973539004882694 0.5672255150097079
0.4394780901899377 0.46727226955101997
0.1919485200746721 0.25745368895162407
0.3147145199421112 0.17452339220745183
0.31902371007096686 0.10437061649560853
0.2779493443816403 0.22825371736133165
0.9982164313884118 0.3326264928635
0.2013962140733821 0.1441925057638172
0.32877139337547706 0.12182432761605867
0.3835810363415425 0.09236440171249725
64.64998853030652 0.0784727562706981
0.5073992213635605 1.2003161915169487
0.5676481456622552 1.109279165963766
0.6657694473561702 1.2664397681831951
0.6217869083384604 0.9678907093332141
0.9019457595084417 1.5481404599450768
0.5990818213221567 0.8368452541629062
0.591480710193751 0.845161031010375
0.8499282652946165 0.3712386013441988
0.5164768208790821 1.079633637584005
0.6702695627740708 1.0684491282921513
1.16060444697522 1.101488726762795
0.7348438368976785 1.135836141738544
0.9993239532121324 1.442170542785428
0.769652336031454 1.0825798802218218
1.2958503626979097 1.2058653930740335
1.334259816005856 1.0620328731253803
1.19062466100105 1.0978418530062115
0.5269067093801421 0.8390583687996824
0.6676249131706786 1.0588524347185626
1.2275378529758911 1.079912106000031
0.2798018970279615 0.11539806167061953
0.24271682517250917 0.2947041399025889
0.3410471624286921 0.2147137432766102
0.2158268948589343 0.40312283173801094
0.7120198511094076 1.0950147380929511
0.17811813374713648 0.23279682651004485
0.45865332554544863 0.7883515239894163
1.301944588738177 1.128991133256472
0.5083174576955349 1.164724522320833
0.22643781397228668 0.22958691869853465
0.1812389109574666 0.19566500828897804
0.33535292683205875 0.148627836544922
1.5589626208006386 0.5051448205429163
0.1626980217810168 0.14673483204140636
0.9686877360864977 1.1957080449477908
0.19530047470150952 0.2698957813159968
0.2629958903899162 0.08510015185480793
0.24070206885745127 0.2947116701609154
0.530874460161463 0.6132425113487444
0.3448094378788409 0.1277284544645351
0.21993767569838713 0.14402931646244907
0.6024333951611304 0.8493722784664592
0.19407514493895686 0.24884259659299654
0.6953649167118982 1.0680472820855351
0.6358080937628557 0.9683297497310804
0.9208007125091263 0.4096421303366218
0.7436900026882889 1.2289940198638283
0.6072834007160908 0.6248743233381362
0.5748247848379578 1.1380708239175021
0.3202399434449217 0.1043276660449094
0.6334922027271266 0.8352137769358513
0.6879332641655673 1.0769721588081067
0.4073750440644619 1.046304839478006
0.25853935442674525 0.15409959041178606
1.0710336482686633 1.1216047491595587
0.23133913338821055 0.1650435589424653
0.7575081611252432 1.016646924162263
0.7946434058372697 0.4084812714152243
0.9305976274657235 1.153054425521395
1.3840107742943775 1.0633061598976616
0.7182854974876682 0.8240216714190968
0.27926024383097614 0.10697622815715932
0.5165017853858608 0.3980750834493622
0.6671574721336386 1.2231801545825118
0.6117621226917427 0.8475992740912947
1.1147621134866361 1.325420136447139
0.7924859244822877 1.1625285212009175
0.6195283445488209 1.0928517819613197
0.7932335780099464 1.1277366891255756
1.751130587953084 1.598791332444737
15663.71524514764 1.491626857967946
0.7642174163549628 1.1370915217082436
0.24621132912927263 0.20265621434933434
0.3483766282523795 0.45760847508043734
65.93203331905826 0.07847241559944367
0.5344454627399698 0.992362599516553
0.35712361342927884 0.11833185340445379
0.32258300770431997 0.4230100025178974
0.92824078494808 1.5664957069736496
1.3088090655943971 1.2211701338739296
0.38372636192087217 0.09284281427213631
0.8490963375327567 0.4382420319963603
0.6551537695768743 1.109887869278011
