1.5206321975076462 4.072778707980638
0.7176609110483902 3.128525866713338
0.5770920793668661 2.0308073914002716
0.6624581135725618 1.4668039975835145
2506.452822593828 0.9057174020117797
0.893099578887109 3.9384918187631386
0.638147971021593 2.2646680032880324
0.635666173758781 1.552096881198095
1.0085963439141634 0.9400179747723998
1.1527236183138967 5.311852474455941
1.1584277278882609 4.01956465493123
0.7111449932243267 2.630947233600722
0.626154949216339 1.6050139799542353
1.029761145021104 0.947636220563644
0.7209980983627661 3.106964861442785
0.6777393982141632 2.1991230592984996
0.6368424928346068 1.6254718443597207
1.023092133248051 0.9563115903859362
0.6017760537662736 2.0533749171744318
0.6609418344420942 1.5703514657226079
1.0482831342764778 0.9904781855967646
0.7028667596622784 1.4885124190045984
1.0453030368254033 0.9768689145358739
25215.230296080383 0.9993623713185391
1.2303694115713033 3.133772729198276
0.6741632319971737 2.2312493319626174
0.6377048837026646 1.548475948375073
1.0058559056221141 0.9489179144180717
1.846864852630465 5.06827396986567
1.2583822892817547 4.07325341992804
0.7211132254904148 2.805527464478815
1.4184267174296248 2.158544389588372
0.8793871798088112 3.9183748576012416
0.7575808563469774 2.880066314824042
1.436376794973416 2.1985708636328267
0.8012394677787263 2.6935818805361533
1.12928888759594 2.2159732530770246
1.193995799630946 5.162954124953284
0.905912898633512 3.9446365646430124
0.7161403865832213 2.5635039513858415
0.6394554431903126 1.6184539428607534
1.0117195286916476 0.9348786773071831
0.8815215638534262 3.8261397480109913
0.7133098171346826 2.8003525030790004
0.7500978352601095 2.7754450256714516
1.1755055046249325 2.2102233083408893
1.6260478755439225 2.531705192200851
0.7110255603335972 3.114419187124735
0.6641728639100068 2.234194206997618
0.6303886139599032 1.6063050526770066
1.0156111220706305 0.9379163119559346
1.1277662003914122 2.566346120973443
1.5865080169592094 2.2516622183683386
1.8385692163677771 2.362977626459184
0.5945179792367389 2.017738868014011
0.6631883087000955 1.5781530269364326
1.0232758193290394 0.9415238288645214
0.7112974743981791 1.4995335535310552
1.0450086369323688 0.9369383776942561
25469.75965152972 0.9963324009504683
0.8522468898494406 3.87782870749697
0.7277909455419015 2.569448417258482
1.0983628221352686 1.9650264231111016
1.2656710817664267 4.037026986774851
0.7324088684767693 2.8320097042063113
0.9262686056673619 2.0519191852893943
0.9024240135694177 3.842996396068507
0.7094384840515694 2.825744193583498
0.94601766535874 2.099568163872288
0.7216279249726403 2.556569095837638
1.045405046935726 2.0740213565759698
0.9990346304068098 1.9267994197282072
1.2673200153225663 4.057835029524781
0.7281561266142877 2.8164448583424244
1.0937003399719556 2.1513542076820187
1.257883444865418 4.038724240555446
1.0703644348327352 3.5744343180077878
1.2875415554534797 3.4620877078414085
1.9767523649608072 2.9568160887170225
0.8772706486895958 3.847562678058137
0.7415118281566333 2.7996412847567904
0.9859790485865735 2.1454213583358737
0.9980748338505232 3.441854895250308
0.7291293351737742 2.5767902212205662
0.924644809960073 2.0471274804590385
1.0007422688959202 1.9340327338212513
0.8546863175198025 3.8572903706641912
0.7210664964190049 2.701266027081233
0.9567160379357249 2.0091198352058672
0.8561759124649435 3.9063845368193
0.7387531677587367 2.842349617098806
0.9898542966874367 2.116123580870391
0.7240323587425839 2.6640124255038558
0.9073753889030208 2.096662122860084
0.9497267485108798 2.005867000977518
0.9005516776894601 3.9718822410376253
0.700664039927952 2.78068293098391
0.9295554735284092 2.1239882343207945
0.9304614719836588 3.4096526678002608
0.6959476207404118 2.6622270216361494
1.0601124914185025 2.227779522724804
0.9612718236260401 1.994679034340649
0.7309171606289799 3.067347419036704
0.8021228250842521 2.5871027575620458
1.4237616805895696 2.2705691301779414
0.8584638562819829 2.5155595493591214
1.3609209568878216 2.2235068097271506
1.0258292065594887 2.027022137265221
0.7369824341974957 2.5761587786239977
1.0409280938187706 2.134107381458188
1.225812397006307 2.208085039910581
0.6168274423766927 1.9593812426716715
1.0670103508777247 1.959729691597458
1.243450279213635 2.1219768107837123
1.0672125766951237 1.981423092517962
0.6608035183127017 1.4537916108676912
191.16819068073332 0.8961672585942356
0.8612124914360514 3.9154594855821268
0.6054251637090022 2.297366519935946
0.6321533163672923 1.5500052204079238
1.0033742723903212 0.914425011488617
1.8387095554209134 5.077504595535388
1.3482068662925972 3.8026870170768596
0.7157971510112815 2.8541439033879676
0.6131355042903383 1.6564667450187043
1.0186044393989933 0.9678159473331722
0.8512663128412519 3.898919080075515
0.7000152654432961 2.788334021933698
0.6017177520021812 1.7133600545688517
1.0306171508073103 0.9821533755760721
0.6298635399826653 2.324338225030827
0.6194507016082212 1.6684676897728807
1.0331678382390717 0.941095173298552
0.6928327719729026 1.5995374135815572
1.0682749354096657 1.0202692602000645
1.1172438566483414 1.0593891733512033
1.8465111342395273 5.035371475877755
1.30317823538572 3.9919803076233906
0.6790804757384605 2.7311407825850935
0.6147066231617454 1.6420470015550697
1.003739426885106 0.9463181323769461
1.0283681311125097 4.72664148202921
0.7433181963207549 3.072923933202806
1.639137687637053 2.3135425169462382
0.8025289326083245 2.8542686582475847
0.8659795757259151 3.8449507162028618
0.6965471413801592 2.7691570400801218
0.5975625391375583 1.715126743125936
1.0126292184205568 0.9384277368891549
0.7443568605639386 2.855202501764576
0.6090182746557983 2.3044832367437222
0.6205701404486493 1.6736356434066104
1.0208022108088226 0.9646068380798851
0.6806205797565835 1.5912329319011034
1.03912079746747 0.9421196824129583
1.113463303724499 1.0339098780601894
1.2566784337324117 4.056395183373196
0.7440116219656875 2.8386400163156993
1.2902776959823719 2.3363750638881813
1.2453653974729557 4.065235011518968
0.7421804031426249 3.093804717260202
1.4355905079733837 2.393174858930738
0.7152591045796908 2.8108873828219783
1.5539120703934821 2.699991649218905
0.9803363294141464 2.100111583423809
1.2425467393708183 4.11376999013321
0.780411306484544 3.045904783973671
1.0396920984557219 3.6687771791323094
0.7126898776900548 2.7734899593100835
0.9209621405949886 2.0546648649407473
0.8727354451351101 3.8689711581640087
0.7079465653729946 2.8359316166159267
1.379501330948909 2.347464572266648
0.6957681349370254 2.797566096127381
1.3184260103537746 2.497881324390369
0.94243484103565 2.1076161245672873
0.6998385601315134 2.8023754323221075
1.3377478321320757 2.5183126901147515
0.9710444256388601 2.0710520812127298
0.6003445408666072 2.289762304269664
1.449975228397681 2.28196552876477
1.4450215647743367 2.056614604515708
0.6310589424284342 1.5376553437362683
0.9912971677966455 0.9240592453331107
1.2114535719926054 4.980064488692724
0.9012732926960532 3.8502926909488435
0.6360804646860628 2.444313694580925
0.6539306231677299 1.6305612307094712
1.0115879302383868 0.9838448283173662
0.8853611907441759 3.9560054313704587
0.7269256624465322 2.8371473489828407
0.5928482428366866 1.7097062428326175
1.009098417642334 0.938000894556723
0.6239737880049109 2.4766605556707075
0.5993104353188194 1.7195988748398015
1.0207466194824317 1.0072187211901935
0.6536330720127429 1.6516862780311934
1.0355347363640313 0.9957100299082567
1.1071971112003829 1.0309076142735567
0.8457848876598122 3.876457877728989
0.6769408181400084 2.686557782606863
0.6054609513733737 1.7054807662798697
1.0074748915899974 0.9619914479490801
0.7555865252409442 2.804866183773002
1.5286301130216087 2.5212036230700905
0.6288933353780304 2.4777412338006597
0.6148974028450568 1.735371562668302
1.0185836370716843 0.9651989595739034
0.6711499294836052 1.6672501785745861
1.0326649896899687 0.9616448366621773
1.1107468448452622 1.0347693686724384
0.8973686990764708 3.831227224181296
0.7351416985505368 2.794767343474929
1.5007392824362724 2.3297845629105582
0.6986679542778846 2.817268535775182
1.6215948606189818 2.4321498961460373
1.0360157963746877 2.1030938476667136
0.6951517051100861 2.7965182222093565
1.5872269570310518 2.6247495725844523
1.3009767170525346 2.2928811697551135
0.6728762025415418 2.400906963840156
1.5926428220959505 2.5448029679710507
1.2247249327061696 2.207381582371317
0.6124476270399105 1.6016807110159694
0.9955910552389907 0.9366679720569401
0.707939104700136 3.1057543210569447
0.6268823506884512 2.3077478404069542
0.6130138785146465 1.6136749202083207
1.0031369652650823 0.9200629584136004
0.5996554111252008 2.29721041480661
0.5962426820708355 1.649008461371615
1.0054618395393007 0.9716656947885709
0.6480120109376668 1.637940071769849
1.0166219369728693 0.9466535964572649
1.1009611361626568 1.0555787426904126
0.6006609058553655 2.2982870267424147
0.6037836799203821 1.662303578711062
1.0177246166108769 0.9885464327143192
0.6403868638747099 1.6421115149670054
1.0239972562452408 0.9650022272771182
1.106254817353085 1.0333093748153568
0.6122144072678848 2.2945591678187913
1.3673006376690902 2.0213290604383207
0.6087242666217627 1.611067836754844
0.991828502887968 0.924245420027398
0.579044755479511 2.010445017848652
0.6395337228726663 1.5453404732038718
1.0066903985414937 0.9737070769236809
0.6797710941135763 1.5523071193860714
0.9948502026071812 0.9468979652394148
1.0849568128756673 1.0020389151868003
0.6590813361512423 1.5730978717345776
1.0134257876885902 0.9474224898711916
1.0939915766616821 1.0303095831103213
0.6295715912157936 1.5501475820083934
1.0107846309385868 0.9708960873462689
0.6631539366167518 1.4607825553854767
0.996611370674072 0.9598889433337943
1.0652134535260938 1.002532168743024
1.0896410737944457 1.0677071411277304
1.0011852825865888 0.9248533683656106
0.9931180160836609 0.8953273484018516
0.714730572655218 1.4425214665677328
0.7042889137924392 2.7802849721216862
0.8080258008661347 2.9370341173127454
0.8689552062110036 1.5639381703616846
1.045421630620935 0.9742844892019096
1.177896319506614 1.042781604878228
1.0365753962283004 0.997715223261126
1.4439830939023317 2.4334999225960807
1.055878405691051 2.036706029157765
0.6974883198576027 1.4502750076194824
0.9232671476270253 1.717391258397233
0.702981726103288 1.4928079253223172
0.9215557205476976 3.719628296866806
0.7400089610250161 1.7130010589011464
0.7840814472634668 2.6231840076586077
1.3334659113696812 2.823112287627577
1.4454451303604512 2.0565066116996205
1.0711854466610105 3.5723926685503775
0.7067829747271563 2.794031064740677
0.6132713061339562 1.6485910201882517
0.7332512463623126 3.1025913619157115
0.9152607533044291 3.956608735395502
0.6331810862608694 2.451508452435325
0.7340447023080862 2.5646242457136896
0.6422004205324598 1.6750020578269278
0.7333417035046417 2.013914563212644
0.7565488629621485 1.7082624162313131
1.513404182273915 4.068632842508652
1.596322070517369 2.2772475936677883
1.0291645565702323 0.9607071187279613
0.9031800114956318 3.8304885519894234
1.0222943392650286 0.9427641974284902
0.6397079248637222 1.5448452276497022
1.4721024309279205 2.220831807814935
1.0505559475575388 0.955925375268772
1.8610605179062607 4.9981027736559
0.8896088766174585 3.927144356334614
1.103743351138718 2.579091286556593
0.789387355474998 2.752558518537591
0.8554111873204764 3.852853742850471
0.9830099492292212 2.229368589235178
1.2411755078090463 3.126474283952374
0.9284214050161381 3.8507026083105043
1.53683932785453 2.049390697253096
0.6616280198302493 1.6543192499761932
0.8462138456210624 2.7358355410413897
27022.21562582562 0.9023213757514535
0.7749044567348472 2.7580404439930044
0.7427041516132173 3.056810448478034
0.8548544028562673 1.5712098690894334
1.0035084053879069 0.9741080630920612
1.1444888083890363 1.0688239811250262
0.9924796042628858 1.887140748997211
0.647234312173691 1.6356286613653785
1.2138857918833599 2.6799730965538684
1.34279320474459 2.5184047327864905
0.7854661999028648 2.8177153260480203
1.4205470163940492 1.2690029941604333
0.9410447512917797 2.0277607046996824
0.7047291760779038 2.7974951083099002
0.7728554102975492 2.8964992694386362
0.8346172023516878 2.6365439291412365
0.885398202498413 3.8225042225771677
1.5077158320599622 2.3342918653077707
0.6388707639680056 1.5515701404606688
1.0535274560507453 0.9651335860390536
0.7880020568397615 1.5618747455173632
1.3593888455931031 2.9804925463835295
0.8601882825373071 1.604383219838732
1.2690849422012345 3.027574083734736
1.7318080325129834 2.109726495734182
0.9165900959009537 3.93379835703495
1.7238273941839481 2.53742039958725
0.725205189006657 1.6258552512792983
1.1030673744364334 1.9581667693471745
1.085965171056086 2.795801244703786
0.6702926390674608 2.233856958914495
47624.86391543461 1.0981147489084426
1.4310805301697807 3.6383747184129716
1.001308834291569 0.9358535192339514
1.2093430336154225 2.006084462755906
1.034374805260452 1.000963434302776
1.0240379098354861 0.9409509156588054
0.8757232875448114 2.4750055336794
1.3794450912042175 2.227564700114557
0.9590467842868194 2.0071496527848955
0.7916522650361728 1.856253724124033
0.6023977404655151 1.6978531480182286
0.6835063170971731 1.5888076903111683
1.162607096882925 1.1686540695835697
0.6861104174354022 2.671941125242883
1.1643681075324688 1.5463583798121256
0.7449026891252798 3.0645893976955385
1.226038511511931 1.9853414517752441
0.7434405989577065 3.092629905051056
0.7161980391884124 2.196355640021796
0.7217742701614329 2.5723522820298546
1.0230506461063238 0.9965290311098051
1.0126024970899505 0.9623260803207251
1.1111945878007328 1.0278386719723795
1.1270224777405367 2.1105703531902664
1.349311363620535 2.305876342778604
1.633515386617781 4.0367905075680675
0.6847909819685073 1.5944770872257201
1.4809656007039769 1.3757729306959108
0.6301089090242217 1.6845959002060362
1.026711932131578 0.9628222140359017
38358.59450863056 1.0600136402996332
0.6653680504200892 1.5779658703075412
0.8867958718578247 3.9531901005788326
1.1295089505977771 1.0561443566960502
0.6703038527311433 1.6713119680175992
0.7676936526504408 3.0894307452203718
1.7979368311203903 3.943360541627241
0.8086474958893904 2.8273756373444976
1.0155158080336626 3.46670171349796
1.0005287560174025 0.9564324146486433
7933.923670792375 0.9303633349092302
0.944366578600326 1.821461599023584
1.036881654941516 0.9326700860940098
0.7402069679001404 2.771192539678628
1.029940953403669 0.9724266415869841
0.9860240968845864 3.885338502328991
1.4337362004913707 2.11045040460866
0.6944737640814638 1.6120895708021958
0.7144687945612624 2.814628987990808
0.7819289200439532 3.0490977061219073
1.141363211045869 2.6762017202554995
0.8708687049308887 3.82807695516854
1.0431480313152717 1.963953258201177
1.3040248624356905 1.3141432854788517
1.1317119281068473 1.531899378278247
0.6320900799826571 2.4774823813403986
0.8223436720909456 2.7716084654335824
1.0112056025607215 2.5521538728573994
1.1092831102845881 1.1053787707191756
0.9026160816552371 3.765850308529189
1.214735807507201 5.302361433357193
1.8574800525094943 2.2210171265162315
0.7609853342441781 2.5861399651887824
0.6476632002665237 1.5343054261946554
1.8750072678929572 5.000460151671366
0.8963285413966992 3.8099775753166067
0.7551980622022725 2.5706417010743476
0.7447673368615054 2.7834079233557096
1.3153404427478042 2.182943168461641
1.259538775662281 4.518146992155747
1.2526664714953335 4.0922278135455095
1.0056083763779537 1.9900175288358466
0.9100103845238262 1.592838928140602
1.0925588657104808 1.0809297133227094
0.6791996674472134 2.7299551563107127
1.0126605902803818 0.937603306669694
0.6485534095763847 2.3543738677296018
0.7483300899134653 2.080723470118213
0.7482317761594751 1.543408227800439
0.6899056723864022 1.6955283366185383
1.003629002978898 0.916322535977502
0.8829725113713296 2.9719728925394326
0.9305097682763899 2.081463428203176
0.9977290670588213 0.9604941184922569
1.0327912379851636 0.9784927450898626
0.7909963029217876 1.5455332521266796
2.0344677687385655 2.463109418290292
1.7354621041929144 1.9328049230512465
1.7068461611814527 2.374926335961921
1.3204431686988491 4.045038442451434
607.1920006992463 0.8980046105835918
0.8116432950093444 2.8863875925713884
1.2009476871418487 3.8580248071335075
0.6608721401739507 1.576666904404013
0.7289514990652237 2.8254501726889716
1.3086452095066528 3.9817077639851606
0.6539521552279263 1.5455538978091623
1.4627468933542194 2.534404729700638
1.2421217539232228 5.066225652108329
0.6996060442523514 2.1959932673916316
1.7498302213076764 2.457392295786061
0.6135867849555705 2.3026594540960144
1.4892583402002266 1.0129847369549176
2.029617614395348 2.964188223597007
1.8406742593885537 5.07215211077962
0.7275401658541374 2.788436031901071
0.7371931787227741 2.4321780512393465
1.3596119100074309 1.4453291022249455
0.7546841248003806 2.786135192076699
1.3748706430144582 0.9721010065360253
1.7344360394346505 2.236928012421706
1.0796868154239212 2.0254430083876533
1.6721552578620167 2.1299341941222734
1.0210998223359937 0.967705591286576
1.3124433162831504 2.354283681790861
1.026529196448014 2.6744758817854293
1.042010039743099 1.0072786412948478
1.3594968655911555 2.448794563474644
1.2886623499022178 3.99657993961906
1.1083949173756191 1.058169434862719
1.079169863746802 1.9724483690469148
0.605830542214541 2.3006842989795313
0.7115761720978765 3.1139141638129297
