19522.125803832023 1.334175877107974
0.15701741245932155 0.5004871747106421
0.16045367713139924 0.31670982836009404
0.13320985168185684 0.24665118401941938
0.14793604298860885 0.19144563629787198
0.14944901954780526 0.1695009385413413
100.91856784923716 0.0785885336109689
0.32734130115209326 0.7392821916138976
0.2569910225593249 0.47912767301012865
0.27916295393856805 0.44659123621728536
0.17597868353700302 0.22016273105972634
0.15493192547904203 0.16338542507977702
0.20224690226092995 0.10341743981434673
0.4379568495614919 1.0533935617880887
0.5056833737082677 0.865005651439473
0.5354881593117656 1.0167771485760708
0.8575937920321819 1.1196735215118792
0.4142827479981784 1.0663538201813751
0.5333402510219651 1.0803356582728716
0.5296661166575757 0.8297332012335532
0.19261722896946806 0.19723188666163055
0.18490731434632834 0.17330618602094688
0.5006853907807806 0.9186718387321178
0.7013406841469718 1.7289336672956774
1.4775233523794853 1.669039113856304
0.36763001002472856 1.0804477881324699
0.5261113275329681 0.9709811554056568
0.5094489682972075 1.2067681633919705
1.775121529170204 1.701705563053276
0.6293572648386778 1.0201357454174873
0.8371733609091048 1.0709344546101873
0.9454639822387533 1.3175199793853418
0.7671612901876805 1.0902074764292713
1.7189958522625282 1.06156896493799
0.12809850030847303 0.4256167744436594
0.18104488559614879 0.39870603070653987
0.5155344081999395 0.6008096873757083
0.24648199220013906 0.5523766563042481
0.289434921065135 0.3810890350674414
0.14956179913736684 0.22906992168275492
0.16922158201063517 0.17634584727433755
0.297786252215377 0.5515589714738488
0.672598676333628 0.8345442609394148
0.48252261820280945 0.7053508826926402
0.22113668624949792 0.5795131122094908
0.21023289117838434 0.3471217417510608
0.151035732397919 0.24704002985038243
0.18912358932643025 0.1699288611491438
0.2365590325014451 0.1133868717081487
0.4029733264167615 0.5885340082751098
0.37373294235387466 0.5932702570754294
0.7776543541171611 0.9368436703307383
0.5804103003413185 0.7871367419637871
1.1935963435727577 0.851914348537659
0.5731549594597266 0.8927132828051929
0.1593600597821767 0.446907259379305
0.1299524974853178 0.3143167112539339
0.20890347779719598 0.373642353630707
0.13505009961082792 0.32656741110535054
0.1578926526769463 0.1997218714616809
0.2128633862265277 0.11061137844674232
0.1881655889123583 0.3039781869626462
0.23958551035600328 0.45750882949847865
0.258046365114751 0.399450230078841
0.22334106694824013 0.11345104972885534
0.25464689594982626 0.3791790659048623
0.4287951268107412 0.6266596138675478
0.8162981195557484 0.6435374558583185
0.10035999385405543 0.24545332946640958
0.12502115013010545 0.1903589864610987
0.2924253763188151 0.274341939321752
0.09458693324024542 0.2102110221761656
0.12828758361347928 0.1694054912999794
0.17541367324996077 0.10340651050185093
0.20443374587755742 0.21555568472117154
0.15734580727371575 0.29377991612267296
0.46812598105326475 0.227659803236697
0.4042897758704496 0.30235191625420577
0.0853379252702336 0.17146094372875925
0.11232095394143342 0.14101878329047637
0.17015105964333105 0.12278665565790264
0.10542839744523479 0.1486591827771794
0.18012640993442364 0.11016888151643392
0.1689151950805244 0.15513682912430055
0.8986712211677603 0.25178043175025
0.10889195564315832 0.119924850070501
0.14684852620604041 0.11195162516218977
0.17047585446292507 0.1119114031889251
1.1004230764865235 0.21646178481300232
8.619833686347926 0.07829109120777802
0.482870877975376 1.2164983248154584
0.5067468042603204 0.880448251519508
0.4772243521501398 1.1145971802386079
0.6116590429403342 1.3715114958970527
0.5521723631495807 0.8106449190786602
0.5937940795241878 0.8587801600132916
0.8111288774858839 1.3942443648362164
0.2831958785763408 0.6161093624352496
0.37046114567294947 0.7080246092808018
0.18911991746822937 0.18789987217987295
0.5264125877011304 0.9280260438708119
0.1979234990076289 0.1802320796498728
0.17334210550700832 0.48253390100187854
0.4956639757452397 0.6289665766662298
0.5804176163895608 0.7567016232037607
0.7051928053386192 0.7602028998017141
0.216464425940775 0.3918652234193459
1.2647293127441115 0.5044005213219729
0.2678688834673367 0.25778490505216345
0.7648149737460952 0.2136985366855525
0.4016795378325373 1.1012267634850812
0.6570581244045484 1.0997652645640212
0.6513304853555165 1.0876520834162342
0.5746944221639576 1.3740779006809576
1.0102610879248375 1.1007237810200832
1.3191006551984588 0.8603094306925605
0.9453025896234082 1.3368799602636396
1.203976733404537 1.6507978478437517
0.41291532494890637 0.6301665625349762
0.6445783918341413 0.5484060667086785
0.5774782031985027 1.1452845048768243
0.8373498775393611 1.0852910818757042
1.812511513036096 1.0880988579919868
1.2522066792123203 1.1733339225466157
1.1906932770497651 1.392511557284893
0.8398259832040744 1.0869376968602626
1.6743855638134466 1.0994449919632518
22164.88497950104 1.4216919373676575
0.17292183097021907 0.4897757595598414
0.19307346122070682 0.4013683073667632
0.15099056761580987 0.24843088270455888
0.930517284892209 1.0762947713780728
0.15031989729732753 0.17003262992878687
101.64306859737955 0.07859090943183461
0.3279349485931241 0.7448034438613431
0.2569987293763443 0.4795215995774816
0.3019007720332843 0.6981197009580482
0.17647932605148353 0.2198472487002739
0.16898503371966866 0.18153063934195884
0.20344275816454918 0.11263152467959073
0.4482566601967729 1.2563491109898712
0.5624461849564792 1.0437853278271945
0.5388489759796249 1.0144055232050122
1.0174896088198986 1.175256681072773
0.42582528110743084 1.0719629982823955
0.5355967951863215 1.1172578383029146
0.5305765947583457 0.8316948330119296
0.3194064907837908 0.5296668555727482
0.18616042198960753 0.17263520712354774
0.6051689981251698 1.3025059359712068
0.8477777788353025 1.5767842873419644
1.5615283344561979 1.7954942966352399
0.4965773675136753 1.161173217414789
0.5615177893091289 0.9674721077998661
0.6405669757211947 0.9532006791355541
0.8664146657503786 1.066178185278393
0.993892872665388 1.1860074618979368
0.7741603264012726 1.0965448282515415
1.7190977912511651 1.0615054822857934
0.15541165416617972 0.45864077564574623
0.1864461772265657 0.40209961569016067
1.3123746157401448 0.9444225006319965
0.32943002195506427 0.7328857325385605
0.2901631134127447 0.3810708158090264
0.16069525601787898 0.21836050562443762
0.17555670657347106 0.17574688845993294
0.2997715883152956 0.5516261024414177
0.5242701994827674 0.5921240245376376
0.22575852648236905 0.5915104167008722
0.4900301906016086 0.674392279298778
0.151057416988305 0.2471218287258935
0.18983903879258388 0.17213698452853465
0.23659600989868468 0.11336804169798231
0.44226011511687513 0.8983849786514324
0.3749998459486984 0.590806296119949
0.6170406746214812 0.8518943400912261
0.16754379796562013 0.4481728464777
0.16414793619450513 0.311149512503168
0.13505573560913592 0.3346045234367785
0.3003468023160391 0.38008769232301
0.2139818820275052 0.11151277592185427
0.2097766257174355 0.327134848694438
0.225640845588807 0.11295438919563189
0.2639309246622429 0.38530000275059667
0.5246962609068309 0.5585603420557735
0.872591177788532 0.6321445721116821
0.10039748447020269 0.24545334853546386
0.13124400489157356 0.17351481630251703
0.5293391202771629 0.2740943050571296
0.09937135895054529 0.21639665499416957
0.12983301877425296 0.1710970084696394
0.17742617100521207 0.10800507780085607
0.2555024907443377 0.233784133363617
0.17810482506591896 0.29934811017813723
0.5469802628581195 0.3795111628213669
0.6126659006502786 0.32190390451852596
0.08635023487791452 0.18293582945592327
0.12971513418480998 0.12018101545040187
0.24101654364135539 0.11429134348746746
0.12014936156537587 0.15824394036850914
0.18162196572904477 0.11155634442469171
0.17094273126999757 0.17910710408264405
0.11370344908796742 0.1149870318250078
0.15196312242162463 0.10757770411162496
0.2062893624822974 0.11578951056474492
1.1160778844121053 0.23536838985879316
12.997655934302776 0.07832805947626577
0.4921953842015987 1.1941441549034661
0.5069105419631569 0.8802691727911696
0.6064186350456289 1.0851145287504673
0.6593812026422249 1.3108941726300962
0.5986600067904586 0.8397516996455872
0.28959165576399926 0.6366411919171867
0.3731725691060204 0.704875715773192
0.18040892134908318 0.48779611754307606
0.5288889646592362 0.6474299683330242
0.2716466621916029 0.4267502639733948
0.4975315055529689 0.41068410220661666
0.4556979690615906 1.0939329963955924
0.6651386672671709 1.1007868593260237
0.9149197451468054 1.0474369874088463
0.704150935467391 1.1454220202856522
1.039219894653765 1.2809489274219488
0.9496110824743138 1.4525559580126923
1.5118107002494463 1.575357164224064
0.459900385636893 0.7041448137944436
0.5971160459489021 1.1751684214513172
0.8379793753347988 1.0853381539475189
1.346963528918878 1.384411124853654
1.7827932105961921 1.418016687205099
0.9234917668167868 1.0849213819943924
22733.272976544173 1.4477892037506859
0.19439160230452762 0.5112260256164464
0.20744657721218115 0.43924652203423287
0.15354090973523787 0.24766615746009402
1.0769472285729271 1.2172270476188465
0.15103189726609473 0.17046941410677047
153.43897318127458 0.07875767473320683
0.3418005027391215 0.8174888192890701
0.2570315811571496 0.47907143493193105
0.5065302154961069 1.2022621628077323
0.185039171476642 0.24231125907977247
0.17347871740557075 0.1844101087868383
0.20361172532623178 0.10472070674164743
0.5315304667296996 1.407516844387664
0.563445469754323 0.9092619496787706
0.5478640584487933 1.0599000083112755
1.0558846004242495 1.0903335784134711
0.4323971263269887 0.9004822090120703
0.540461896618174 1.117129362538256
0.7194111671385213 1.1094293743019705
0.5826126182927691 0.7114099231472475
0.1874805634623235 0.17426020927979946
0.6646354054674068 1.2247560508125421
0.9353072706991108 1.5881992081053817
1.671955117268661 1.871273040416649
0.49825395618823765 0.9134795335644341
0.5622454112949906 0.9756370383702495
0.654141658733784 1.0319294447455298
0.8667666970840793 1.0661777955472416
0.7854004697575383 1.1387979067457783
0.17606959308836617 0.4055530470095172
0.18742351722777348 0.40208580480850314
0.3488941414002305 0.6816465037430406
0.3109680086137885 0.6347889482888682
0.16337293475287668 0.27134601605452235
0.20710010871535012 0.15374492123461694
0.6436930614964225 0.8099638697122213
0.5668309262518207 0.7150907210180109
0.22577254397660146 0.5747547287425654
0.49408712368864605 0.713920226927287
0.1511536034525704 0.2477048468829895
0.19105607501638772 0.1752697931083526
0.23715771664901455 0.11406759031724684
0.45838002163864666 0.8933266709910619
0.40885060425165887 0.7109975278686852
0.6170440632810644 0.8519211149592811
0.19548931359473884 0.3171605931083128
0.17873541513524435 0.37196820924907353
0.21401601390414754 0.11151182977207129
0.20979283885152578 0.28628169453145613
0.22787932290343338 0.11108866481479751
0.3164954473488692 0.46211234594720285
0.6465685198460365 0.6461005280867691
1.7620908304196605 0.6655672374901339
0.10041105612600225 0.24545460689749377
0.13158907574014522 0.17396233187150525
0.10878609997188714 0.2022594503233992
0.13456974889024792 0.16988577488298456
0.3143540623769211 0.2244878221565542
0.18245706192435446 0.22000396202480382
0.642593791004598 0.4054628202407684
0.08747209652036438 0.1721174834010759
0.13106386019284566 0.15543817465387244
0.32419851460728544 0.15653645142564915
0.2179476828145907 0.1451727239511951
0.1836579361996971 0.10962294592633277
0.1737402742627457 0.156166532090022
0.12169258457518256 0.11190003988464332
0.20370359776201796 0.09664126843209161
0.41732881792678345 0.11161692888587477
13.306612576615954 0.0783273996474381
0.5008919205541773 1.1948323593030539
0.548005330518546 1.1025308629719404
0.7278769749942915 1.3047227215005222
0.6253177544178553 0.8685994869960627
0.30131377059620135 0.536647393951865
0.20410964032613055 0.3624350683647405
0.5293370729996875 0.647218637617881
0.32485455130293384 0.3488854286006593
0.5965333465873788 0.37760678980087065
0.5010372196828676 1.1115623559525964
0.6998232103473568 1.0968557755424284
0.8773691944198817 1.229897680168095
0.4821297896087847 0.6298215660772624
0.6046098211180831 1.0777632392118583
1.1230748535180368 1.1259788781016644
0.9245221570999107 1.0864353656377619
24154.946621227984 2.360682341323754
0.19724539588971837 0.5047078728821761
0.4989792787226611 1.1789523523348282
0.16299504670711334 0.2444348597435962
0.15237574915015972 0.1712875046447258
156.98097660797413 0.07855161506768599
0.41805643569803064 1.0907201416425805
0.37260636353853827 0.6888808215964988
0.2716277485703451 0.3974490381691241
0.6391999535559804 0.5136493113836504
0.2037004651726435 0.104706389947222
0.533652586521828 1.340026126471083
0.5879363559150508 1.0283274011231016
1.1084772538019487 1.320003915993905
0.43690620389983736 1.07206087045207
0.578155741056758 0.9673720512465213
0.9165716535927932 1.0883323476091338
0.18890090348237257 0.17753866909136606
1.5828776870791041 2.7602696174479813
1.014335541308589 1.7170289392092364
1.6739623066760194 1.7752949584541553
0.5090157233105376 0.9489679960362019
0.6035324020551273 0.9802933321621053
0.7228440969778409 1.0529325680755481
1.014956839889677 1.1104244840517121
0.8563271125425426 1.106900283128232
0.17616499493335344 0.5200239099357223
0.18988618174515332 0.3979794199492449
0.3692930277293196 0.7838099975844464
0.1652948940678149 0.27160544378385115
0.5702365609355687 0.6782443762440584
0.27197320150033094 0.5692958480423888
0.15120344514649667 0.24770670497827169
0.19698082671250805 0.186178055783217
0.23766960305082235 0.11359564627502033
0.48308968055267143 0.8881275819116414
0.44230040646684154 0.6689890335614288
0.6176563051687984 0.8518637140988123
0.19889421570156515 0.33674913509486387
0.1793990808594783 0.3720890482385828
0.21421726758646764 0.11139635627224809
0.23368569748034917 0.3012954048852316
0.23020353889546608 0.11256174754784454
0.33204625220625694 0.35250229845133374
0.10093074541883369 0.24553962506233973
0.1479892518090129 0.19410356023374822
0.12309855889655638 0.23108123781219175
0.15643035980662925 0.18471304873918937
0.3207411098275811 0.2109581429726177
0.19354831695842095 0.3058243609049284
0.7760590808951997 0.37306338714827825
0.08859865768716356 0.18740127247690772
0.13418079783496686 0.11847354702882965
0.5336530852195757 0.16728241559696386
0.2355371539132161 0.14224555647049536
0.3664669148173103 0.3000237216149526
0.12795204396320367 0.15638068752096143
0.2826234377455391 0.11620105658695312
0.4615762717821604 0.1769908600397131
16.61972214576546 0.07833877867433317
0.510808834849197 1.1899744376499497
0.5521052471013145 1.1047285076203108
0.7596857817571394 1.3045456945077272
0.7112313020483607 0.8424500896478219
0.43166016312670574 0.7859892296477243
0.22638863647792673 0.34987758073977404
0.37431765605075523 0.3317262178498133
0.5227807679500726 1.1038951615714676
0.8395897589501693 1.0664087036299292
0.5544840503373368 0.5683087485315998
0.638600444781036 1.0664886082737455
1.355029028364482 1.1463202908447427
0.9362982485201241 1.1002681680849558
24176.459903646864 1.445045093462943
0.20845962580128713 0.4745469833003092
0.16513272885873298 0.31771438540995706
158.68516099895896 0.07877328542991574
0.4288566809821811 0.8551814576187571
0.39521541521541237 0.8214002309939596
0.3889922821528451 0.45943693169336297
0.6426461723573553 0.5158395328900167
0.2038809775440012 0.11250438020188222
0.5591622048702964 1.1066886771686002
0.5934766463744483 0.9878359620368693
1.2677339427815986 1.1346488998152537
0.5049575675215202 1.0133634386269386
0.6349103489539136 1.0628978953792105
0.22108807459109475 0.13310805720023872
2.2003108512331946 1.7752944313065901
0.5139352369879197 1.2998294428221757
0.603651379335496 1.1037241187441214
1.0741287878179666 0.9301395417094925
1.0406964647588726 1.2781287781764705
0.37759430642785696 0.7165619878761128
0.21520322712168896 0.4260764375758025
0.37105715896012226 0.7855274281643623
0.16529526579211934 0.2716056278276162
0.31395804637176317 0.5922508430067972
0.16580741186573333 0.24615825603818903
0.19709957603768408 0.1841634349498168
0.4424636636075267 0.715543997553131
0.7113108035278686 0.9143497235477767
0.20998132237315753 0.3646462571052765
0.22195271139443495 0.4079799640024706
0.2151944470678916 0.11368081837019198
0.25156172495170315 0.391227486646358
0.4333377986811252 0.4515537310187292
0.10412131273716138 0.24641937787839996
0.12382745981660753 0.20934792449840448
0.18298852694565892 0.1477036794134942
0.36796475860185 0.21070317557255186
0.19679937321306817 0.30938065384243896
1.2574523575994485 0.7600032495500172
0.1119851803396584 0.19820357161214697
0.13969371306143222 0.11197455836301354
1.6221664758268308 0.2646982379879539
0.27008468604418473 0.2201579072964197
0.13070109637456 0.11190442240624382
0.6352221309029807 0.13504823683444162
0.4830587362253949 0.16101038167403375
123.50178707291936 0.07835922700081868
0.5583966563110366 1.1697888667687413
0.707593781542613 1.2092245707570894
0.7121252869363748 0.8422765547625124
0.5174882388600892 0.9292620867022675
0.23751387288426265 0.45405696975993104
0.5248529768722568 1.1075019656263103
0.8492960554713826 1.066349723855871
0.6056157343175337 0.5664548550456673
0.6784869010187834 1.0825181181054102
1.4036552777381601 1.0903560762385334
0.9898440599490398 1.112248661395639
0.1687449130501406 0.3190026998941005
0.15250455703492355 0.19767569953153355
0.48143325845662355 0.2791095310805971
0.1656023261178624 0.2725295742268017
0.9084216394215952 0.8358321594789848
0.7277481286691534 0.12166583702556345
0.5078063717608359 0.90503253451488
0.36731443498278094 0.42636365412671184
0.1969955033302504 0.3048895090307683
0.3040090406527197 0.195362303053211
0.6333190549834786 1.0254505587451601
0.3468142647911948 0.8653563145507672
