3.5256362846861573 1.9835241344245444
2.088797556915324 1.0095772761965982
1.3903090191049798 0.4402807682339306
1838.6787272056952 0.0025648408234486553
2.4273699010308416 1.2435922674085444
1.4892380066557924 0.5302648230111414
1.1595339108627674 0.023184272268745042
4.660240452473204 2.582207841280709
2.611201626842885 1.3070514484244278
1.5699137559129626 0.6197975049836564
1.6715317005639343 0.19075068940640882
3.5875726310164375 2.020123786513135
2.398073719776259 1.2219541787963881
1.7666961261502379 0.7879760835953331
2.0681517415356074 1.056707389430766
2.062082386494528 0.8803829656595795
1.49867372404298 0.5584104208585836
1.2531833298020973 0.07108403426961069
2.9704603862765078 1.5028115270361317
1.6427647413094415 0.7051342028262713
1.7622555262224164 0.17535989670880142
2.8885990767785676 1.47832978238557
2.2409534546959247 1.013907345883764
2.6078987660589563 1.4802707168834417
2.8572667181454374 1.1356880414740647
2.649323342980116 1.3578605486937814
1.576743785177222 0.6322477311815948
1.8766924579899023 0.31338511297463945
2.938201656640108 1.4949219163100622
1.788016745571691 0.8295741601610718
2.6282952099489965 1.2943587315965286
2.3227907925000153 1.1267510978676858
2.907148209506968 1.2724737761322158
3.594504818180326 1.974266282950156
2.476431633113202 1.2485411170047673
1.8270698830246381 0.8295992603224437
2.476182608082302 1.2198221002810747
2.0497457248617055 0.9755891703606853
2.3980936376998976 1.0834537930116983
2.129432819127104 1.0235779542287682
2.1679115809499163 0.9424319758338496
2.2799247855597398 0.9808636255199084
2.430312596383688 1.242375812835165
1.9826839573897135 0.6682843466709895
1.6361275368610166 0.683336616540295
1.6915596312552874 0.09771287179868088
1.6903198693116002 0.6569544643162097
1.4857974826011229 0.1101049004435904
2.6663300824946825 1.2624618774990097
1.5965020420466853 0.6474051405818861
1.9784468814407261 0.38562608112660396
1.6180384755080317 0.6803514898862753
1.6444369886815482 0.5510683431458907
1.6081453425570165 0.1072324725813345
1.8007944654690378 0.741868949440943
1.6757549532674 0.17127157552866162
3.1535413758471664 1.5050840036780044
1.7941362042392075 0.8416391262146634
2.247144188717022 0.3910072153288043
1.9437660856282393 0.9075510663693662
1.6976719186219635 0.7137480756447006
1.8015082667513318 0.2833115271919153
1.8075113989469875 0.7690872712276049
2.198451830136843 0.4697444598349438
1.8399988822416802 0.8929698755528556
2.6518263252743033 1.2534570025822325
1.683575607273963 0.744909075728418
1.7615679768870194 0.8155625715078896
1.8861518766501297 0.821157916030123
1.616055941284087 0.6915145332640784
1.7403816953247455 0.5919891550248784
1.7939319556406832 0.23858473821987913
1.8611184263896126 0.6492026200170842
1.364364257944715 0.1449222876457578
1.5832136933912917 0.48441433511310267
1.718359367823969 0.32434594125463706
1.8294490408097068 0.47633446717378297
1.5435686210162505 0.1708723241799328
1.942613883943309 0.5773657343945708
1.5514750176566827 0.2035124812864918
1.6984229062661322 0.6217016359670238
1.9069506816206094 0.3763980441168568
1.704042631773114 0.6581985601090705
1.785944251052173 0.30233042534669435
1.7068965204533755 0.6489670971069077
2.0327366776050626 0.4425541850080892
2.3442254992871767 0.5711871993343147
1.5764065284175595 0.6338324945829992
1.6080908109872591 0.618407263611821
1.7411523059113878 0.2689971200187832
1.80697847941259 0.5157053019640707
1.318279085768478 0.1323076223784243
1.9670617433349495 0.7013523352319557
1.2168497528175566 0.10535694806674693
1.4856201296934994 0.2282805249371598
1.7420761031790455 0.4312439350880186
1.3172945483542489 0.12770301154558
1.6996813779686561 0.5126578006073664
1.4136896674605302 0.18661090369005423
1.635300636643466 0.28844592281086495
1.6376651206201303 0.4578629304454183
1.687184969792567 0.31112217533870345
1.8127335991298343 0.3707574289756019
2.1109645428418173 0.5015588880906932
1.6614909359891317 0.31058358163313976
1.2593790693958988 0.10732606975630923
1.6980388001572986 0.31755065562146456
1.0156889723061302 0.01808699791359715
1.148840335455732 0.08366650824410607
1.606165975946293 0.5763202771982048
1.2530667989123687 0.123954580798701
1.327199808465859 0.16703771177556948
1.5769237037339696 0.2748843273006977
1.4302997952412393 0.4767622259217473
1.0210946296979333 0.02069858408387032
1.0021896450008516 0.01631354876926959
1.2188821963122003 0.11572094843841724
668.6005392327951 8.495399816894724E-4
2.479139016256806 1.0836488344052948
1.8831713867607727 0.7166443877714264
1.6438624316471473 0.7065380057879331
1.895381682647475 0.233633462573746
2.8874271310717003 1.3659414000401835
2.0127736747939906 0.9447139664796862
2.71456771133583 1.5870752565795592
1.6310594227732977 0.638489177370277
1.811421138597312 0.23808003772147074
3.6135015100503436 1.6360431650664449
1.941965093483265 0.953209419009929
2.399991265357337 0.49444435776120055
3.115070024337607 1.7967442996355811
3.2263277727286965 1.4569565355834793
2.9672549692539096 1.553131924806269
2.3555627066561184 1.0885444405014844
3.0875104233100243 1.7547571468264627
3.183383658633827 1.4973532955607718
3.033927763111437 1.763499197891002
1.6413727910828582 0.7085299060325017
1.8268886021121395 0.7276543402869757
1.8014298376124644 0.2123932227939988
3.1419748076210827 1.5336489004570837
1.8876622062746575 0.9434700193660464
2.1292313940535625 0.3497602897164032
2.318992023300494 1.037225124434973
1.841971964775907 0.7470847195014978
1.541976506729978 0.18943049687876568
2.029422225851011 1.0195680965785145
2.1273915475329055 0.3433282578270172
2.5105107081325917 1.2397319618877147
2.9762466805373933 1.4102672385203068
2.196445669650461 1.119510075692213
2.5266006006777593 1.2336786585757664
2.6959571649574343 1.148345546286639
1.7196841280644666 0.6192074183635199
1.813431649132749 0.2984263215447405
1.917402274097891 0.5807146413965706
1.7231057919446209 0.2725403097107807
1.6621180258521318 0.7196140407571048
2.1297511391704997 0.4334912495914295
1.791207680935468 0.7577257026570443
1.6103330150082307 0.21916609111302873
1.780414274207333 0.8294424382840333
2.3008890209960193 0.5055609465306355
1.8537759519100285 0.9006486378405033
1.6535873117380544 0.5256507298653026
1.6385411102892575 0.2619088455678613
1.6322636025801136 0.6543487184667082
1.6041472202414062 0.26581892716741307
1.9047778276561955 0.38129245239247633
1.5889009670805483 0.6069931580504105
1.8730275212042553 0.34466359084750575
2.0913087462310815 0.4410889674717722
1.4849094746412397 0.43269481872881227
1.494693686376508 0.21004066148564496
1.5551178247406865 0.24899648546353195
1.7856900514194969 0.3312142307394413
1.4100890787349956 0.1893736756922886
2.0528451671422694 0.9248675644524706
1.8356385001295505 0.8873040487560961
2.62992991905132 1.2808504913667098
2.2786811835973877 1.1206927272061131
1.7687912445561915 0.8125639731346441
2.94356014002057 1.41323344606687
2.312188726770135 1.1762160623183175
3.043571107798736 1.3893239186697623
2.7240883906521933 1.4962809631460245
2.8076955751999755 1.3185459678368363
3.204579932634653 1.4911044692829056
1.8318507153969068 0.8862248040674878
1.8326252540976855 0.8608909681507693
2.2098775937699937 1.0969869112280162
1.99767649719904 1.0203573898287952
2.3136192154073676 1.1933256196127933
2.730420816674661 1.3013095586249357
1.6914185920418165 0.7450265980241245
1.7079283123112194 0.780899847166841
2.562838744563444 0.6720637856410377
1.893069822923295 0.9370995107505268
1.5476541174380363 0.6113133245410776
2.5392547580275524 1.2573924651541017
2.102436626173018 0.9639986998024195
2.5069726400292502 1.0644401953682305
1.9988187971764206 0.9583880048809852
2.4569567976997115 1.124637022676365
2.475209509479903 1.2297890770149817
2.289298510081207 1.0787917765740713
2.577000233917979 1.2049428459558649
1.9639208038660994 0.9364088235267563
2.0559947500775375 0.9880044108854061
2.3589015992592257 1.1141686986667643
1.8308005883045568 0.8441590941183084
2.131663730463954 1.0156014899459787
2.2368123730697764 0.9826110425718192
2.3398152872955573 1.0221135115500697
2.2037455546631284 0.9716430919711077
3.5536894566590753 2.014913303524277
2.0898526440576726 1.0191271301962987
1.3912444949300813 0.44538561688373085
1850.680234039549 0.002640886936629727
2.4288838919653726 1.2123768172472944
1.4912113496326798 0.5539531894284974
1.1596873510817987 0.023511262766853846
4.661007799103695 2.5836457444038077
2.6120662302608517 1.3354112798017364
1.573215386742752 0.6278105356773398
1.6765366707568359 0.21232317672768194
3.6239399236013305 2.073945480960652
2.4201702170615658 1.2974763516172012
1.768130504130026 0.7890114705780107
2.0727922008463824 1.0326868751996465
2.06287236946898 0.8807697997617966
1.4988076433240853 0.5644233070904732
1.2532482076648483 0.06895168841352028
2.970508163164598 1.502847011958747
1.6431829510013087 0.7035030837993279
1.7623802554599033 0.17599977861406818
2.8886292212155533 1.478647787637553
2.2419510797478917 1.00948114376888
2.6083989957357834 1.4755358921025277
2.859334435491478 1.136115243520104
2.649386840151802 1.35841246597784
1.5767732477295469 0.6317763374613256
1.8772766962083112 0.3133848046794815
2.9386395148534885 1.4995876959348153
1.7899064496940023 0.828250163350033
2.629936728444827 1.3203381352540478
2.324232371933534 1.124129957706851
2.9318413213084886 1.2856231287931932
3.5945899412800397 1.981953539887198
2.477217508175837 1.2541506954670205
1.827913257955529 0.8316970417177194
2.479388443667558 1.2380607459667146
2.049888105856473 0.9756719097408121
2.3988906787173834 1.0847848628652033
2.131078180021537 1.0259754542420498
2.1681751392214625 0.9425940851482847
2.2831260654639767 0.9852550610495667
2.43160814077991 1.2510922402793505
1.9826985184368278 0.6683185149273351
1.6403284521831658 0.7011936906124925
1.6915970127785829 0.09905568874710857
1.6905120372617717 0.658996192892068
1.4940381414259507 0.13233106286668872
2.722410937636017 1.280967914814532
1.5967345814123894 0.648390771161476
1.979010358492844 0.3859071818869438
1.6191318896220868 0.6810758309061054
1.6622985646587642 0.5258889905116494
1.6089117652178828 0.11027430229536894
1.8109849043245179 0.7336760814104257
1.6762878225342908 0.1556172630593622
3.2138180683952617 1.5704975655863878
1.7988507934027291 0.8546526860626741
2.247448969155017 0.3911934170987716
1.9449741626403765 0.909276126847513
1.6979034996634974 0.7137476536785332
1.801512600745577 0.2833103497488494
1.8092785237672484 0.7899389979439194
2.2031128994869906 0.47488589707437606
1.8446349633992514 0.882094551357574
2.65888983601346 1.2701520568765632
1.683902870634223 0.7452049185774557
1.7649569007444739 0.8205006105207697
1.8900422256282636 0.8240670044599494
1.6170232257966108 0.692210539458664
1.7480587965065715 0.7131980071164314
1.7977383734717423 0.24993339721962654
1.8878257680160195 0.4689057312521492
1.3643934495997274 0.14494006316766625
1.586753404598217 0.59638374069685
1.718760354666795 0.3144537084381087
1.842699404235385 0.5508352293311385
1.5463099391462802 0.17386958917185213
1.9547184886367581 0.5465870522289066
1.5520595098755028 0.20349694516149985
1.7002512326889043 0.6673928880508126
1.90935401364204 0.3778723868411364
1.7108408292505461 0.6919324675605458
1.7864253220844954 0.3025916010792617
1.7085242266609388 0.6393357131188964
2.0327640449101607 0.4425701721193155
1.5765578108646303 0.634266384548918
1.6081387974585015 0.6269383075720304
1.7414338334139028 0.2713087777278849
1.8191646252145384 0.5006192482086578
1.3191482229681037 0.13283158079366464
2.0020144392612527 0.49793861628198
1.217884927683012 0.10744846495521944
1.4857377230317472 0.22833847540804716
2.142113738116003 0.33734713395317245
1.3176914490972238 0.12851675579936042
1.7639286173359292 0.48104264829618676
1.414992133458508 0.1882139464560428
1.6357316409756817 0.28599407468063853
1.6519429856535948 0.427770541568679
1.6872104616261785 0.3111407222278627
1.8128998221244037 0.37081039872145627
1.8331693237492064 0.5105702227578484
1.2597516300020157 0.10732608833120567
1.7410057299283437 0.2994565831157927
1.016608664921922 0.01612369153432506
1.1498414936890389 0.08367107430029351
1.6110124399320749 0.3519654499491937
1.2530885647787846 0.1238166727369762
1.3274433468546452 0.16698878784653975
1.577096450991356 0.27501992457838864
1.0213057278860318 0.020846972449106882
1.0028291326271637 0.016708575028840156
1.2191916716015048 0.11703977050929018
677.2225542417133 0.0012469113033320772
2.5115007664776003 1.2271038169528956
1.8849149757234827 0.7214247823142617
1.645413216567636 0.7101330479757615
1.8964279031373814 0.2365667313348635
2.8896020454222366 1.3856219579775453
2.0473823483207205 0.9375677351836005
2.71460176613187 1.5870512712607847
1.6322452137578 0.6269637213124205
1.8114908601355122 0.23814096518531347
3.6337008096594805 1.6591620249897983
1.9424292290089782 0.945721877059339
2.4234236921410046 0.5469525054827461
3.115534950007698 1.788422534419135
3.2293603075807398 1.422227181228889
2.9674057228365855 1.5533468452511545
2.357355541529405 1.0898105452974733
3.0875662640208086 1.7548373586148578
3.188204431543734 1.5071827152251331
3.0348135010573762 1.763383302705459
1.642050690986586 0.7106183409428231
1.8275105869433907 0.7217397070199034
1.802211490626775 0.2134760716124379
3.2323989593886298 1.4942910599752477
1.8913924223724492 0.9527187250045259
2.135836134185304 0.32852379820506733
2.319051943368424 1.037183076774936
1.8421540315378153 0.7527683847490316
1.5433430600858742 0.19495437999904075
2.0312719975183997 1.022542203501907
2.1275334857148915 0.34520950032522013
2.513077496345453 1.237437943353363
2.986339786479199 1.430725879539787
2.1968514870306937 1.1203373670338792
2.528005813780217 1.2368241753517304
2.6975691489899982 1.1491609100340274
1.722166294674642 0.6106031166245425
1.8136704651496485 0.29910846587536766
1.920399363294745 0.5788857407139177
1.7233794654293693 0.2719087879364945
1.6635710050821277 0.7208072701450869
2.1300124180982887 0.4350807489939892
1.7915632228148946 0.7573927239624014
1.6130145778637524 0.22899797985083545
1.7804185912022887 0.8294411192741946
2.301382181873422 0.5061610959215668
1.8573760559091597 0.9072530231797551
1.6612497012010436 0.6180465710398217
1.6386057462232948 0.2614222218125428
1.6328411344163531 0.655112139766233
1.6041708427299186 0.2661664876886986
1.9054284205655159 0.3770197178434576
1.5924630808089408 0.5960609040028944
1.8742151975154133 0.3504175127645611
2.0913653338381377 0.4410305686236241
1.501222330090377 0.41494575779913556
1.4974350297047407 0.22133412745088757
1.5552718996630093 0.24903789300129367
1.7859818956921034 0.3304572535715853
1.4104410523885842 0.18945572983089867
2.053646266362605 0.9253546969322264
1.8357095707602067 0.8870507776498437
2.6328218382484385 1.277340512140265
2.2791433849317864 1.1207682457094659
1.7699502335334354 0.8151213013874505
2.9442926028916396 1.4130647183426186
2.3124189795759986 1.1763676995832197
3.0437171385477946 1.3746774938169672
2.724212220483637 1.4934927646297984
2.809958157325349 1.3199474635204094
3.210728004653447 1.489067962885566
1.8322136768419897 0.8864745443220541
1.8338481723777664 0.8684309928831904
2.2144157985164874 1.099196572388712
2.0020104963637135 1.0283392050364777
2.3137757842237923 1.1934188137327115
2.7321378056664605 1.3020375022326443
1.698220036617676 0.7509412205820388
1.729692349758667 0.8079574052035787
2.5767002274577955 0.6777193643473804
1.8942974025074772 0.937670805925201
1.5481452958453141 0.6138485609155344
2.5428398798089393 1.2565063063550765
2.103808281678547 0.9652114608699199
2.5312076724687484 1.1730569219530882
1.9989717089483847 0.9584751896821128
2.456981874152091 1.124696700221791
2.495835771347866 1.190108811166656
2.2917115435935944 1.0814180084981835
2.578373742931695 1.2032125782388767
1.9641950483275457 0.9368430024955026
2.056020746792477 0.9880646879898303
2.3603009531542307 1.1190414287366643
1.840990369891328 0.8527572468731662
2.134500192140539 1.0322653203519818
2.2407719739701535 0.9824579039550834
2.34972398579888 1.0187190929127696
2.2047040494639862 0.9729685493366607
1.6433572682690976 0.7140001264999769
1.8907256394980227 0.40279141176002875
1.6131790402005564 0.2246243698608472
1.7291519509876372 0.3129237714383645
2.7671810766003087 1.6319404891203313
2.964425054976802 1.2421035291740226
1.2162961560861287 0.03276104802144777
1.7838762554555512 0.8389013152042518
4.682640794875713 2.5847311425274797
2.218694605986265 0.979272929855276
1.8969250538440505 0.8778003584266985
2.0510176734386003 0.4242501790220468
1.5177987009574592 0.24778799507505103
2.0740504114821467 1.0735747602069403
1.3763156208961616 0.15301150299423652
1.8090653127728147 0.29827324764704277
1.0381346089735497 0.023188539452506804
3.0354249970249487 1.761368203681018
2.588893027528634 1.2071325750122952
2.3888713200146228 1.001515132605367
2.8479232714608083 1.1856333162387456
3.8385288802577238 1.9643427149988404
2.090731836003804 0.9931850581686719
2.5778197258867506 0.6781782932695876
2.6560143025465703 1.2696154956966963
2.4581487379566793 1.1251597474977924
1.3264632945480117 0.12028246505160714
2.5866988815721683 1.1020744824983189
2.360431945537231 1.1191059482700174
3.009276253728538 1.192637025961042
1.853247467795693 0.4162309309248132
2.502868571989337 1.0236316744437444
1.8812461599806118 0.7280645845729745
1.834678267704117 0.32237820530911304
1.755364673064603 0.5222693142200934
