38688.32429586716 1.5342295891650641
0.41060515095218886 0.7295653049607792
0.15711676975747174 0.3646598030702967
0.1379648268020556 0.28180910415768945
0.12008886832730886 0.18384037403747544
0.28333777877336114 0.19710936295819925
709.4255854270613 0.07981204320434976
0.535287791219445 0.9105199207912265
0.39375418351346414 0.5887391709353964
0.39198225320552227 0.5881005969971431
0.9515119732124815 0.5368519630459085
1.1351951477235953 0.5408136324832895
0.6777420729475407 1.088557254232975
0.7401769957335582 1.0922304249565877
1.1384014026163052 1.094225885943227
0.8993842065033413 1.0433899933400992
1.252022546285766 1.0791065813987588
1.1683373733910751 1.0936044797448496
0.5919241342832293 1.0648343639497542
0.5002484759661494 0.8267386011920674
0.5499148533820323 0.7280549974182001
0.7185997171075761 0.5560608953344612
0.6319351115256144 1.2889000742651069
0.9033833685107173 1.2691866679480277
1.5674762430000766 1.2017621342477351
1.307295274992279 1.2767605204806045
0.8157089191213658 0.9600576405909369
0.963878303976438 1.04659612177895
1.7127609430773463 1.0819881104020705
1.8307552260484514 2.135268862099819
1.3175426502439256 1.2367222542097713
1.2253972356261567 1.2727924219207667
0.8615396376510759 1.0972768065138836
1.9580695483113582 1.0264181899022704
0.31785966384089615 0.5001235123643142
0.22504998873391024 0.3947993675147685
0.2510930619294801 0.3032343555105106
0.30064053698727294 0.4477751292330744
0.20587064679618686 0.29760129265100543
0.25476735491726255 0.2750355693036677
0.19486214812756286 0.15783698137280056
0.40715598100502 0.7256051497319788
0.48255004822674163 0.3854100234664994
2.3070713754673 1.0778113229710296
0.2914626622501164 0.09848249712459411
1.1180802615022474 0.8329379579608724
1.5111889571062607 0.7839897567602125
1.7558699799913358 0.8934945748481862
0.39616838592210096 0.6992056976253911
0.4559791780350111 0.6718200564081718
0.29335277016397815 0.26895064642987915
0.19352589672967002 0.15884522464374612
0.22856139007170823 0.10598224554050606
0.6913449157163062 0.7986791006393239
1.1375749928252241 0.8214633697018603
1.0002493124041785 0.9628268200262078
1.4229024403859198 1.0240430080550154
2.6564281960981253 1.28040717728382
0.18312190076706414 0.36162731492541
0.21205378043672996 0.2546474638057322
0.23432062743994053 0.22594155266063098
2.1014081282361277 0.6732447920314044
0.21043796156784278 0.38959626138247894
0.2377142773781486 0.24856229753967052
0.22007016174381047 0.18310190680346403
0.3972750395985678 0.31863140997891626
0.3825061583050132 0.2375683081642636
0.29951952149138694 0.10654794501746198
0.3473698046988362 0.47924769676396217
0.36770356198083576 0.35149128369879956
0.24382834411444487 0.17642091688197833
0.8293469172875918 0.7006392381973066
0.1421959904097232 0.2620369156115212
0.19945506108738903 0.22183757604719356
0.23944830000638256 0.1687993588755269
0.17475745914758956 0.22248506286003666
0.1885889633790821 0.1720035754645709
0.3822987900999224 0.2748347468967145
0.3266705049327415 0.2913833278492778
0.5528484048126572 0.3295895739935982
0.2913273620089697 0.11205224912468933
1.0635263053861046 0.6144076593088836
0.16959169623814996 0.17602389929934936
0.21181883694258824 0.17595803514377123
0.6323463506477665 0.14522135556635768
0.1772795765441443 0.1594153734639044
0.22775583135234106 0.10397699185035021
0.41169594941006427 0.2599631271330214
1.5261355475502707 0.31823554900747325
0.14603294383622656 0.13745587620741295
0.3408589470876652 0.12537944922805377
0.27134631967590717 0.09296525260901309
48.979983930239676 0.07841063998215919
0.5546504092629607 1.1408632720354657
0.5561213651502859 0.9963918583523184
0.6942277815445391 0.8680763146847551
1.1990707959931086 1.1112121645605795
0.6437507739107832 1.2635698230817851
1.5740595020240034 1.5263939246243223
0.7995966417698241 0.7885428708502366
1.484433322776805 0.7549085015062725
1.2511766247378227 1.6275411871138652
1.6150083329482186 1.6521714389724693
0.9742949966609893 1.4262225113617277
0.9209500746222952 1.0584080501131696
1.0412494316741874 0.9522163399906935
1.121898017296104 0.5669319068997076
1.48958190293795 1.7358329375238397
0.5944517844762807 0.8020575769899878
0.455233216718747 0.5308421174436888
0.8162440712392334 0.3657657448297213
0.5312866203238815 0.42758840269802306
0.8980090175684203 0.4459644444420357
0.5691011994968772 1.0826697992640935
0.7013400287173911 1.080768958410484
1.1422574996710404 1.1249678725605623
0.9006293817181072 1.1282913429375037
1.2643730685476484 1.055702393727742
1.3541270858353278 1.3545404836992783
1.0908465437419435 1.4574732200627867
2.0724054497758386 1.547591499447254
1.609590967524126 0.7320976843073279
0.8031915835976747 1.1133653535387409
1.129214136840994 1.084587690182814
1.1286872388929996 1.1512427696731318
1.0366873794836138 1.0954649541621804
1.2234178906812998 1.0936946681113668
38706.29033790655 1.5282680090235767
0.46200644334024665 0.6360417627502126
0.15880822608707065 0.3615176821338376
0.15367780681420024 0.2722126727364601
0.12343618955468502 0.17818316916252736
0.3441359439359012 0.220679447596501
972.4762227020871 0.08038245734072624
0.5380637548080051 0.8940022584670078
0.39914989091815933 0.5200878430024692
0.4077015959740382 0.5963882263751554
0.9922560685300696 0.7885191270049767
1.2509325330139713 0.527062908931202
0.6838458715204578 0.823077553896881
0.8734344994067331 1.0566157800323435
1.6231316714918722 0.8990909665592699
0.9364715587304218 1.0773068279244047
1.2663074934804563 1.0637628549011824
0.6081851560968113 1.1349471622811032
0.5004476019936253 0.8267385903620887
0.6001181728719122 0.7386796350222591
0.8861686761733276 0.7324291981358979
0.6897762935881082 1.3480463685659831
0.9486489003535754 1.2590063478594913
2.4055885099560257 1.717833902598752
1.3168116032933819 1.666075433613693
0.8630768905447828 1.135255150428656
0.9649251331269242 1.115178489055351
2.035649004643119 1.085446630688465
1.2702832591669309 1.2690351903395838
0.863989199812053 1.0723137654229244
0.32334765054607406 0.49979206648425156
0.23148351633748984 0.38190043182171163
0.42865176438412955 0.5166885437309013
0.30184212651313597 0.4507123905005016
0.28980007522431145 0.2864987461952305
0.37652793919791566 0.3436509037235618
0.1951108909458345 0.1596756588356812
0.44823192417438085 0.6967474520575909
0.8882641636081885 0.790903273049476
0.29148556865222747 0.09849821820224705
0.41294106675235487 0.7142393944164753
0.6958069160511822 0.5866684805546285
0.19442135032028282 0.15941572557936612
0.22862469744986 0.10601976072803554
0.2172247219596099 0.430111665310004
0.2540812552110548 0.32032464827293916
0.24585164544810512 0.2516531678724846
0.24361332149170026 0.38379302417143046
0.23923182005298915 0.24808553456275514
0.2728066237348972 0.2108309520897249
0.4247688699867765 0.3765130495075901
0.6048692831191335 0.3903917156776698
0.3027886520598294 0.10701705217767161
0.37552255901319 0.45833904573036716
0.38370608368311154 0.36996579584454414
0.14375112774447846 0.24998004756916728
0.22003816235362603 0.26333936651125167
0.23955330868469726 0.16887132339262406
0.1852178486711693 0.21527863525737556
0.1889590679353778 0.17038647588630712
0.40838786153581025 0.2783919369608637
0.32987294092804753 0.28088424081462227
0.6630118090595092 0.2737670318742162
0.31391041684450127 0.11692803804137752
0.17597873612930706 0.17599822303668594
0.2126632576167091 0.15987214932481084
0.1866548836304868 0.15206496974717076
0.23095164067327373 0.10632090708108909
0.4866404792728865 0.28078011176065354
0.1826619988777327 0.1541086984993843
0.6187315710492862 0.1254778828543905
0.2728921097549284 0.09293369916723544
53.228571084178334 0.07837158968547063
0.5610237375587502 1.1401527222381895
0.5592451292855496 0.9963921952593275
0.7397464787683035 0.8697522613899146
1.2708515430976075 1.1571178471698058
0.6450966357249956 1.2601187432270722
0.8614921356065969 0.760539705199428
1.4849392729219664 0.7656259095693303
1.3904122223200062 1.6815973122116272
0.9801280754261464 1.449699074152495
0.9753286688611708 1.053580860490626
1.057262667443163 0.9780928191270488
2.146183027025664 1.7997901213878442
0.5970376409143195 0.8116492708601923
0.4567332450317334 0.5307852718666841
0.5597855324994088 0.423443147677634
0.6804987217926006 1.081665827284267
0.7050515006908247 1.14127907395289
1.2432980505269353 1.1552917465597177
1.398000629818426 1.2662612654942158
1.4643674291872568 1.3312011532240098
1.1021014424546305 1.3113275113682417
2.12249576380706 1.7507985238374815
0.8063485563725177 1.0789391550672647
1.2416454870969444 1.1156297455420432
1.2564651319942262 1.0938527876598956
39016.854282979046 1.5269897324769788
0.6226582924196636 0.8785695725061591
0.16023354721190547 0.362853544160152
0.1536955767006426 0.2568065520051009
0.12734460792568653 0.18422755011645808
1425.2026501218024 0.0813308884371261
0.549677980559899 0.8556473587494176
0.4362231892171122 0.6222141644068682
0.4184349702551394 0.6049676887743731
1.0699186134461687 0.9457715043690476
0.6976687200866213 1.037179512372108
0.9368999961565427 1.009727514809264
1.7946568631947097 1.1990893690190334
1.034364604879178 1.022214645793956
1.2756514595960964 1.0334594421012737
0.6082065999567317 1.1342582370980365
0.5700701000321587 0.871621960458264
0.6219015336205251 0.7404066641908115
0.8023463988648154 1.2576910396374135
0.9731572292311295 1.2734955366439942
1.448703284391759 1.6907463024439577
0.8996938920947092 1.1788434102392609
1.0674610649936502 1.0464967952350557
2.2173811085667725 1.0853783169813922
1.426417342495147 1.2252886164682215
0.9654383762450446 1.1139523427562925
0.34365764478059707 0.5485786878646024
0.2317522565739825 0.3796420475278187
0.45820957905663257 0.5600548765722924
0.30320979766081063 0.4508157326668263
0.30593623305421475 0.5179212239129682
0.1956513722998463 0.15786314908792418
0.48711625551349824 0.7741618747015149
1.132157267657544 0.7710943144875685
0.2921046380161421 0.09896839860320916
0.44012921013786027 0.7942838030124625
0.6968516051081486 0.5858770476213775
0.19453210389581005 0.15948605232311774
0.2593128388442754 0.12278545351698322
0.24409752600779597 0.37834446005183203
0.29986736723291124 0.41767109180538153
0.24628861188322462 0.25799019645578347
0.2633840948622085 0.3188394485137295
0.24963718842814075 0.2643720090676603
0.2867981097304778 0.17741988352326418
0.5946922675247647 0.4448751348312918
0.9750206621146928 0.41312178805360394
0.5124325153342482 0.5630059996880123
0.5502991952277503 0.4401545207929889
0.1556115407364025 0.2530923679946457
0.22741650557125143 0.26992917536430183
0.24068610521938905 0.1699558969975049
0.19138960743064956 0.21903789192809028
0.18907236134984973 0.17295646559170297
0.4112037501839493 0.2918721782610335
0.33013814402188413 0.2877249366865122
0.7496902024584473 0.46668963579991635
0.3390012066961411 0.1082584713008487
0.17715366305118185 0.1762580795977507
0.21527034937806813 0.16287818829375422
0.2138892245630404 0.16668420770469572
0.23520992695828075 0.1077402121721464
0.60618811973203 0.32964634020353284
0.21702151511345036 0.12192736978065866
0.6198910633783326 0.1426362845411593
0.27332984602619526 0.09495730676502093
54.92146079341474 0.07844403098222869
0.561296243503324 1.1478420147561155
0.5682150294955852 0.9923435797993985
0.7446802841566473 0.8742688910666037
1.3051291362794377 1.0853191905043331
0.7585610324280558 1.3554550321992145
0.8636628934181607 0.7766079118097913
1.8360649004130436 0.6999692091260747
1.4543796833825802 1.6022721302191365
1.101009474902444 1.6939088532163016
0.5973393609811866 0.8115901524309541
0.4580616131464247 0.5304887075984557
0.5604444916110631 0.42360091885051676
0.6935133403643704 1.0807614115348692
0.8522204163548985 1.1534145154496565
1.283618961033671 1.0795140243556345
1.486040599791733 1.452343185488356
1.7988636890680767 1.3963673378453394
1.4161655852335775 1.4259947334764789
0.8802552346457534 1.1277065670146884
1.2455938708196639 1.1142724135517545
1.2992287788426031 1.0937022648797405
39913.71144398945 1.4273621834341494
0.7831670078165585 1.1136467214860095
0.16183677009175138 0.36416873090035884
0.23809970706391892 0.23999552955835046
0.13329327548243505 0.1811133717520052
1438.2770571428573 0.08139180389831785
0.5634932057690217 0.9180825368078485
0.44807500806432243 0.6190693682765476
0.43165408616673073 0.6656639160325077
1.2049022714696886 0.9389134743750824
0.726487630451349 0.8824957273936148
1.1613422589952123 1.0338870498780768
1.1009146458003087 1.0623784914029197
1.3901710889007055 1.1312363500065143
0.6092553725450119 1.020187381069999
0.5731246024945711 0.8723288796491949
0.7616321344254153 0.7352147272076541
0.8354846976657511 1.296117454529857
1.0358273996272136 1.2691866687021367
1.467446704820307 1.3290158770492206
1.1563629215221116 1.1443066927078211
1.6448245073439065 1.2120730169331762
0.979009162693137 1.117808270358946
0.34524573128997355 0.570043321688748
0.23739263767312874 0.38394880875459775
0.6148342017685482 0.7080254484519292
0.30373030834284875 0.4518168960715249
0.3106281652649955 0.5289843465940954
0.20314470799535173 0.1662053692264243
0.5364923314720766 0.6950873003924696
0.29311346473761307 0.10157478355130625
0.45854676373205466 0.7263573204642647
0.19456640908929274 0.15952234985916147
0.2606779119636329 0.12346171780731524
0.3579426413511869 0.44944440785859036
0.33450172330048134 0.36370518010129727
0.3995570674122687 0.33208939938395654
0.26696260255541937 0.38105075609490624
0.2779571014416222 0.2732522016727598
0.312135909883804 0.126408033088299
0.5233320310062943 0.6587036152706249
0.621296215975518 0.4729262792177537
0.1589719945645774 0.2539093435826731
0.2579656709242483 0.27482239351890914
0.39372258976059604 0.19567020934179633
0.20041876452276508 0.21840390899030215
0.18907814625212577 0.1691424415927201
0.4211248395927476 0.28864617855756614
0.35042316015174796 0.2902821491806765
0.7932710253452995 0.3892823272136602
0.3390494061484468 0.10864023714802393
0.17724487895177332 0.17620602086635218
0.22717542310130712 0.14782965577546092
0.25312251297847327 0.16152179071247263
0.24811841301731677 0.10493867385275127
0.8383545647422231 0.428072404032435
0.21912684295485868 0.14744990970775143
0.8364489289428231 0.17380369276066404
0.2754408614760499 0.09487923372974168
57.65172321390515 0.07837984781101286
0.5646941917284383 1.141228235168803
0.7094233772841407 1.0826374835107693
0.9559992971315011 1.1027792830184433
1.4375313929287723 1.0945868851332676
0.7594507510978257 1.268218673207572
1.52380487683813 1.6855604200805634
1.1536326888141029 1.7134172244348251
0.6253355133109129 0.7899384756010785
0.477586060812457 0.5875286513483196
0.8228776512520328 1.1022413820501558
0.8975011513779908 1.083236369966604
1.3449361684140173 1.0976602504087585
2.3410715328060987 1.4589073433923048
0.9943329132476746 1.1362530228445857
1.321233711083393 1.100671832192409
1.3151898870802645 1.0937410953176117
59345.64633371836 1.134927625549807
0.7916856293149824 1.3296146255675438
0.16311412018927832 0.3642090525429956
0.2709206912418902 0.31393294611418526
1.315590846800931 1.0522697460739674
0.6103279260047305 0.8886960268396362
0.6331650380480727 0.7546399580228592
0.6134109614334937 0.5734586646875723
1.273810665391391 1.078962447455937
0.7635137952867523 1.1994381873118647
1.1970281542096042 1.0696907335729895
1.107276431234269 1.0361501136360733
1.439148317345006 1.03336967213387
0.6782107073191372 1.077570091631854
0.7332744465999235 1.1093975541206094
0.928397547682047 1.233623740129547
0.925641903442567 1.2515301328057364
1.6530403104307143 1.3457756529267308
1.0247251458497817 1.085640450957336
0.36281324585410213 0.5113041487989284
0.35232120940496814 0.5900814309958444
0.6151772679799459 0.7073142800648471
0.4646530697159278 0.6045827314506078
0.3335310362829241 0.4853530589721568
0.26134097598099143 0.14617431133176878
0.551862678795237 0.6943788775766015
0.4605244952324746 0.7263572119461712
0.44536428033693753 0.42636219765328276
0.42438242729499537 0.30697956869791077
0.27578507681116754 0.34600362763989484
0.3554747369523463 0.3190529399700541
0.537392383091162 0.6566814909550356
0.2532772889611257 0.2644366963691529
0.2730784268473183 0.21709563828442227
0.39373529163472804 0.24388743343755692
0.21798850017612442 0.2266162299998873
0.40969395255990915 0.2583375688457022
0.5248276066223019 0.4789732501346824
0.8981369958521402 0.5428617672576436
0.2266686689949091 0.17701473257608952
0.40975503211509745 0.17498263314613588
0.24819728680386322 0.10493385487084114
0.8749342396290393 0.4344129242490168
0.2512368804039459 0.15385111989624406
0.8379692493737205 0.1779587942041499
59.25886635375037 0.07836410118199551
0.5981647964632373 1.1364280360469008
0.7816150427685755 1.0796335412400788
1.0998851797664781 0.9779993929948427
0.7643095607151854 1.287555866409146
1.6603862566232777 1.778853192151655
1.510174628242639 1.7214218025026247
0.8313545508719534 1.1557297480335773
0.9034753772140109 1.0791570322054325
1.50536667282817 1.0964224144978876
1.2573742868986535 1.2570926091298809
1.8080715175592628 1.0831048905860514
0.42886251003153875 0.3516049123066044
0.7823718788286437 1.0443378616160652
0.3300285194376296 0.3558800235291671
0.3875346889951773 0.38363817839742886
1.072059159150415 1.133754910777547
0.9374154010327287 1.0989787091401968
0.27638262725520346 0.3738122545057686
0.6175628792193205 1.1720344659136697
1.638472329694718 2.0165239549115554
0.6025655359003887 1.0654044878012907
0.6844210813841931 1.0367066233788942
0.5684483241317957 0.6769923420185899
0.4888428001822938 0.7666569217661928
0.40488675740646607 0.2304557557717867
1.4837902780390264 1.1193142898528132
0.39281782055327286 0.31415550256809466
