1.4709532378131844 4.137381494338365
0.7312744802353853 3.0426155927436587
0.585099351250193 1.9948081390405656
0.6734942568729517 1.4552569388258263
1787.631582747412 0.8944420176683381
0.8634870256443332 3.729974935195225
0.607098918702984 2.239802984431733
0.6525244147691873 1.540247787416282
1.005653513912795 0.9336099992165363
1.1236710824132685 5.1425711278170265
0.8433112098154222 3.7323613075012116
0.8308769734086329 2.1438804605888437
0.6210947024281588 1.5844411324751382
1.0121713490315136 0.9457204433832141
0.715753970585133 3.031253203943568
0.6032688121239987 2.2307898595111673
0.6299681430337671 1.596788896826389
1.0210633634319535 0.9656651214297312
0.6160568197981009 2.04367587034699
0.6466340790721634 1.5374606574765868
1.042332354033255 0.9762620452147918
0.7220208725119143 1.487799514808858
1.0448277935564148 0.9837702879255255
26662.825449115717 1.001923218326258
0.8575488001651123 3.7492456914588344
0.724420762245171 2.1140576180685304
0.650126320972532 1.5293469009770861
1.0053078547610237 0.9289924761441298
1.806682442745567 5.125830783622511
1.1606709414914522 4.221731769099345
0.7111400500113012 2.788351972214848
1.5009037590890233 2.423678364887108
0.8721985284580525 3.8348131935281717
0.7638016777431326 2.8281195864143966
1.4272858806967055 2.2232871931956244
1.1397449707747027 2.8509656594337285
1.0288475409095792 2.1126787818954518
1.3069569901854752 2.1276439457679546
1.1731571649999861 5.010220739518488
0.8808999580670409 3.756317804941035
0.6594155186130388 2.4011137163346032
0.6303001573309758 1.600650918233701
1.009521559024342 0.9363124302420751
0.8812021346651158 3.858710156795224
0.7336803986843096 2.8016251647231067
1.4648302591402849 2.329996234854172
0.7584456482204156 2.686166953683851
1.1023351345557808 2.0898691411170374
0.7117156907727128 3.031279825003905
0.6561745998246654 2.1887796926966048
0.6222059014775958 1.5924601226096624
1.0217120271906626 0.9400871287017156
0.9099446357579709 2.7668625181447
1.067550522467398 2.0917617446189993
1.7042454280145691 2.3772695311743517
0.5999049829432916 2.012669620849624
0.6789316127732123 1.539367986439521
1.0326960257542106 0.9546206823654242
1.3974762362617548 2.1184927706777414
0.7460419555292057 1.5152237463380902
1.0499383711868158 0.9755354507488211
26269.99770827758 0.9986479728592612
0.8959132913950852 3.8017680512909964
0.8149694108740827 2.5757274254784788
1.0943387720579714 1.9515988469436751
1.2085178649273889 4.0714658006022315
0.7511656417696053 2.7792725485242347
1.5117194588801561 2.4027360843135694
0.8992042355055215 3.8224276698525026
0.7232501634358485 2.785395077908748
0.9515535331680642 2.1154701687209823
0.7407482437267331 2.533539036691396
1.1458251143730973 1.9955315840183476
1.19653957046582 4.099822240671924
0.7123342388872268 2.7717683903110633
1.082162280977828 2.0905071992958537
1.215096814405269 4.078792060414292
1.231007493775628 3.67248939430243
1.0446581102461234 3.330393628771759
1.7640563604675035 2.96823123284792
0.8744394384662914 3.8265913230117166
0.7191408241330488 2.7630159847941385
0.9458503741508244 2.1027100866010224
1.120503106450811 3.5260138072750227
2.4292384114742127 3.1057677835558266
2.053478432346216 2.944019080188239
0.7694029811451248 2.5280582036404686
1.0500509838065668 2.0909161113561288
1.0360185623466478 1.91122785736701
1.4534790400520181 4.034575820214895
0.8762421271790541 3.7996617487535103
0.7509584806910435 2.659240560089401
1.1615250293551749 2.122212362650914
0.8992865114001277 3.795076231200613
0.7229017305728465 2.7534251888738193
0.9220158594744977 2.0798763169900636
0.7363202383706249 2.6414412877006614
1.4209460708459192 2.2271453389611944
1.0290799787057734 2.0416069518144457
0.8646999877591904 3.8024529289843123
0.7017184938752696 2.741544149145113
0.9677558031477541 2.066880651367461
1.531947206935572 3.113078968904954
0.756297574706597 2.6438465940052662
0.9792208734250079 2.0887317435852806
0.9828129421365116 1.986667985646096
0.7379988057576147 2.976308043355568
1.3224860465267059 3.237892990701658
1.6058723353536888 2.3089085968525573
0.8396262637710168 2.533049689457971
1.0433492430264353 2.0225882226331064
0.7512267188868484 2.5211497069932665
1.033994201694807 2.062833758208135
0.5813400773455383 1.97626588839439
1.4213448957942805 2.18237240042618
1.4641193679887343 2.0884159283576937
0.6699995926325496 1.4523477330011767
1227.1632137260583 0.899080600727772
0.9513118204328127 3.8035571868674176
0.6080100122836698 2.249034746070956
0.6389914296579474 1.5248960721207492
1.0037155818675478 0.9229820524283038
1.8027237882942355 5.1316696072757235
1.2562512137987845 3.9831916814305544
0.707372220654356 2.7470585221722303
0.6120999254944812 1.6259404663304386
1.0125072403752775 0.9590568218676147
0.851008104692746 3.759457458501683
0.7410667805339137 2.767439549934111
0.5988841180926155 1.6976764965416247
1.0097598315580416 0.9547821505025497
0.6032417822170207 2.2370200127348414
0.6515267733637626 1.6553133182212978
1.0226575823108373 0.9585876015186022
0.699425991382395 1.5686248763255475
1.0435606598161578 0.9694019265771129
1.111951011858309 1.036953411406486
1.8335261210825677 5.01227374847136
1.2461835289458283 4.007210186964894
0.6925096273674248 2.6361992827059577
0.6018792325954997 1.6273556245630376
1.0038977363285158 0.9253057453772981
1.0519843359489194 4.689033619721572
0.736746774646835 3.0316885122953385
0.7695148657372928 2.837935429807562
1.2989317784491123 2.203142821655093
0.8654273245962737 3.7896386932831296
0.6624140496852897 2.636256458813962
0.6125649065522595 1.7028422890421515
1.0130236075540835 0.9496062901616484
0.752946601332695 2.8025836890263394
1.631240830303216 2.4543093593200327
1.1329688480457092 2.234003125257389
0.6150790555960329 2.251065572120786
0.6389617553080074 1.6561521774136678
1.0291417615661542 0.9686992018024803
1.4874495664815477 2.458903934649104
0.6953361502665836 1.5534826280696077
1.0434225470770975 0.9606647236481761
1.123824616227876 1.0447590257428445
1.2410969891773584 3.9780887485703813
0.7774608671035996 2.8748430174484234
1.5483802716777726 2.2673903961809208
1.2058200161935873 4.0749593381140965
0.799052303577834 2.996679971445436
1.6127003619110485 2.4081739659583796
0.7208280285669278 2.757890403897618
1.0208116524451496 2.060172231396245
1.200591164538674 4.137313452087531
0.7461021551326522 3.0250521047270285
1.4124357632918967 2.205894173978346
1.287602829083169 3.64512105225694
0.7247142095606016 2.769739591263206
1.6663882012264692 2.037803243461064
0.9538599725834953 2.0067392566330904
0.8336004237907302 3.7093673031532752
0.715562955506725 2.765147645762341
1.6026224470413477 2.3361447098123094
0.710520476029679 2.74732408071677
1.4500379220187132 2.4082320803752157
0.9977111175963769 2.1189047355910184
0.7102948373975709 2.7546096688145747
1.489825615821829 2.5018218099745115
0.593719871696516 2.2238682231480813
1.3488772268484635 2.142145367895239
0.6394841260243325 1.5284614541570574
0.9914445962349718 0.9341941080679639
1.1891068861614635 4.928030869901686
0.8974739893790818 3.6354780902306705
0.6208397406143474 2.406271670742045
0.6373308501679182 1.600676081330365
1.0141969220240392 0.9395403028828396
0.8432322558229716 3.7534829383889043
0.9747645134881304 2.809438246787945
0.6164841337797018 1.6848497571904029
1.0186687861143826 0.936654847022272
0.6396387663592084 2.42670091336726
0.6185709088029312 1.6864892169177472
1.009801152120837 0.9415531248925514
0.6644073892057203 1.625450141402412
1.0378419824395402 0.9558993644861431
1.1124057375761982 1.0476392688349812
0.9954999273114629 3.677197168104084
0.673001339486821 2.6243373516623985
0.6238975164140228 1.6994329265745316
1.0190586662999666 0.948386230310484
0.7357680879885511 2.7866161242994814
1.6277241641010205 2.266780057255112
1.6831499844311804 2.2424441344204453
0.6244350438508198 2.4028720270648214
0.631338784185009 1.7004321965759837
1.0144355657330903 0.9492659949357718
1.5944343020629939 2.3919841052886053
0.6853057173594357 1.6237782097808504
1.0351910152086523 0.9499841132340053
1.1223839152258939 1.039850900222876
0.8894870384431875 3.635326221814667
0.7298637851186299 2.7883581906557042
1.4134860528731572 1.936452451064472
0.7310958098191421 2.7654792439107343
1.0153359703046259 2.146326247499472
0.7247103469275776 2.75243549407623
1.30199042656254 2.1947931666930653
0.6288561267020104 2.361633480774916
1.4719057882801434 2.4695885049989927
0.6102513691215786 1.5826245712420142
0.9921855376088753 0.9451582633960594
0.7251911862782852 3.054777279485712
0.6996558686284244 2.1199877336689874
0.6375978111874743 1.597247026546449
1.0050650951746032 0.9367691382915215
0.625372477983748 2.2595321864038955
0.6501829884295234 1.6603071127511277
1.0227517783828235 0.9594760049267117
0.6571101068175174 1.6368275643541517
1.0345438348384517 0.9626780026256638
1.1035305400958606 1.0147014120992153
0.6128198380208295 2.2584328164422787
0.624152241314359 1.633817836327306
1.0086245334358324 0.9497505878770779
0.6630946531960817 1.6335846816753268
1.030793373858955 0.9537738565878018
1.1107215886762638 1.0162123895650645
0.6296066565725557 2.232811492319967
1.3209743801930018 2.212440187358502
1.4006048348284876 2.1983955413874776
0.6339842198340437 1.6081817210277978
1.0149050885637776 0.9527137311223707
0.6064434018198787 2.02268145011135
0.6592892089626189 1.52071324426191
1.0008087463788204 0.9298990924762561
0.6690762390954796 1.5458032217573359
1.0071297514887265 0.926273617117624
1.0937835348217169 1.004072621634864
0.6743293548036886 1.5401939081557472
1.0219199065479665 0.9547888201179522
1.1069398653335063 1.0194065308192988
0.6470168361498758 1.5394377541343773
0.9978484502099645 0.9513006745394494
0.6598834338389005 1.4369415540779054
1.0095725016961998 0.941583847720118
1.071700493319558 0.9906320733486086
1.0961979494261493 1.008112394794186
0.9983748469257621 0.9322414887145083
2754.1345449382625 0.894490990733787
1.4828665792188662 2.2363070335482416
1.343041816983798 3.9617914075091676
1.1235433444765013 1.984945489821225
0.7604251397472106 1.627241276055675
1.5880779094497781 2.693744323942712
0.6049160161914306 2.2306159683850186
1.8916413873425963 2.039553287180471
1.7346180530503006 0.9781511205333149
0.9309176320753957 2.656872744941053
1790.7362247729034 0.8947383534338827
1.070849468780294 1.9480810878394401
0.7677206505986935 2.6525023821489695
0.723066999885354 2.754145080569394
1.1255300929585057 1.068597316293234
1.0893078562703142 2.0664967776485654
1.6016667365883752 2.4053321404948065
1.9773053285828581 3.0974077315373387
1.1044883513795611 1.019764235882298
1.069708382227721 2.141959174500048
0.8226487853351637 1.5201043477054992
1.0387187185286637 0.9565797794959159
0.9948507209894061 1.6291264368440022
0.7428051651565949 2.6572552782564345
1.584182104587034 2.5561915855430284
0.6582874751200405 1.6198672609771878
37836.18634343239 1.0517632537493586
0.7218294914168597 1.5443178033722509
1.260823461876859 3.9989164897249183
1.1221911616455946 1.0640113866969536
0.838525661338939 2.8015122655035913
0.6940521534591477 2.623964275322737
0.8359444617061578 2.170560179849923
0.8641715557770387 2.677846277982654
1.1064294051813244 2.0823544315680573
0.7260227925249346 2.1121804382699616
0.7031871403111688 1.6660983924844825
1.2475378874872072 4.0467913711893
0.9241880989225488 3.7183690518345234
0.7214744159829842 1.671141313994449
0.6964718429065068 1.523284080969275
0.8753530408455822 3.842969302871011
1.0560483234132079 3.6391980454772144
0.7326949754442009 2.763712654104969
0.6967173222028508 1.6997724247952597
1.9882578777116922 3.6070800171599053
0.8519759314396752 1.6990062987891807
1.118901410404987 2.2620110164901885
0.9204593660909053 3.625564381373942
1.1633514103482798 2.138033965099027
0.7252123864339816 3.010473886157747
1.1294829186903987 0.9842628011335931
1.5303974131830116 2.2315122558885703
0.870741931548065 2.790319183437127
0.6631959231900276 1.6424418061836519
1.490412864231073 2.4616257820739076
0.7496938138433836 1.5493764183296452
1.5461894075345635 3.3149567004494402
1.067070264053098 2.1821638468228635
0.7683476013175157 1.709960247979442
1.0831821630224208 2.9064293834502037
0.6830790728430131 1.503957530666857
0.6442761978000627 1.9560714665706653
1.1135904199182667 0.9720299174119453
0.6991111270947961 2.595665367796125
1.0388744520995021 0.9558963751651726
0.6208397406143474 2.406271670742045
1.614124684032555 2.410346275659956
0.6224885339407108 2.2631700345080077
1.0200398911758273 0.986467053121414
1.0073494452373706 2.1988679524333676
1.6139512620058265 3.5983511888659026
1.7061470936475738 2.048796831765048
1.026903732320841 0.9455560108016392
0.7696252533309141 2.5328691286392013
0.8815946685842173 3.80117986111349
0.7663670703596147 2.1602112423172644
1.3274507212524593 3.6572179091561594
0.7237283997961363 2.761970207187325
1.3364807204313573 3.7714988389670454
0.9531785644843569 2.9588869079710154
0.7404004625087046 2.7800111105067975
1.1250281768100117 0.9368060832069253
1.1502728774024256 1.1390156484497354
2.2016445788951584 2.9277548367558888
0.6307659254630961 1.5975175438720606
1.1127853006651425 1.0420158459856728
1.6260179137497461 4.1386892662817685
1.1857037714435688 0.9996834970867305
0.868962897012582 2.9012850792625215
1.6266654875259585 1.9981945090723583
1.1592215949016842 2.1230043909889034
0.6595807079544539 2.3314915383194785
1.0217261313121562 0.9654765693485171
1.1206900840558394 3.5243842362054427
0.7250166147872067 2.7436914337071245
1.4025150476373982 2.198803133884918
1.128677937534687 5.091089213312847
1.0309534734573134 0.954327504518273
1.0587021221890653 0.9976741854693669
1.4878842336957592 2.177954179130599
1.5231543882895207 2.3983086301864804
1.2545751301560086 1.0841496492475757
0.6857232385069142 1.6273367615941743
0.5889612979675652 1.9975603796356853
1.1567056709931633 1.0674720145693708
28081.97179949435 1.013406470854144
1.1294838594406902 2.7503496889079964
0.718002169128921 2.7729209317431094
1.9970616035240205 4.934404858443087
0.689311449692964 1.4522099229335468
0.996187073873807 3.9329052754938645
1.3262320797977531 2.9489840789291732
0.9286559943401833 3.7021256827519706
1.1142587847433187 0.9446353276462062
1.1411580951337021 1.102393518675476
0.9541105652380337 2.020331387630076
1.4165272653532464 2.098025867082277
1.1971678593249488 3.8491084854165023
1.128700771232648 2.168008686579567
1.5183287614082226 4.584851469025924
0.6323883790866426 2.4149556382559068
0.7029867850710536 1.5846456180805464
0.8449925918183088 2.906026603910653
1.143376741619424 1.0124804252607371
0.7931864114641475 1.554916393433252
1.0940536187395242 1.805588614710814
1.0553354753311701 0.9923027405111913
1.3327743900161837 3.9930395561730205
0.7011165110208833 1.5497668202095658
0.737387456356942 1.5387697109896306
1.1476186741424563 1.132419435437808
1.240962781860314 3.707623178272776
2.0616790994918133 3.624077059645029
1.5267071671346475 4.231226312211066
1.476917206163991 2.2086720762280008
1.5165513228369172 2.008686280305005
0.6634098884709757 2.071471157025115
0.76709158640733 2.6815509642552566
1.0445258709417216 0.9733967404842451
1.3324398552934256 2.872018940852188
1.5405022637717936 0.9466586582776317
1.5639837380104038 3.4415739693640983
0.7750021900378998 2.8361595340279617
1.0683656284631524 0.986625438332116
1.4501300545354943 2.407389026578074
0.6489835908194982 1.5761018076878168
0.6636227439431219 2.640178346706332
0.8717836470227408 2.7884686423714173
1.220981684901011 3.34974812143471
0.6794092398947237 1.5605829848968633
1.1264370394191616 1.0391410509152257
1.3345376789922037 2.1492596268886937
0.8374824180167747 2.3543975650401086
1.0413028645221913 0.9451941941107572
1.2692535465520365 2.923513394189757
1.340743704074048 3.8464822867869928
1.04662686556911 0.9509578665461877
0.818271012668755 2.149820467260733
0.9518615584120551 3.6404138781973137
0.714425241238584 2.744785570519342
0.8438006402699275 3.7394657599992014
0.7613275896925985 2.8078077618098263
1.3085442556691098 0.9220599825724207
0.6249584290980618 1.5818696626648487
1.224663859212138 1.088444599414633
1.045758159269685 0.9717553539450995
0.7515516500480665 2.522543178434309
1.0154565819574561 0.9368164958012606
1.8338334446394584 4.995162977438401
1.1773904425099033 1.1959433159354476
0.9612508918344569 1.7483920093252905
1.3428848055997882 2.2732032246342726
1.0583714537558158 0.9707516862723864
0.9511066155165223 1.8404188039651366
1.2034939299960283 4.134966285850178
0.9186082277535783 2.7729798022098713
1.5712645461343926 3.520377254038105
1.0241540484860727 0.9133762745607747
1.8083376155150503 5.118089386429793
0.8851060625614632 2.3973017776798082
1.8119231544890995 2.053827844318584
1.1910426442793138 4.934923008267333
1.0097419582254896 0.9428994946970849
1.3402103854472505 2.5430638978894495
0.6557686442341747 1.5463847189543893
1.0191205998322685 0.9476070673412489
1.1025693971039439 2.8502884282398915
0.8337898353779611 2.896952681717649
0.8442200807266189 1.8831208916772872
1.4546843729824515 2.344915249182836
0.6310244067408959 1.7244902084599585
1.026782680619869 2.995784124344426
1.2750756352678863 0.9934353924047825
0.8947498810269007 1.6667769226978213
1.1811627507426425 1.1736081786045602
61297.19989621679 1.1523578082402364
1.0221420155228669 0.9481630533945056
