2.1259762255387162 0.9975963933869603
1.4122244642822577 0.4326951374247962
10.253715789514203 5.5530328707087406E-5
2.495031246372129 1.1837235327660127
1.5170732035090222 0.565730609234881
1.1711980149987178 0.028918136384979986
4.76543496612546 2.58877957705164
2.6709505910527174 1.3746047032308724
1.594136324840056 0.6164640365628891
1.674653728125279 0.19537074323881645
3.5649969044894885 1.972293841472942
2.4742489013922797 1.230517400197126
1.7869128179496143 0.782899137930174
2.1260438133020663 1.006352767318461
2.0974992192458455 0.9010998138276971
1.5100223880992218 0.5536186745792534
1.2819866661757269 0.059862690703042454
2.951791989251461 1.4983198893079053
1.6533788793553847 0.672430946400864
1.7740216269745894 0.20478112270581655
4.531925521419035 2.408792848434495
3.020012980559386 1.6548005109913952
2.2511659972551046 1.0453712215402846
2.640561065246418 1.446892560318465
2.8625109608145323 1.1487107291071927
2.6379065357716076 1.36372208539421
1.5759514927868368 0.6145754220932282
1.915251640558091 0.3168247566037712
3.037948588389584 1.4509544887944132
1.7884541405401293 0.8395404106162948
2.675754812901866 1.245860546156301
2.3111667030108767 1.0988308861800449
2.831628721543051 1.1982932072736283
3.4078776536796824 1.8555447483176157
2.422301244195847 1.3013441668560128
1.8403911500324848 0.8177490676544735
2.4157066910801515 1.1935019123698019
2.0333787619546393 0.9696875886293969
2.3725438989132774 1.081100660961546
2.0706917133490372 1.0233750120475515
2.168615167858085 0.9414063618002819
2.2684296383109466 0.9700886699357232
2.4632967737441103 1.2049581639961393
2.008573347062641 0.720002663671868
2.1962994394190156 0.29148033889895425
1.6537968500487468 0.6790951098337161
1.7123815139827547 0.11421515921304165
1.7438755880552672 0.6696100484829821
1.4931420188571551 0.11590113223399155
2.6889153379785435 1.1965850707964911
1.6425776132785777 0.6685847207436784
2.1204716650087896 0.36277617247958416
1.638099411029271 0.6805174619614858
1.64253855896839 0.6114068068666101
1.5962342881679454 0.1235639661318762
1.8289780316801934 0.7327534450730948
1.6912691075807973 0.1731845036443247
3.4068281830361724 1.6310064878012516
1.8146280109951198 0.8262061384071075
2.2371890782164456 0.428506924804658
1.956147557841848 0.8892954777471226
1.6894093646716062 0.6996267971123458
1.8257556694133807 0.2771180972096443
3.5287891793246335 1.5214513839346224
1.785825211998551 0.7761226973428867
2.213999235356132 0.48115372847834065
1.8342634719927873 0.8956825821758192
2.465526127788614 1.1774487350014982
1.666586190084886 0.7519859354223692
1.742781217084986 0.8126700475069719
1.873587631447881 0.8229125047357712
1.6282216895879977 0.6726529905248003
2.410032131057 0.32032703775703303
1.9010807374283907 0.7565528936657414
1.8111990839525944 0.24060953953609582
2.0697278180894694 0.3378257286154397
1.3685280799176238 0.12371040033486258
1.5850362708822479 0.5558190794817135
1.7323319302318234 0.31482011351937383
1.8057349009774286 0.5939553269147182
1.5252977270951855 0.15891713459001983
1.9202520518462154 0.572931605694829
1.568634505034508 0.1887417857012954
1.7121474641121635 0.6743012382446024
1.9186898695801324 0.37920155857692606
1.762021466298269 0.7243035878185742
1.7996666314476397 0.30693538953059407
1.6927343116876288 0.6353893108839775
2.0483049617555107 0.4505043227005228
1.554156963700055 0.6205923938888156
1.5971365664971926 0.5828808791044526
1.746790087926147 0.26107577229931206
1.867384012149023 0.42629494031958826
1.3267659937543954 0.13456596330235204
1.6831203365046463 0.46697939107311837
1.2298719829352462 0.10552208206064913
1.493749259078832 0.22991507312293255
1.672402077134639 0.6177253144593365
1.3341956381353104 0.13423365457559872
2.0940354038130042 0.47615642758865756
1.4191678017736167 0.19062543734125423
1.6533306208066376 0.29019201778650383
1.59162881775416 0.5132511427549271
1.7103029689336782 0.3105212893893878
1.8263289788441148 0.36802061937499686
1.5877677828351957 0.4592523252290575
1.2678387701478129 0.10621082462476515
1.602970447777252 0.38284343699043066
1.0278757086695598 0.020791778490014883
1.154761558486191 0.08116934382906242
1.5784597914182197 0.5003714929698252
1.2629248394211399 0.12555950995027493
1.3412824651917616 0.1628677921934564
1.599148114641971 0.2786030256619222
1.449931368886157 0.3612565341408109
1.0314982717992336 0.02252894601503036
1.0188622299846724 0.014958439061609938
1.231558082844411 0.11716228722976685
307.9099287910075 4.7172134469569617E-4
1.917104675270896 0.6258085735857625
1.6711991188055642 0.7190182585499927
1.8822228732636308 0.1976200811337957
2.963646760665587 1.3971290855642058
2.0135803794113265 0.9667148509590197
2.75195828870881 1.593486270358334
1.668757775976243 0.5667862977628715
1.8244945517985385 0.2299341198971382
3.4890030869916266 1.5229152391882514
1.969298314268717 0.9719191311881499
2.2292999977037473 0.42344160063899683
3.143883158543581 1.7923631176464796
3.2402268288085843 1.5053647324717254
2.9224150029067815 1.567999625972042
2.411380713981437 1.117485667775233
3.048250593612144 1.758910617414176
3.2493658461751718 1.5752094434734083
3.0081747344605354 1.7585800658671453
1.6644832091059 0.7042592805077309
2.1464066036870975 0.32184687092796993
1.8590575144385018 0.6677367618306936
1.8253205926189595 0.21844433856788764
1.9349070200095604 0.982429079750202
2.146449940930194 0.33171889283534395
2.3242588338381944 0.9857574807592315
1.835566246429591 0.7516413764619563
1.5466055281277056 0.19432442321866644
3.5080100712200997 1.5470759682476793
2.0378450389651794 1.0235170472237967
2.164017481949157 0.34422737034233086
2.5504857228865685 1.2559594594755035
2.989445945065243 1.4799664974396665
2.1989885306766075 1.0856743949570002
2.5300636565086885 1.2338115292699492
2.694533849305333 1.0808493628434364
1.7367094369260618 0.6174966825914745
1.8313032824871778 0.31037806493679715
1.9452976369951633 0.5643602430730879
1.7427200065766102 0.2725577808820041
1.6960339601963315 0.7264104355298209
2.132595810614066 0.4216619444347867
1.8007572344476235 0.7410079839528037
1.64525674594203 0.2142205389858801
1.7937094659754136 0.8223250917058531
2.317303287881252 0.4849883510553033
1.8763318085094802 0.9271772601836407
1.7749225247333662 0.39903432949335743
1.649377758717313 0.24732180789071706
1.6397204178157805 0.5560938852464343
1.6201412298932505 0.2625450589055892
1.9143192513052636 0.36559169273170594
1.601360028311906 0.6255650111610368
1.8953920435132092 0.3471312287209891
2.123445632640588 0.4653750038396627
1.5208396979421508 0.5219465656658796
1.5090779183783574 0.22380647332153136
1.5680879833108952 0.24115983530706725
1.8050648096710347 0.33031638306584127
1.4209220999321281 0.18950365724740928
2.8056133994668473 1.2845143542216815
2.053713678301764 0.921737856639835
1.8479958282748916 0.8896893712333507
2.6757745180774384 1.2494122792961002
2.2628755033341936 1.1165145940096834
3.165876372779154 1.539213179837097
1.7894193456359937 0.8282914393096718
2.9670485799109962 1.3944516217477616
2.318817005531101 1.1613571737223087
3.0476506924562248 1.3699616605146112
2.6963599325839143 1.485073976903349
2.8133206934084276 1.324305226220763
3.2046742984850223 1.48478470138208
1.840655924335472 0.8873717927393242
1.8352407950898701 0.8511931584226913
2.201102665407081 1.0844321603357345
3.066908606258308 1.511997893215874
2.004825199417777 1.0139695267404139
2.3167833413063192 1.1790832043874224
2.7457447905414676 1.2896374093187102
1.7022703616160482 0.7330196440478927
1.7204904077921763 0.7783194876675541
2.5574091496962548 0.6746473123592875
1.8993682598795536 0.9128342214305244
1.55541107443113 0.6050571425860101
2.675179346926807 1.3478102268581507
2.1011716124553184 0.96824438931266
2.512917883344233 1.0843543566081464
1.9965321828214648 0.9580224879108684
2.4547493337903683 1.1306763005761988
2.4880287105757914 1.2018724736708122
2.298273957060014 1.0812670755653457
2.5811425215997255 1.2032232474251172
1.961115997740025 0.9321067819273254
2.05427516751326 0.9854804182341261
2.3633562593120674 1.1082058594110087
1.833938632608013 0.8443686349713028
2.1324033939852542 1.000515452164126
2.243828420088893 0.9858955649908925
2.334657748655106 1.0253015615862724
2.204339357588488 0.9750409116641652
2.125993737208014 0.9976455665557724
1.414337487956331 0.45859607077211817
34.56024797419291 1.2403749697853517E-4
2.496067738490496 1.181955050182317
1.51918192518197 0.5702705893909643
1.1717238148660556 0.0296983288826126
4.772686899714168 2.5914475113513618
2.6718285574451315 1.371822043846441
1.5965900214661866 0.6209717810057209
1.6748051833403683 0.19551823545821792
3.566930320625481 1.968280905036489
2.4747644487180662 1.2676997708461362
1.7891980701771317 0.7845718532653471
2.127464882892415 1.0302820142301556
2.1099039091915603 0.9147875773502757
1.5120957008074147 0.5600813999847205
1.2824253590311923 0.06433959792890193
2.954496739160456 1.5011834567622813
1.6544194282443037 0.6780740580315653
1.7784641732493225 0.20421015289453925
4.587670306032127 2.461638109838005
3.040227087251578 1.7077519118313242
2.2520439993478556 1.0456478303954269
2.6406754743439076 1.4471420266519557
2.865195310707356 1.1361268311225459
2.6400399044316814 1.3783013201469445
1.5760135830064785 0.6157299887097133
1.918212095265893 0.32747485707465895
3.053608137993939 1.323913547850378
1.7983809549435072 0.8507604576781176
2.7016398780666013 1.2064913761685716
2.31244199947871 1.0995114231737744
2.833625854708321 1.1982125605661507
3.479885672719228 1.9597404047204867
2.440845778430994 1.2932886939575934
1.8440271831501271 0.8523680924704792
2.416114338566052 1.1993942860236029
2.037066891122282 0.9711868963988706
2.374903000457102 1.0887699207193404
2.1233496369450284 1.1413158650461954
2.1711099886813408 0.959326269190056
2.274439580289364 0.9887454042305782
2.4633216462694034 1.2174733009438437
2.0103129578408403 0.7289044165494574
2.1969252045373846 0.28628740627418625
1.6543596079184317 0.681312541006377
1.712412366744177 0.11428371118680791
1.7469749652821855 0.713945416033829
1.4932089441025411 0.11602511236133482
2.7018266518489362 1.2041897570686602
1.6453672924732463 0.6594452763998744
2.2074442559331517 0.4015247773331392
1.640931273602068 0.6825979101281634
1.6476120114266144 0.5969748315427509
1.5964669986653015 0.12696388896020278
1.8423243036897645 0.6870178820747208
1.6936121784089515 0.17798636483847718
1.815657178990345 0.829810670937216
2.2380302312942177 0.4296109284322472
1.959495276670995 0.8776774323394161
1.6926710011178492 0.6966841975487914
1.8257570704781036 0.27721772689648266
1.786273744981982 0.7768061296572588
2.214169380783158 0.47940257082242344
1.8345057112874188 0.8958972563038465
2.4775849492384703 1.1957848032180605
1.6675799555532258 0.74854624812072
1.7430385993279818 0.8126459219221563
1.873645618675027 0.8229590482216035
1.6343693328368865 0.6943506642961754
1.9330796776094654 0.4233514133346027
1.8143230894536728 0.2545813161149122
2.1027452031306506 0.3127773414698
1.3690345230782424 0.12863809950084462
1.624592631452276 0.4959280746252698
1.735280484394124 0.31624333556528955
1.8099970094952864 0.572103826519759
1.5253122397891001 0.15892759328816797
1.9794127894593494 0.512729358982001
1.5699790602543344 0.18866163119690949
1.712489342846627 0.6719503030702594
1.918708319090627 0.37924319439169496
1.7775773459513027 0.5157869860753905
1.802909099691863 0.3086334850311394
2.1042033161789506 0.49057838921389213
2.0483742532275357 0.45053945371828635
1.5585292530388357 0.6340464477416314
1.5975761943068811 0.5839083885297351
1.7473792750623494 0.26354738843966447
1.880811859916318 0.4414315220589598
1.3268633186541967 0.13428917775855037
1.899669329154747 0.2611304388461376
1.2301231663241659 0.10502477351267984
1.4937604735653371 0.22980336657375103
1.6869381525552056 0.5229818758765634
1.3344966364254855 0.13400565976813913
2.197944734016958 0.45630796464058715
1.4191868128315184 0.18887170304096654
1.6534101060086175 0.2902321662099001
1.5919454192959641 0.4990698093194955
1.7103118442891985 0.3104384527610209
1.826912633028889 0.368353700449987
1.5943350434047212 0.389723273761925
1.2683582837733414 0.10884588756884696
1.7314894994318049 0.37875752241258887
1.0285078720065837 0.02113686806009919
1.1569274344165195 0.08109155474888118
1.6670892343790995 0.49405305025587826
1.2636296878405577 0.12593178852794423
1.3415967255194867 0.1628676918312766
1.59995393668713 0.27862112548501256
1.4507575327800617 0.36186166785540097
1.0315458310232892 0.022560237895326074
1.0203763282833598 0.014510974509747842
1.2330022778490752 0.11972619511216688
319.8142660023597 4.941051093896598E-4
1.9388929077009154 0.7983013804869069
1.671560434290745 0.7189979435490494
1.8841451511681577 0.21726760177169624
2.9638105080354027 1.419942890939107
2.0165843230369553 0.973355441861865
2.7544471631082894 1.5593421755622863
1.6774049415369867 0.5479218230509029
1.8251033628922406 0.22621120143781126
3.4897587660496505 1.5194160829456793
1.97000515050776 0.9747337876727349
2.230296334050113 0.42410044934609736
3.14640172475992 1.807371473746228
3.2404357247312525 1.5057540187844674
2.9269495976649282 1.5473689157581205
2.418896381257646 1.1238708334326386
3.0485402060571953 1.753319547317666
3.2592883643717547 1.5676333174024704
3.008404056899597 1.7587099381530824
1.6665475517723185 0.7030631426189167
2.1464334150191524 0.32153462417151507
1.8902336994180375 0.6284742074588472
1.8254934097865805 0.22245436837177326
1.9365520789613666 0.9831302966769879
2.1469180954638376 0.33190019519753244
2.325394056633687 1.0016474328478862
1.8406333949527625 0.7490285242492569
1.5479324160569647 0.19768592142742208
2.044973854378535 1.0466318545017
2.1644361810708648 0.34491670270158703
2.552393212835562 1.2561624307311452
3.0219114801292246 1.5175671301108116
2.199579822521062 1.0853331679181133
2.5324873446892955 1.232753537825702
2.6988391258362534 1.1572570043743167
1.7606519068653343 0.5565316878509154
1.8316790975683332 0.3095572091776927
1.9582499509673208 0.5952898437120258
1.7439778275795388 0.2913668998486043
1.697267467994747 0.7057159112342297
2.134265436537048 0.4226962333376765
1.8019550584290402 0.7643391491047813
1.6515057633861734 0.2246523544993028
1.7938847174359887 0.8238454684515677
2.3173298514693537 0.47544433042295825
1.8774089796276852 0.9220890922246674
1.778792604183806 0.3989565258101095
1.6506024801536738 0.24727730937090941
1.6404534079284057 0.5545840068332517
1.6222831242614388 0.26045521843895514
1.9151619864447014 0.3681448882941169
1.6014044826508511 0.6294831172409934
1.8955695142620792 0.34713592275395455
2.127119596522669 0.4606215023384629
1.556515211391237 0.4462122180245017
1.5093947576375482 0.2238072505884505
1.5687741679587504 0.24151951121738455
1.805155914483266 0.3304568833565855
1.4211348866280817 0.18958455681987024
2.0539437770923286 0.9218110409714694
1.8482577295863458 0.8904854286336539
2.6909688004701993 1.2376228123751885
2.2632266080098984 1.117236328035736
1.7916393226940466 0.8268427607696771
2.990274993746041 1.3382684949944494
2.3210579290072366 1.1670568898211988
3.048315076517673 1.3704165685773986
2.696506236500343 1.4846262502200798
2.8134392110932707 1.3223948538181618
3.2049496446284493 1.4847716470448669
1.8412100314054975 0.8878013942661388
1.8354986058682288 0.8459594112138059
2.2086133983779233 1.0970825742111037
3.0756295824439936 1.5354311443662083
2.0082264737503737 1.0035407022624658
2.3189962108170983 1.183551731240611
2.750152738039568 1.3072491773771677
1.7058099433687732 0.7493448720723812
1.721118682663409 0.7794220888689597
1.8997569165295365 0.9118811627407983
1.5556621908624413 0.606112364116679
2.7497126595976398 1.2644134955244912
2.10295537159651 0.9676806289311042
2.5501885502985338 1.1283104907969823
1.99660471800537 0.9580188049309943
2.4549026415522137 1.1288589065404573
2.4901118520294605 1.1939205727046882
2.298787375504511 1.079190746786096
2.5820964767240175 1.1990069982176945
1.9613734407234276 0.9324549845610084
2.054335584429827 0.9855181171100611
2.3649897498848205 1.1087556937923908
1.8339972012219854 0.8444051324319555
2.1330575057374355 1.0284240764054842
2.2443403299717586 0.9851903529975015
2.3366724098760834 1.022624991142622
2.2060358315039448 0.9759269295665958
2.475060815225651 1.2711948507954367
1.698027490502294 0.7149981529952874
2.207914002217894 0.3778541570810692
2.173707597558728 0.6182239004617722
1.8270192926852704 0.2779573059423127
2.4322605972967275 1.140313861046137
2.754886981941402 1.559709385055343
2.9378913908305773 1.1833696087180563
2.821406149336171 1.3262008573533879
2.443193685211522 1.3098804603980203
2.041898952974361 0.9896993952401711
2.601165511241385 1.1862378763977806
2.139133989543992 0.4339463712868089
1.4383894537734279 0.1936192224219587
1.7864938244960613 0.7748826647229472
2.127096222052301 0.9966063939899313
1.6344199912901733 0.43280317865903256
1.7544478567282682 0.7382553223311716
1.6033516242567205 0.13377582928777004
2.266144860816775 1.0365578310925234
1.5970891666513638 0.6499339790142977
2.335527767324223 0.9469858371274134
1.3850320218759524 0.05705584791717862
1.6882678223117003 0.5215175250229278
1.3907980844910401 0.17733658564623622
1.7103536521982339 0.7333064189625236
1.8164096596751567 0.5821435513319799
1.9614956125409315 0.30360638710795873
2.640476476565817 1.095825059989699
1.5022137685030854 0.22354882347259744
2.6931773535208388 1.4296692026172713
