28524.75024988341 1.6721214103463022
0.18580450844782012 0.47117584820933184
0.18497235447440225 0.27521443624615755
0.11570135703456108 0.2599201624856262
0.141461746569501 0.20915609962881093
0.162575602561886 0.1516888135527818
193.05776644694316 0.0786533455957357
0.46759478865803694 0.7932790072469238
0.45897731776175754 0.8871428206507039
0.4998951876002553 0.6832161115357127
0.1643179859381431 0.19949941048249603
0.20335296792993415 0.14777242743437508
0.19614113536132044 0.09882199724750224
0.51615325437238 1.0613079034563437
0.7052756464809661 1.1231619696844857
0.9003708342998624 0.8313561951383008
0.8212558895374775 1.1246884890298041
1.827950896649635 0.9830641850504966
0.6064778907821005 1.2096583393625586
0.3293273509593814 0.5363127824800784
0.3058597951262755 0.35597667651640647
0.19123112058366043 0.1930575394918624
0.19668298292673247 0.1593854520435736
0.27693128562789604 0.10971772391850725
0.7340455208078598 1.6254840780435542
1.6632275924567852 1.5073564819271241
1.1829794168750645 1.7097082250325268
0.5599320878244292 1.101777086551147
0.7524386065250385 1.0833643584074104
1.0495318766355792 1.0321314392463972
2.1493510267554057 1.2470260217017732
0.908395849347082 1.3678810754074178
0.7273716504639943 1.0968712242586292
1.2022922998069268 1.0847752451976045
1.1592298195732407 1.0685989859422624
0.25353027866963007 0.5265535252663937
0.2077715883202933 0.43605527193113724
0.22155089006912335 0.2614744232500248
1.0756273899239461 0.9341040125897155
0.23835671606958977 0.43914740623800674
0.18221001484030847 0.25885264862221924
0.17626016422580512 0.19419130107157515
0.17770865493893354 0.16831412063168605
0.28642883003970476 0.08755485828710902
0.3870095290516833 0.6454652786491673
0.8435314529245479 0.7608387731370385
1.6576365265673738 0.8418027873852688
0.8667333759665712 0.8744300111777185
0.3063213690144656 0.6033234525717404
0.2051141539128854 0.30121000643798845
0.20517535156053848 0.18208056361858033
0.25856357382032635 0.10935099414772627
0.36703960752223735 0.6280317323560822
0.4159967970567878 0.7041186958812466
0.6377773558021551 0.7056846955840288
0.9157749573060416 0.9724481854915407
0.6895577462445258 0.8455459897702685
1.3751502786700018 0.7489577610319398
1.7309765540383673 0.9280036995739738
0.15496186969179943 0.2567711251094279
0.23096833259295596 0.2763255797612054
0.27471994700605545 0.36343051212455624
1.1043791565164347 0.5337204350837268
0.1839327732957608 0.2438673137445948
0.27591536195908745 0.2514530281995552
0.23220438076352926 0.10992629150439451
0.47383616034344433 0.5075986100960287
0.3769231919795477 0.25106599353383263
1.9156649802801824 0.32516950366516123
0.9751173431924016 0.6229039882330374
0.2350549052765944 0.4224764294923438
0.22589062702660895 0.2388419344575271
0.2126639934428408 0.1858970403231425
0.409730903734996 0.35184667911257395
0.3479234479856404 0.4948456174378218
0.1499622559534352 0.25272245445027736
0.8440208376703097 0.42401211504852826
0.17222874627076878 0.23710090525614125
0.14886772927800007 0.1462878756160961
0.5640087038883999 0.366024256348242
0.1948542025840915 0.25270456261859353
0.7054849551341085 0.29705396046532184
0.24507494143827105 0.10724945767665076
0.46755211345122866 0.2819473927214844
2.2813878858850583 0.4884359183883508
0.11593977972194544 0.18011521056242802
0.16541036452576396 0.1575422431970676
0.18560999506076767 0.16627731463022444
0.21656169200858827 0.11054186407737387
1.1408702598803684 0.25535844077097525
0.6350639402573957 0.28647747647606125
0.1319705196817285 0.13485702850538345
0.19002101914112923 0.09994531602287758
0.3625945758202536 0.11065533909334271
0.5117154670883264 0.15327213478165194
7.104195654693328 0.07821061025038505
0.5088689893010215 1.1764648295505893
0.5298751294412508 1.0059777479474725
0.6008057563624454 0.6759286242889908
1.2567239281959863 0.8722245537376636
0.7151222917777523 1.4947312540587654
0.6814352829255494 0.9031818311635216
0.6531891425591421 0.6585120889346114
0.7722333293352319 1.500218225022512
0.6149457789081192 0.8052287882401501
0.5415569364675593 0.6372761080117763
1.0991683385100655 1.7139755098679943
2.368220229870902 1.7525829005349969
0.36743181417014187 0.796988437350005
0.4524392673260277 0.7471601573468566
0.7913366095637793 0.8881743225216454
0.8141826042670646 1.208449833103745
0.20291010133436208 0.17927914499907127
0.24886299870389306 0.10724796380589224
0.39180694886990225 0.3534378494564852
0.7177325698936825 0.6891504273176029
0.24900975401297093 0.10961963557141488
0.28311330738591506 0.330220684411594
0.5037383831204102 0.333897593813896
0.533607143629971 1.0871178048325363
0.6755507155530139 1.0764616750474068
0.9482464361978172 1.08054762117145
0.7475091990092969 1.2685955454947409
1.419683276977 1.5564609025441536
0.7570359844760021 1.3408254800506807
1.6158270292959442 1.4751789203695176
0.6371951898597931 1.0134411001157482
0.6693549639108025 0.8217715424877139
0.6681496395813334 1.0837937681534227
1.1130128572799372 1.0910386808554422
28609.56624949427 1.6547834659187535
0.18829833234047613 0.47552978820228636
0.41485814093304096 0.5696996548031156
0.12313299911166199 0.26421331789481733
0.16664309478726136 0.1620248865769799
0.16593739969729226 0.15368931209998404
233.94650126258037 0.07874227867317679
0.47116582649431593 0.7960192959731873
0.47175860437543726 0.8446816149471972
0.6492524832248844 0.7017572240588281
0.16928477904220063 0.18297901622713572
0.20522756383127133 0.1342287090152997
0.19683550967855568 0.09958057611766424
0.5292699067631124 1.0576731742836876
0.7202840175505469 1.1911801245443607
1.1370144948717438 1.0252652856881268
0.8229147389688872 1.1239346861319652
0.6068799657372732 1.2096533451622256
0.5413634957973923 1.0403839134864323
0.384006983849815 0.48943409961135725
0.21606583008773855 0.17477058821531627
0.21331595068115533 0.17199006572026176
0.775267820809818 1.4623501491740218
1.6806562993102503 1.501747777569292
1.2622614436641908 1.735209107349419
0.5776945966137498 1.0965769259314375
0.7952270707981464 1.0217578597405321
1.0924659756927526 1.028065914756629
0.9278321530692966 1.3765183658748676
0.7298405500254517 1.112447387392454
1.3783850940229334 1.309718143617397
1.3083457037753106 1.085565366988102
0.2542743944788858 0.5268517543123923
0.24602405211727388 0.4004738017684291
0.2241865328698454 0.26780744066822404
1.1087152204732624 0.9485086405683887
0.2507205688497345 0.4607164875911469
0.18261988119841857 0.27217054551037834
0.182846244573516 0.18287347262607684
0.18457650108200885 0.17233545032647984
0.2885355641552024 0.09079870466894174
0.38828988878204207 0.5618828669743661
0.885504977094262 0.792074257601754
1.6587146993112079 0.8411189459246422
0.9906657559017189 0.9181105830423109
0.33468233663140196 0.6291441086081568
0.21693143228008013 0.26334782820979685
0.20590252408405163 0.18209248962525348
0.2599885445338434 0.10925615662101001
0.40094096698900317 0.6854798956763403
0.41814357004713976 0.7051724516543508
0.6463926461975118 0.7939358105246663
0.9276263479987481 0.9776983394876406
0.7645960430496715 0.8708631449041426
0.16296903767967072 0.2540180319131357
0.2832308176813736 0.3572996252520609
0.28704796159022217 0.23987355891396725
1.343223136657649 0.815743457748902
0.2605782697239057 0.41374216285773435
0.29039888199398994 0.26699449643197903
0.23880325762020743 0.10950586853343024
0.5767264888374932 0.49938874454663795
0.71301674565243 0.36594465882065613
1.0819424887122606 0.6680672904499335
0.2923196697630124 0.4762124997282213
0.5658861311880785 0.49907839133694765
0.24762708819911233 0.20992400498250186
0.6363892618531313 0.5992380010611325
0.38944688440263203 0.4650181572882828
0.1656223358458898 0.2545659033444021
0.19982219343322782 0.25375324124280835
0.15016446215977824 0.13900752568318234
0.5985750101481434 0.38708611948150984
0.20106897570421026 0.25013399244652884
0.806115558232778 0.3046791910926758
0.24783276551245453 0.1100820364294009
0.6202964483445235 0.29578549978873214
0.1494675530657563 0.20247329174293985
0.1668336196540916 0.1585756415276113
0.1879543062891305 0.16744103982570974
0.16296606603500963 0.15232534061037983
0.19114037179864446 0.10090268016892866
7.9912436118257055 0.07821894996848994
0.531511306240562 1.173140116934304
0.5338843273990539 1.014572366696133
0.6257282993775026 0.6989556382008495
0.7809164767383177 1.3844205184621754
0.6869209872767792 0.9599261137804322
0.6600290128930858 0.6431550067826552
0.7978926329757368 1.4663934641169747
0.6624529970980839 0.6922369041955692
0.6760778996381864 0.6632113257718804
1.1835025148705383 1.716887563022326
0.4046924999005572 0.8331028722818596
0.4616576868421394 0.6175215060458215
0.7960514399710368 0.8879007500846671
0.8208760728599631 1.0774975633519304
0.20363339503664374 0.179732532403242
0.24901597464216632 0.10636766586648944
0.24904618152353725 0.10957339664468935
0.36339703579535404 0.4679179721195954
0.5561612166466467 0.356331655174428
0.5705275247396752 1.0783775757425367
0.681850603240717 1.0765072927969883
0.9498278730363687 1.0775750891634261
1.138638785583185 1.41179471618696
1.4202973343111054 1.5147543248192248
0.8337564344421555 1.3358435563454716
0.7039420725464658 0.9055315049973885
0.946217763922784 0.8729338044698476
0.6778414147993188 1.1254689969504914
1.2197495672670675 1.0812109069427824
28704.261856532437 1.6246679886599331
0.19204575377441582 0.4778359522655415
0.6505143601905293 1.0859905238348282
0.14574674239720625 0.29730129748384576
0.17043521752041813 0.15922808312358128
0.16738756478448436 0.15434895375822372
236.5822619320978 0.07875163845651105
0.4755504356184047 0.7958416895720097
0.4733485250120718 0.7451078737541603
0.9322572337537383 1.0341758219853383
0.17195828510259153 0.18014793836563153
0.373153770259666 0.21341958499026306
0.19714983043924877 0.09871941735156214
0.5854534915525986 1.07759382175856
0.7546540165212978 1.1751989159048932
1.192239549279736 1.1130459627229556
0.8299243053702148 1.089601616970966
0.6071312830781653 1.2097583048149838
0.5431502241965611 1.04363705929923
0.719741125848643 0.8991235408066611
0.21773163256738853 0.2587243804251907
0.21496096921823696 0.1697554706742008
0.8448048299593022 1.3186593908812536
1.3768702515052647 1.4795287252610276
0.5883675235305941 1.1036258936253955
0.8006041425498533 1.0349460044229768
1.158106020039635 1.0801293799630574
0.945836631728542 1.376374391489196
0.7773418502817356 1.107600442288109
1.406537943003396 1.309294434417009
1.3269606613868326 1.108435763475449
0.25436596426183533 0.5268811070127628
0.254312639178774 0.4437573154734905
0.3565384579330678 0.503059460431975
1.4902347464760548 1.059485796148003
0.262719472838324 0.43831575685007623
0.20110626948262111 0.3100765490881402
0.18442502406847744 0.180279644773381
0.1848943007612393 0.17260150357047988
0.2939934630371983 0.09337084911851351
0.4620242033143792 0.6963366277782278
1.0784895049753762 1.0074579668103123
0.34057708570389855 0.6617734338389055
0.4959399615126952 0.7293346672993
0.2070361695657272 0.18199573028662697
0.26484551485027874 0.10895566347770541
0.44413661779960156 0.6968696735415951
0.47802389375136306 0.7186344673842027
0.7988910385447456 0.8465583467860682
0.7727018227784688 0.8413445115048936
0.16371313701044019 0.25697057703789794
0.3076292436739667 0.4053468772336172
0.35119330824139605 0.3811601160732417
1.772768570757446 0.9609571602801927
0.26709456674168125 0.4070280078764182
0.3874074656915576 0.4007013711283296
0.24333792673876004 0.1098166204096872
0.6080131240295814 0.6174307125598956
0.46072732327421884 0.47427592762230364
0.20162128941491447 0.25693414403826415
0.17380728930802694 0.12643256348798645
0.6009469314760217 0.38777880875679116
0.24434235149364283 0.2960027649258631
1.7289488398889243 0.2930789266612754
0.7396728555156658 0.3150821961989312
0.16176457127325433 0.21389390336118289
0.16937591388758813 0.16044063219115356
0.18801850864213204 0.1674388144254917
0.16542912503334872 0.15323678158072027
0.19141567856352898 0.10063432001087867
12.485965624486473 0.07823663554324943
0.6066262546534018 1.1515611476327048
0.5766514531318119 1.0960842645647477
0.6311572361026367 0.6830245487168327
0.7930560038573217 1.620126361721673
0.6884140396943623 0.9610502193354964
0.7779216872877877 0.6456211840349397
0.7982432859942368 1.4843232914244737
0.6653931018552279 0.6920713834587569
0.6797287727786057 0.6635209997690141
1.3326264289807335 1.759175956242313
0.4091412963145541 0.8067625210957873
0.4691177372812244 0.6161310210766808
0.8136481823768635 0.8921419108310686
1.1428382562966837 1.1068981555108421
0.24928841838596216 0.10731511001896982
0.4376035726955201 0.48416631266662147
0.5649663744741523 0.35818894828077075
0.5748395576958643 1.0802612036909531
0.7094869530551986 1.0745046206192888
1.0036785961557766 1.0792582440820102
1.191195800077479 1.2977123775126436
0.8817894560454596 1.382262062872973
0.7090179449379145 1.0158091451514253
1.0217178668502211 0.8951134140829031
0.6917647871087611 1.1152845737279156
1.3837400719649444 1.0919157996939681
28719.63221708218 1.6512775429061626
0.19278682539122274 0.4787090017672891
0.1556133636101919 0.2624080688584218
0.18153518957859882 0.24489920391531134
0.16859828914066988 0.15469026160961352
309.0770669578484 0.07892148347883586
0.47616969965227796 0.7959843052624566
0.47447235527474724 0.8833114988252095
1.0332811227426903 1.373660874175148
0.19050637071607956 0.20074700490504516
0.6221313388987837 0.2010752268235811
0.19723308915102983 0.09862276770433896
0.6178579078418834 1.233596821061576
0.760025177805924 0.7559062376790608
1.220883714288675 1.1307897487631955
0.8299287498679356 1.0896063458277094
0.6317181080147489 1.2134466263195982
0.6244715918430438 1.0458258329851189
0.8730997722439637 0.884488427596578
0.24806013352031864 0.28031727027097386
0.23737331618039162 0.1309641580694162
0.9171988014029117 1.44898139596543
0.6277637302652115 1.079553454849726
0.831021003145046 1.1094725662493525
1.1667558049015931 0.8974393411354056
1.1868616269085832 1.441394514896604
0.866252307964523 1.1434377843283587
1.4352560505730667 1.337180459878533
0.3903794179220217 0.6700828313620203
0.2560313109441764 0.5070737282379075
0.36407179851348104 0.503041422111602
0.2911904105125777 0.550941267562626
0.2838226969482031 0.3731518074151605
0.18502588145456247 0.18619404262830538
0.18517228534070881 0.17285236262940495
0.32581693169251064 0.11461899044784252
0.4948905247512751 0.7144467024315724
1.1393997257789816 0.9050637144911783
0.3619737850850851 0.6898828537227382
0.2196825540636957 0.2608889519684375
0.2910412194294373 0.09167858967786735
0.5533265348194262 0.7896993744030876
0.5006403653274852 0.5381287612121569
0.8886511059612721 0.8666928946438981
0.8850583311363529 0.8095074688065086
0.22154445750838403 0.38717222267662244
0.32550628240591983 0.4209940917262702
0.35933720754668086 0.39051600975560896
0.32120523597216666 0.43933096063749455
0.406944813180098 0.2690012326316896
0.2796301361182941 0.09137257370286797
0.6267839027917596 0.6257189553632123
0.4777685786236529 0.6257453409019559
0.21551399245772548 0.2563597283745037
0.6066832283589831 0.3922856157701834
0.29684272442046433 0.31776481516707034
0.7569089302482465 0.48075532202598276
0.17173483315710258 0.2174460080865154
0.1707499090005752 0.1612447997230883
0.19172408481581954 0.16899243826610155
0.16570162649718329 0.15357500201370697
0.19147804764399468 0.10158263080469285
16.97907040507826 0.07824728128080986
0.6491579683331612 1.152981141860595
0.6073398121547279 1.0882084398624403
0.6364187517126005 0.6823062283206023
0.8175336374972829 1.3943254331279378
1.264979302805815 1.5462911849004146
0.7908123705772522 0.645305707170261
0.8081497984829973 1.4675834690211638
0.681244807300954 0.8206946579329635
0.4633149836460192 0.8292875018730284
0.4764344498166584 0.7383227513458754
0.8822546602912356 0.8945305265760701
1.3597837448524368 1.327547930864412
0.2497666140294506 0.10765537006619674
0.5821536228006641 1.113668267479239
0.8160442709012169 1.0695570117861195
1.0447052300419128 1.073472386717413
1.1544486412711383 1.4840651003865208
0.7205824639023544 1.0085578303596148
0.7064033969478594 1.1070204455443047
1.6081173181711645 1.24593222639408
1.1613718245229552 0.9711197779576837
0.7620134504816454 1.0795789227847692
0.6306492221223241 1.1171133654003913
0.2232466750804195 0.19922859202670726
0.784429955803599 0.3571167211000188
0.24205589950499778 0.1562983572807463
0.8393401137788754 1.7394937093321394
0.1921485728426687 0.10179079246581134
0.18549358724327353 0.17303182145176216
0.655121147425479 1.065535566663265
1.2434292271971537 1.4967069974396976
0.5325606309736483 0.7478519838495137
0.25855453601407974 0.11323447996388697
0.6555776867037217 0.8552132510158875
0.7434927073824904 1.1457905100295507
0.3518642548829794 0.6430082456979402
0.19052622389134294 0.17920895581675128
2584.8286006379303 0.08420531296470363
0.4292664900732781 0.5061270562353415
0.5898652185039113 0.5006109362472196
0.47534124245413156 0.8881420352759987
0.19482931402797918 0.24240295104972642
0.6841878139813475 1.2500836953095853
0.29319706968678133 0.47297031513680776
0.7001093053785727 0.4986590008406851
0.6077101091935339 1.0797677763087878
0.48114056720079623 0.8018726316742448
1.1770445813506516 1.118543545684565
1.3706224310431394 1.1917513787825225
0.7453971055842523 1.1100881506885567
0.9382604136744189 1.2527544748851795
0.524970405176655 0.7045931658527327
1.4612971720554797 1.7237378511216908
568.6832987438332 0.07952723355790886
0.8689852076745321 1.0758608944336951
29253.836899569917 1.4904769030228269
0.7459197298102206 0.8683969717386072
0.8962934916916212 1.6472517042098003
0.29861838018933107 0.368450815111538
0.168321892846539 0.26768262231599116
