26694.21149863901 2.316008213993988
0.15995951277012632 0.47183934939073147
0.21046567665202204 0.44229196005256116
0.1095738208246067 0.27742894540580193
0.12856251612405384 0.20606116602275723
0.1429629022995132 0.15139506601118422
93.0565078875908 0.07844458933432945
0.4625673807102021 1.1563042803391457
0.6933123653668471 1.029770057212788
0.20131211887675401 0.2942830767776057
0.2285011280104256 0.24623160910835878
0.49094862973556863 0.251197475319076
0.4914696552656553 1.086074235782731
0.909444547828733 1.0581551377162646
0.7244272244410025 0.898712681302047
0.6488413187337249 1.0523196881177705
1.1223214033463274 1.0560863725305372
1.1132637520787196 1.0575267286395478
0.5242461821999671 1.3178729495360408
0.5417133258035378 1.0859521315844596
0.20670280561266052 0.3428931118155682
0.21635554922682573 0.2517384075551537
0.6757284453041588 1.3372368497170994
1.245609903723844 1.4184970660709542
0.5788117278925737 1.0363740251048956
0.5691408531679886 0.7932917159971886
1.3586432970115063 1.069675222461849
0.7854759558770253 1.0921861184009132
0.5976987882136301 1.0621465754760089
0.9431630520031081 1.0822907281122576
1.3133164728165452 1.1802463696443828
1.0539481474589536 1.0490903168139227
0.20874680662853323 0.47800142700899
0.5708729116160287 1.0966152543766856
0.7915041459045342 1.2465544378303666
0.8985289352211491 0.8754106951910205
0.2619238023057172 0.485596034034257
0.19361169368980732 0.33030386138456164
0.8726869837706395 0.6084587598314446
0.16579689648605248 0.17117834022240108
0.2394326395252386 0.10993508932785892
0.4026733591903173 0.5909706293782376
0.8192360300778283 1.0032525588594825
0.41106173306963656 0.7599901539857121
0.3141110988622326 0.39784201942458786
0.19298985800414867 0.17516275916322022
0.25559592951525933 0.10609972983307836
0.4349039819272112 0.6673061659651272
0.5027400932019923 0.7590786549865127
0.8186891297068749 0.890285455334219
0.21778532049971544 0.43316743008610237
0.16662492102171317 0.3317342681426211
0.26505520246375075 0.22293139358875722
1.9116681163692744 1.006053977237329
0.2043301987674278 0.40309755183207985
0.19252406819954468 0.2720115849629148
0.1781666114080409 0.18258184232642247
0.45434820908450624 0.48566052721997693
0.8470679098304321 0.5400934604537289
0.3206764317918487 0.5732449642825656
0.3326788386411399 0.38768711549951673
0.21948401761455474 0.1747311237920534
0.5939032754652314 0.5510621709392305
0.4718834913733948 0.4760238839096175
0.13302330493457218 0.28423599777317227
0.21870079002359982 0.2768089959118099
0.7253481479474814 0.5089965949250294
0.18554718573545606 0.2846405931727318
0.19239026475985938 0.1785595753476814
0.6556858724481504 0.3567919160615771
0.5320017648073941 0.3570815861986599
0.2619996612621342 0.11076302661091803
0.6492271278647535 0.4726044247252888
0.16437906080397535 0.22120489388947953
0.1657057923969216 0.14770287504656504
0.2744540170867734 0.10682775409381078
0.21887806451890157 0.20005996331462314
0.2459492916791542 0.10856218878236526
0.9016596257966047 0.2858283471906031
0.30639474767666414 0.24904240511918985
0.1504098250078021 0.14006511676072625
0.2259744864902965 0.11033056320053602
0.2603612195005195 0.11998417734032232
0.841165132653349 0.20338889855228165
1.6907283933338024 0.07822788303472501
0.4757478831924489 1.1873942544810785
0.4902084770679881 1.075976316108523
0.9175438694663993 1.0253654462348534
0.9155799883693192 1.0851967855305042
0.66001247014389 1.2791223864511765
0.5539290499285003 0.8886277445297421
1.046892516943031 0.9644041403004671
0.94726954046108 1.6171570497857064
0.6524891313585874 1.4976203694314192
0.4718173492643871 0.7751699853294878
0.5803942271483767 0.5417592470992714
0.659076580709263 0.8080758612627892
0.4592751482211176 0.49020454316115264
0.32038122489270954 0.67154545222432
0.43939646254274634 0.4911829493304808
0.9898471134440214 0.622491291895781
0.4640377166968957 0.594259282486806
0.8394864582333768 0.5216114278441966
1.4460729174641385 0.608251323646428
0.7334946023550022 0.492501200930278
0.4987298755563768 1.0810418478229544
0.7586030911061299 1.0804306254991887
0.8092294369215007 1.0883939431882261
0.6223666043110471 1.194118183934814
1.2080848038924534 1.04617785850568
1.2714064037713186 1.3915789882563303
1.1511344586221945 1.4681683002416412
1.4307947719144476 1.4691989983510951
1.4631757641983176 0.769273435605241
0.636730684744382 1.1178823324604368
0.9184376530524092 1.080296858271115
0.9668467446378255 1.091427891176394
29066.91024808598 2.23351960909624
0.173872729373566 0.46919670482695586
0.2526123199311271 0.4956382175193211
0.11298883510062385 0.2819402046999195
0.14796874223602627 0.1978585855033908
0.15005500003460348 0.15292025013708754
144.6011594959267 0.07850415239611314
0.4835874115642822 1.2294499037072169
0.20182919562620835 0.291755281891094
0.23027686542289585 0.22764968482471534
0.523863529218379 1.0420118166144494
1.008060571186239 1.4611800077579793
0.8494236706204099 0.8691693865406587
0.6507225004824645 1.0336689912957717
1.1230379672186661 1.0535996141315804
1.1311774450766412 0.9945611444045216
0.5287435950368093 1.0599730503124856
0.5546666503077899 1.0922017372314052
0.29911331126532015 0.41839783541463593
0.21799423994017914 0.2513451149822396
0.6864954803509253 1.3475795616945994
1.2598512365528518 1.4697279125735323
0.6189536687925974 1.0662268277317135
0.5820487521971808 1.0174252807587894
0.8679775608724422 1.2961901291753342
0.7109071898828463 1.03767255225184
1.0720307233046367 1.0815074439731063
1.3212966465303952 1.2160537668321807
1.0876120588563727 1.1600886141986948
0.21759825553549886 0.4563103279488418
0.6017360625656634 0.8994631702677395
0.8409264135624599 0.9374522178011264
1.066789369228204 1.0117405154317587
0.2628501442605276 0.524419979892444
0.19877600329845058 0.332212772826906
0.1730151056916348 0.17864186887258968
0.24300785732044117 0.11320102860030337
0.42927870938388235 0.6021353377662297
0.981562976720397 0.9830769166604174
0.4329368500038817 0.7242997598846519
0.3212546375573835 0.3971543008628323
0.1931624017673204 0.17512639173864125
0.25637380027655676 0.10639416497783
0.436641185441024 0.7299755127767606
0.5040294640408286 0.7590994136611202
1.2806297331911867 1.0616995914880647
0.19889835245030513 0.29180032920180465
0.3033874988994871 0.3210855029454287
2.060526771852449 1.021914934288693
0.23082364631358349 0.36139387514918797
0.21445400078063342 0.3467055897071311
0.17873160461323329 0.18927308111797705
0.8816101948864816 0.5656463232454486
0.87518934209394 0.5431710167568637
0.3487978622258926 0.42620268850335163
0.38988898941934275 0.34349095248392625
0.22129298873521813 0.18912528845227516
0.5210310608169572 0.4719986507186261
0.146313658222509 0.25438869549923376
0.2487143835173109 0.2487795017959381
0.9694380501488616 0.4684443152795868
0.22506988645688264 0.21921104585150275
0.1986389563122819 0.1870316490248116
0.8611586671671592 0.4591409661509107
0.2620050030122256 0.11114946824877811
0.6514527317190757 0.46905125535273895
0.1889544686505144 0.24001950479635303
0.16647277844066571 0.14745367039703006
0.2780643849521853 0.10707868018291841
0.24776525120815346 0.21859148779411847
0.24817139740512528 0.11203931706457325
0.3176958510039126 0.2602847040148891
0.1635519969023439 0.16187129226978197
0.22711884100712965 0.10874407678576975
0.2724911487929478 0.09856811874063658
8.972463556584453 0.07824659142269774
0.5359738364752149 1.174420483160782
0.4951657048026509 1.1018466507739166
0.93880702102074 0.9661476366973443
0.6601945327067213 1.2791776186897077
0.5543638553371111 0.8891285587452121
1.1386169522941025 1.075123859097115
1.0578788111781425 1.7082650347762518
0.6604006518212138 1.456570846964135
0.5421128713902992 0.7803314142912376
0.4645289387303596 0.45398491086131126
0.38564112544281304 0.6840833383273432
0.5531775527099911 0.49412628823891686
0.7476736716430341 0.7824860646513866
1.398843031365388 0.5170217091141178
1.0489704807586557 0.5890075603372542
0.4997145540836323 1.1200258139030486
0.7624229113505288 1.0818228094341584
0.9097194355382933 1.0797456187289614
0.6783504651331699 1.197300105521344
1.2174575126512264 1.0553092752558186
1.2534732128413144 1.4509387254894757
1.6447565158854123 1.4612454303202929
0.6543088443799627 1.0830464856858355
1.6229070383922664 1.1616434966046716
0.9750862403558035 1.0904364691889152
29081.849303285206 1.3755471912098942
0.17423668791557048 0.5027892555521191
0.2843104398778016 0.4551977812682535
0.12515665279800445 0.26871915527816076
0.15102359307665802 0.20418627732421815
0.1551488397711243 0.15763216148851944
237.06772223367884 0.07882892838997663
0.5755849340845943 1.2136599213829433
0.20285038802137506 0.29956447500521216
0.23053217211913452 0.24854653152376477
0.5385724811349611 1.1221168282755833
1.3079874237915188 1.3030415896601328
1.013728771064172 0.8677272307537742
0.6959056053316771 1.0129768261746772
1.1840635935843218 0.9970503664220208
1.1867920821699085 0.9822868710129964
0.5342466821590617 1.0783790562911637
0.6055199824986641 1.0976787370487568
0.3045438816495618 0.4190416119438149
0.22361545716943587 0.2494518115066478
0.6894092701493116 1.3027040936118843
1.2860756390423573 1.3997416324697505
0.624129500602638 0.9938085162523693
0.5827556378983754 1.0174260566128936
0.9393231240113746 1.208312327329622
0.7115934758903235 1.142300244864215
1.4187820805089113 1.365291200260526
1.1490014892894003 1.0376930095962456
0.22115005200943613 0.46095836461091366
0.6662137511332022 1.0372536255014717
0.9415540646003868 1.1158340832782774
1.1963217842804519 1.1245308738199147
0.27097295688058387 0.49080156393857005
0.20308920782511897 0.3328273960865048
0.20960398868711863 0.20118340810206198
0.2435127897899349 0.10971877205034317
0.4296905985090424 0.6160522650394487
0.4508278791116127 0.724129541662375
0.32479471607614896 0.3961385738674681
0.1936429701827665 0.1750160316369211
0.25643788221338176 0.1056868986975138
0.466880836013047 0.6572974260410792
0.5999808780534386 0.9321707727493083
0.2011623993405845 0.2788375405164358
0.5811895750464182 0.5326270299852001
2.30152723716236 1.0675106563884942
0.2500285468972536 0.3467711225492131
0.21555806313115863 0.24460865825191477
0.20064113697088126 0.15967359867841083
0.8962183325891773 0.6123330101617617
0.8971376056101911 0.61989506490411
0.3542777474429052 0.4259623151758654
0.45242462858053645 0.4040958007799546
0.22627554424990876 0.16616276632868873
0.6633223862468756 0.5117926852531023
0.14801655729067004 0.2540071188648128
1.051297140088642 0.3344474923302291
0.24329649724049526 0.2192397872331292
0.22444539358148122 0.2064474076887124
0.9144933128912208 0.5325185362611047
0.2621025193442382 0.11069046973243735
0.6540112211207572 0.47524397341849445
0.30557659480322663 0.3139559920020709
0.16673083387181623 0.14719984516809548
0.24985755826704506 0.22287840192153716
0.2496288833623942 0.11516191861138428
0.7396510694332225 0.402694440129435
0.16579813756040437 0.1622999345012951
0.22718157284735593 0.10874955389876394
0.27660355973371065 0.09546954023737748
9.236518841318228 0.07824658858222495
0.5452035302107052 1.3507481532767271
0.5223602795992495 1.1019661734177109
0.9781513464718793 1.1156638974325248
0.6694598239709009 1.265176424913073
0.5569647697982508 0.8916562161063086
1.1490417809546856 1.5568367189590238
0.6872635027505289 1.4627125976322943
0.5689716291847822 0.7867867988428551
0.4242433150954512 0.6825149834846259
1.0773424609026443 0.5942586132981467
0.5078168987488619 1.1306777767356149
0.7803426589861994 1.0820057833125993
0.9128223074871171 1.1052274614276107
0.7760717669408648 1.1663785250321856
1.2633467319512346 1.0289620615315433
0.668788498786376 1.265011079474073
1.0384124021367154 1.1019913358213964
31231.734552599326 1.4523946308734197
0.18272735111445473 0.4420544147022157
0.5020249120360328 1.0681645699124298
0.12703058365423198 0.2760805151536909
0.15348543265904627 0.2056357220985611
0.15553893198474375 0.15783185446707015
281.70846203230315 0.07893378669838591
0.5824542405837672 1.3050253753059216
0.20322993956095392 0.3010565183415168
0.23072276737214098 0.22767093277950468
0.5422852745764178 1.0920539994674032
1.03686547495897 1.0195108685347594
0.7161618411781687 1.0099685880788287
1.1886800240286968 1.093983952591871
0.5355822579724846 1.059288609906397
0.6298095268161061 1.099513259122507
0.637484083473834 0.829361648486656
0.22555841300324314 0.2518796449604967
0.694105629871863 1.3246975529265093
1.513141248259092 1.5408946601788727
0.6435009372710712 1.0128225192143296
0.6588700780593537 0.9888105731922092
0.9708924068602182 1.2079167506518254
0.7217786862267841 1.1634712497049136
1.5265420337129056 1.2166762042170625
1.1625019055396977 1.141480791286971
0.23541162088328127 0.4546994860136596
0.7035978499058003 1.0204163236073067
1.0873377830199713 1.2457227818326237
1.239890117878217 1.1929419263985972
0.2720887124001945 0.47851835160902084
0.20512276022315862 0.32119608441145375
0.23745376565402188 0.21765452350770842
0.24676046019609849 0.11827352569831157
0.4749545233833936 0.5421241399663514
0.4639615066779838 0.7023758925988914
0.5209408496050331 0.7097590362015646
0.19365020783529246 0.17502064339421308
0.2565847000059347 0.10638457185564337
0.6568634375901574 0.9563634131702108
0.2015291424446899 0.28373417133088025
0.7494782604661014 0.8104053569251417
0.2577228724464263 0.39759252508223836
0.3373949705136535 0.4011288770098899
0.20429450080344577 0.19336014973313437
0.9866546341476413 0.7070070110466125
0.3739691452618133 0.42929412595709565
0.2366899300780133 0.17139697453385686
0.17694260117727031 0.31639084939201245
1.5680178406644605 0.5339782567119155
0.25609461972350367 0.27669506263618954
0.224717207777211 0.20719320164153965
0.2644796858119226 0.1104200291162129
0.6566035429595467 0.4756445695336411
0.18796899419874039 0.17888751274666675
0.2512379439662842 0.22320006730994282
0.251389641336104 0.12347080961623574
0.16745489168209765 0.16359866696116696
0.22765295589939571 0.10875323898021381
0.27683969647186657 0.09565469843951024
9.345853755673552 0.07824717887183456
0.5471068662676999 1.3479446225392149
0.5232335727344819 1.1020410178943147
1.0532881780160912 1.101596975082419
0.693054829758338 1.2360751885181835
0.7768425304160405 0.890327793381962
0.7127627622746976 1.4613584602401866
0.5696158508347013 0.7847721987449309
0.4374406836207373 0.4895868095878393
0.5683159424173593 1.0969533378820233
0.7810674179897098 1.082003898435996
0.9621609067721647 1.1011773980527457
0.7872839399718217 1.229471913513402
0.6774514423058903 1.1237486842872135
1.1672342135813336 1.0935313185650433
31799.40845312111 1.4509506157874736
0.19890826143973284 0.4742565121130325
0.5354943692170526 1.055103964214295
0.40947288767877016 0.6831816237703552
0.18672892038899236 0.20681140776979073
0.18253035543814639 0.17061984540481395
404.3896510715681 0.0792633294004581
0.6160540696961937 1.0414975205981096
0.20441268903841114 0.2989217385768585
0.2308434847939443 0.23229018488924574
0.5425106322919991 1.0878753344701937
0.7173001259920612 1.01052806064291
1.2406472903550334 1.0444839189584734
0.538373508076936 1.0382282382773775
0.6573455342429998 1.0822611600625516
1.035009745764174 1.0814905925245484
0.6944907618612535 1.3248802435035545
0.6478755238811551 1.0523770030832162
0.725547016569009 0.994189100814096
1.0065345077397423 1.1490836143740246
0.8864994995183076 1.1190384722681634
1.1809327928776825 1.0328979631565558
0.24093981735194436 0.4543563610794418
0.7625183065075948 1.2987099187414115
1.1088373998009062 1.2980330665877227
1.9136362032789984 1.2482628515608114
0.27310525692958987 0.48162510035545775
0.5021869833387639 0.5998864585983007
1.1326838900151208 0.6294338874339374
0.344601165301351 0.1392114160048151
0.6268685285816125 0.9493804286573195
0.19504085475960004 0.17178195633221144
0.26621347369107456 0.11681887702027549
0.20511850984614977 0.3702157147428351
0.9065562994073274 0.9526283947645302
0.2587328200721267 0.33884678006240765
0.21943116286023778 0.20830697325537612
1.0040266870033756 0.6802907112154608
0.3784376939428199 0.42603817124006416
0.23698945228768004 0.1693716880965453
0.18998671726708796 0.3254362839696228
0.3123446952135638 0.32835408828381935
0.22927834227532312 0.21031471512369576
0.2674590072943345 0.11828717365534885
0.7145442819941654 0.5389421525653286
0.19461973777797476 0.181953927873925
0.28043678930870203 0.10875806431012063
0.1720845618919112 0.1662324220382846
0.22994751049644538 0.10993558736314449
0.27701351530211116 0.09588619735294365
9.37025699040338 0.07824786778555805
0.5567010961184699 1.1610848576885862
0.5262659540623493 1.104077587576354
1.0942251173698148 1.165593269186873
0.7254474717475325 1.4944155118470868
0.8747629940137981 1.254547223141401
0.7907253598466454 1.5227032751043241
0.6228729595072564 1.0843307633155628
0.4427927452139878 0.4796365243621523
0.5956891466688072 1.1022254995681395
0.8207939589809258 1.1016137143109785
1.1927274042093885 1.1941875355385583
0.8011834460629615 1.1941088403750657
0.6844046795939147 1.079084159717855
1.2014589382636311 1.1700885104927474
0.19171479905069067 0.2439920664186574
1.567224492679941 1.1199286088173788
0.9110554941884029 1.0665868208561622
0.721752388576411 0.9934487547758131
0.6190056336849917 1.3747689395054383
0.4371834429966113 0.5379611137765284
0.6027027364495876 1.1356214215485356
0.8214550104818334 1.3747723916872312
0.6565699122560964 1.0295910591313777
0.7292205013704139 1.1133257499810671
0.4630184102740754 0.5027012234052995
0.2800644410268105 0.3787762195262969
0.242351474714446 0.47387461785290497
0.5832334484266437 0.13714696416742198
0.7499056658592359 1.323422859224133
0.7598883027378172 1.0829348378874992
