2.0724420291670897 1.0318463329291945
1.3805096131092112 0.4110635702291815
637.61591055469 0.0010219801627096015
2.4122770360400305 1.1956748372342496
1.486348385677217 0.5447778185414314
1.163967075856527 0.026442526014308926
4.407728220627025 2.3300091694766794
2.585845499261994 1.3318105761492938
1.559771253497495 0.5975729659561961
1.6797002960728027 0.1905805379070485
3.400163155735945 1.7726672625165736
2.419345608194676 1.301968120732066
1.807556133302674 0.7900512830519579
2.0672994813229497 1.0096798545328984
2.136900225961996 0.8862685832799495
2.6373958246372258 1.056035053142059
1.4766183273594855 0.5243787848125906
1.2613981564498427 0.07348588668368289
3.3580497373582703 1.5043591699419223
1.6310802858368265 0.6761804980625259
1.7692509297801633 0.20287401242099973
2.8754026552855025 1.4880441216518334
2.282298188665232 1.0008150620070022
2.634823714420459 1.463312671261587
2.954651504140677 1.2180238217386101
2.6159559937240493 1.3581456287345819
1.5637172766942473 0.6146643894370833
1.8982698768007973 0.3358167596244816
3.0685996651717784 1.4715474046783705
1.8071756246405433 0.8501013039846379
2.5744608699354585 0.543720836761617
2.6002023213886027 1.30045766785681
2.3842851639613962 1.1140424414432986
2.972270407091884 1.2355603523292555
3.5446950586229096 1.9345835566562015
2.4647137731365576 1.227146046334676
1.860663159496878 0.8243878192436087
2.4538118193290313 1.2810068222579574
2.1027108357258166 0.9625118736544327
2.474436592858941 1.0801094216529128
2.1076130788738023 1.0425382295289676
2.2368418466349613 0.9295777712076754
2.35928089808541 0.986799863007731
2.4075778138509523 1.1511088046698477
1.9984346379167395 0.6793755517115809
1.6277512521607105 0.681284829961859
1.702887561168652 0.11331208352394087
1.683583670255873 0.6347381786505784
1.4916913654843214 0.10738462435025599
2.5400518466755337 1.1711296212896036
1.5926775846686914 0.6335304267116189
2.0571479878733294 0.4260726680262321
1.6568609786513968 0.6878171908748589
1.6106840153336035 0.6532768849445475
1.6069046770151276 0.11765914159379304
1.8112098494122413 0.7217423916248078
1.6824854010884875 0.15154577534394986
1.7878463778420393 0.8059023157709932
2.262950924534734 0.4355263537592644
1.994894769638733 0.9032302129584827
1.6872008051019058 0.709551010907833
1.8266592608879737 0.2826477136425383
1.7891077094308523 0.7726611735366438
2.237181378455019 0.44290843698281546
1.8635257973898731 0.8829028471224929
2.597150478079764 1.2889622261149531
1.6938754220322485 0.7476091971722467
1.7905428832679726 0.8191933771700544
1.9428396081485193 0.8277040060199443
1.6259612054967132 0.6751063864717824
1.8349877024330912 0.7030662477134672
1.8180347572190443 0.22700181874415357
1.7999668454764937 0.496533622147565
1.3873590120054067 0.1370908678036303
1.5611656802080192 0.5310561293432561
1.7677386855109392 0.33598532765100075
1.8477055072695698 0.46719662397163997
1.555924137711766 0.18240008355414178
1.9265343950594889 0.629725003545612
1.5740294175781324 0.19509352151292378
1.6829419057387769 0.602088237008906
1.9485440481050689 0.3680314056139739
1.691442455787782 0.6441094261381948
1.8107635502906336 0.3004658206674734
1.7056494124544335 0.6675357017361212
2.083440049190004 0.4383963552569867
1.5722646324917458 0.6092680170539961
1.6435415381544771 0.4460925833266765
1.7723432457530914 0.26311967303380573
1.3387990858428362 0.1309260733948885
1.7901806141903525 0.30116560574206797
1.2386650843161173 0.10148945909562829
1.5197382004469504 0.23234555901725926
1.7879116645742736 0.4201317528629035
1.341911917308519 0.13540831462723385
1.7321785448947695 0.5028361159583352
1.4338488498737991 0.1798091545781886
1.679223568745741 0.28453049527509855
1.5664559326057814 0.5478484811006218
1.7297413724469088 0.31167507750898416
1.857578383245595 0.3676818176583442
1.5314695970871486 0.4904657972566374
1.3140504427935173 0.10982378103781026
1.6013832311142375 0.3639784317230519
1.0277639882119383 0.02116528947457185
1.1782471975518487 0.09011961972352446
1.5783198370505074 0.4527265146860595
1.2741842746684042 0.1187228660657399
1.354514007881393 0.16128215082170896
1.6133257393848026 0.2702622979751654
1.4432300536570213 0.33751561802088026
1.036960324100942 0.023705238958233055
1.0166820259133829 0.017400990950254623
1.2420202136987453 0.11651064982953577
295.1716739810731 0.001034602024491094
1.9224230967263551 0.7413815046791145
1.6537966805214783 0.7197012182248184
1.874854926270122 0.19929132680979644
2.8905828902194663 1.379874931352487
2.036023483118221 0.9567464442414364
2.762238693305304 1.5766974936298024
1.6060617771684977 0.6245546102753745
1.8297817195691666 0.234013896795759
4.14941629053811 1.6842058358130196
1.9630986402694608 0.9658438682284001
2.2243135856511245 0.35090922465917274
3.133110774919252 1.7871382500931932
3.331460876301062 1.4821893828935084
2.960093160985491 1.589087422568124
2.428599580909473 1.122099066105124
3.089954613175398 1.7553453734474935
3.286233293938542 1.4823944739779562
3.106286910204254 1.7631136519554262
1.6396731673917089 0.6871595064007503
2.1018442322778554 0.36717817399215835
1.787572450495505 0.730790645999003
1.8327399860274332 0.21388625513106446
2.966548162662722 1.272094553909603
1.902648679638251 0.9351974408248585
2.165121707622057 0.35973103909575704
2.372754418424651 0.9723903830007834
1.7937373527661478 0.7255398199489247
1.5623698125606178 0.16904152921343663
3.4668208477408253 1.4320091939396045
2.016877782960199 1.031428633059475
2.153539746980244 0.31512882821981
2.5865150927849947 1.2116506724060252
2.968033259300598 1.2446393543195102
2.2446208769197025 1.0955176807528246
2.616850856072473 1.2421808713925189
2.9751240924521065 1.2662735758561126
1.692028234418892 0.6079244057745228
1.8476966763980553 0.29292360560282693
1.929996640392166 0.8221142199344466
1.7605094274723108 0.2578831974035341
1.6694408060077435 0.6977650173277491
2.1728228216275633 0.41893838449941334
1.7704094605325809 0.7466496222140165
1.6402252182803259 0.2233483086953033
1.7796181616228623 0.8200057452049136
2.3461164504453964 0.4704235779342711
1.8994085106142937 0.9020737528410852
1.6606866590956706 0.5506557907552694
1.6746325016738133 0.26724014301419946
1.6284687147194659 0.6511630447015375
1.6425558882018203 0.2561975656966452
1.9508529697493933 0.3632274686249714
1.5872981161514519 0.5984508414210048
1.9286163027874426 0.36313186614128556
2.152277144419669 0.4365886931491552
1.5102615552957244 0.4441239831529586
1.5319654953549593 0.21650976946750145
1.6021171804043486 0.25425736656243775
1.8327995264535064 0.31143197450850085
1.4436888473921456 0.19092609323481177
2.7078526266559932 1.1560205822947087
2.1074694362468263 0.9307764888740484
1.8555706387092532 0.8821693428137048
2.590476021817786 1.291750519386387
2.329616588322073 1.111641200291181
1.7884762450144998 0.8398082360079058
3.1307668061115113 1.3897100716390067
2.364850090462836 1.1681992756886068
3.138883960796704 1.3990645379501885
2.698789495461458 1.4881992295435464
2.885957832616165 1.306625038775314
3.3171818298854685 1.4779040686726832
1.858916129869288 0.8869335576786255
1.8206951483409144 0.8399926440412886
2.2713695026244425 1.0908539573358178
2.9498154460615553 1.243043384835484
2.025740723267311 1.017559793450246
2.378689516591053 1.1856662633503474
2.8392410575168103 1.310751674570216
1.692372291058234 0.7408517396085799
1.7424790422433247 0.8092910843689667
2.7014826181980096 0.7086930336606848
1.9335280792057143 0.9196017457515222
1.547487158572416 0.6138969757509893
2.499953434574149 1.206785305655826
2.1656727735978487 0.9681530894228931
2.4483971141058776 1.0598119461785214
2.0478547175229154 0.9567737386700029
2.537924142240141 1.1197224259111218
2.4290934614734487 1.218755611867927
2.356831254207812 1.0751363743042952
2.665622006215102 1.1882878819651432
2.4502446856360587 1.0382477280201794
2.0099865099138405 0.9364393130224415
2.1153149495075807 0.989626055793463
2.4346598476530694 1.1113520532127916
1.8798821450348586 0.8426425333622983
2.090719868890721 1.0306287248717017
2.3066751064286675 0.9800351141059034
2.403920903504959 1.0239399332888437
2.2764512363757445 0.9725473819043724
2.076675753120245 1.045730791770727
1.3928071548102703 0.371372411503263
637.9539103325856 0.0010242679576156766
2.4290553928936625 1.296389968932434
1.4959607226451137 0.5575319239233975
1.164068246976046 0.026781502856289958
4.412004804022629 2.342309696653553
2.5971386429836074 1.366298549136802
1.56578087955823 0.6286482324821332
1.6799112564021117 0.19504820863086236
3.4155800125314673 1.7901200117527702
2.4193567814352903 1.3019320340532545
1.827132387607441 0.8129942302760949
2.0851647617633207 1.0763941775998627
2.161772680229994 0.9140761438337663
1.4818999017961025 0.5410587073326378
1.2614316206671896 0.07350945924418723
3.4423033057535495 1.7764254662579226
1.6340832337378108 0.6911774887469588
1.769316271542319 0.2028573552510326
2.8789959264717186 1.5020136848142387
2.283465434375402 1.0029179887939277
2.6357220695471666 1.4639248818514647
2.9628040331939385 1.2195188825489063
2.6259519394030315 1.3837010068069293
1.5650661864404598 0.6109128417135641
1.8988496047207781 0.33835431506879354
3.150802402442867 1.315232259808226
1.8072512534778233 0.8501702840459013
2.57737590344335 0.541184426286142
2.600619548166505 1.3046701837832717
2.3848977062140473 1.121207009385439
2.9983257207247416 1.2485363768410733
2.468854028480629 1.3125953202768659
1.8623683401918179 0.8254507672510347
2.4604309893728216 1.2739386218245343
2.10400053133944 0.9640630647799944
2.478856572078395 1.0819313782186968
2.1077414425263186 1.0417757571104225
2.2373861598651965 0.9259852108177116
2.3627177153352 0.9969859990753221
2.4148366952168434 1.285623938891886
2.004601098963594 0.693312034178457
1.6335176065294479 0.6923024847591392
1.7035088600628123 0.11467856267202911
1.6839252694337443 0.6311042682173873
1.4917750936506415 0.1073664897117126
2.549073952761038 1.2119334725724071
1.594304259050134 0.6066347835408554
2.0586419123737643 0.4062105842924814
1.6571970739181423 0.6881861151450992
1.6112898294443292 0.6539038993418904
1.6071825110240718 0.1168251937875675
1.811439370860175 0.7207234274691262
1.682535670166292 0.1515356864500686
1.7936468112023747 0.8264829120238268
2.2634273322354597 0.4345907204434353
2.020046854048299 0.9021661114872811
1.6893771385144105 0.7122845816326728
1.8276447329428025 0.28447611597308553
1.7897510326140451 0.780953913791846
2.238569665032888 0.45687583107579716
1.864144721467897 0.8835842211894545
2.6043735919055937 1.2980813962679978
1.6942140217923851 0.7478259498428761
1.7905568215464647 0.8191676451996264
1.944517389984231 0.8284936866312156
1.628928309633998 0.652571497460447
1.8551127634203892 0.4700889384622459
1.823231192090092 0.25059089528634226
2.0659118416149815 0.3662903371122357
1.402869386326897 0.15919078496742461
1.5624240105476486 0.5285721209296531
1.7719697717061555 0.33618357196099496
1.8621856842611748 0.46185840009626966
1.5569892869203648 0.1844116738892027
1.9606367155310584 0.5840589144986423
1.5741938759752039 0.1968364237878125
1.687843641143397 0.6044792598604541
1.9505015736670825 0.37921300150041914
1.6977777979714093 0.6413460621461617
1.81078093508083 0.30049055256551693
1.7066502669411827 0.6041617735542599
2.083441021123506 0.43839701549921
1.5761773640317545 0.619282582879944
1.6525040795114934 0.43740448739533033
1.7727978637655717 0.2629834225269769
1.3388876873549012 0.13094759816748128
2.4034968493532407 0.45734777897713685
1.23874620594566 0.10160402919932836
1.5220717522871148 0.2333611508141131
1.7940465688224365 0.43214411073147857
1.342423089424709 0.1356225960712349
1.7373778672394349 0.5262966713241372
1.433863400970686 0.17952025668412042
1.6811127558752292 0.2922562354133332
1.5826422325662097 0.4970964606839398
1.7297585563107774 0.3116750775089842
1.8607131645466624 0.36677543068209395
1.663081832777666 0.3041490203466783
1.3179093731786031 0.11423900555329126
1.742567594962129 0.33099989968832044
1.0283601705571257 0.021498951479478782
1.1807237427859674 0.09023581712400965
1.6382074626831988 0.312110429672507
1.2808588608273062 0.11507497589150406
1.35453709459471 0.1612582258407083
1.6133317932322515 0.27026618625785814
1.47533504145618 0.3186276302923887
1.0379812596150508 0.024481155737333546
1.0181483727229 0.01610999258226957
1.2425910529441473 0.11758688069617232
371.9196875611152 0.001264344058270783
1.9476060116512017 0.7736244719470562
1.6666784843806024 0.7361782391990339
1.8769253295665238 0.19900260763464983
2.896169276045222 1.3881719144694271
2.037605999611748 0.9581885252344129
2.7625284046608596 1.5803231978237102
1.6066628167954096 0.6173105248711441
1.830478469834884 0.23585675776610182
1.970041870190868 0.9562744160754317
2.225162098753552 0.35073980230046264
3.134240249004076 1.7896225184651169
3.338539920962684 1.4789505573311126
2.960413037015573 1.5952589011690632
2.4333447465505644 1.1186725775316226
3.0924622099408965 1.758969287338035
3.2867653739875813 1.4831297727545634
3.1063596796090103 1.7632209130465664
1.650288961481666 0.7117758939109651
2.10306542199533 0.3551567972159314
1.7883216633776673 0.7728681332351593
1.8327496758248247 0.21308483076166543
1.9033597663869797 0.9358092791626689
2.166432694038914 0.3606360168134525
2.372988087186375 0.9712429884424038
1.7944224573537195 0.7348309150389363
1.5649256785818915 0.17465207459335902
3.542863792440472 1.4648762729022409
2.0300930349101307 1.0460646920278451
2.1549128961023234 0.3225578754958893
2.6132896165498916 1.2400433459234919
2.2450706880424898 1.0945908346216187
2.6203011654908783 1.2506198059703948
1.7498954271542917 0.5223384738326509
1.8509989534566444 0.2933055254480715
1.9500258928416825 0.5058130016246694
1.7620076539573808 0.28534774707185345
1.6775889464829223 0.7209295818002924
2.174871584686953 0.4224401219436866
1.7704297255738832 0.7468188217015158
1.6443155476074303 0.24234136666622105
1.788903625447552 0.8303470872275824
2.3484250700237626 0.4760131725188257
1.8994823316596487 0.9019511395036517
1.7190434262359628 0.42255485297568324
1.6782205421761476 0.27133392747415863
1.715722816056355 0.46047133460310924
1.6444266799707863 0.2610009578088902
1.9534704124079432 0.368533100456495
1.5879322896693413 0.5965163245424907
1.928669184856755 0.3631584562904603
2.1537689044025448 0.4409394226998135
1.5385593917540135 0.46059738401530076
1.5338799102232596 0.2189377694249874
1.6024768882154872 0.2544405476922655
1.833264702966762 0.3266959834187353
1.4436912925647165 0.190927248712477
2.116042869942744 0.8803228864157788
1.8565474005651752 0.8798295937724432
2.5909445464979415 1.290033447406472
2.329818248768585 1.1111805162035169
1.7887064856238015 0.8398812961813973
3.2639119952921307 1.3102101965148334
2.365438908635788 1.1667557740136187
3.138928000736068 1.3987866563991647
2.7015620788414605 1.4880449499783084
2.888085997933704 1.3090396728962932
3.31988432537 1.481100112163011
1.864109608267305 0.8909528824192949
1.8271158916762116 0.8542697960855714
2.2723639929752606 1.0923899257609384
3.322594934218653 1.357992114769547
2.0265685697307005 1.0181074182293801
2.378859958864325 1.185762643675647
2.8393269300442867 1.3105700669494422
1.6943037069399844 0.7438834713035372
1.7495160001946835 0.8042594997831154
2.712653609113783 0.7159797353941633
1.935535384116497 0.9202872671581973
1.5531761349185098 0.6141800096211445
2.500873884228257 0.9998566006919664
2.166044316026288 0.9681458772743395
2.448418093814074 1.0971946177124754
2.049289216571868 0.9573793561787666
2.538429687105072 1.1197536170621978
2.4361203936578577 1.2337208792200736
2.3576524105610197 1.0761508209414739
2.667277439461718 1.2050715786406718
2.4547871920714046 1.0528862311604117
2.011348647227897 0.9367993405452586
2.1155332315231847 0.989820172803955
2.4349019243162653 1.1114532720059485
1.8864617262293089 0.8461177820115944
2.0936576558013607 1.030968288403098
2.3084275685479883 0.9797128390915932
2.4039666949709146 1.0239579450800678
2.2784954962916277 0.9730203063076119
1.6524215230121424 0.7162135384000408
3.5437311787391996 1.6570617456029604
2.206187360148539 1.1143974363245346
3.2874645840879544 1.4778522001549415
1.7899219227705836 0.7852606755704483
1.759010342218592 0.19939725058532856
1.7374951908287668 0.12406787788462986
2.1154208519862734 0.9696763372533939
1.779280626188991 0.7455424591945996
2.914012809456219 1.422114967616307
2.969349325158432 1.3707097650593454
2.387745740314746 1.095073673065392
2.4615809875065775 1.1561313349178026
3.2891660684970994 1.8442464997986345
2.5960051601048253 1.4309569345528979
1.8486307616704574 0.2250643867152909
3.4230717356751734 1.5519353977913615
1.8286163030839853 0.04527319875860597
1.6955557610393237 0.7491310807209147
1.7040053334451404 0.14796963667943813
3.131859902490168 1.4359833736153234
1.5488295091624704 0.577072045834423
2.5032502086032586 1.005918643476616
2.8888781111246145 1.3093243321226553
1.5482929364312144 0.12019656543578519
9373.401154694262 0.02190283005035787
1.6525066824038042 0.3017853252653655
2.413369618199092 1.0276663128619528
1.5247178714914165 0.23321786673948583
2.502693861201614 1.030130927311491
2.6725580651078182 1.2385531864736998
3.250781470719078 1.6654128489913504
1.6124274786516355 0.6576825967137272
1.658352564768876 0.6375511421966176
2.052194630709752 0.7291392902075855
2.154332531625917 0.437345393750148
1.5360696723528706 0.4314022266029432
