96044.83804186132 0.9860426216219642
0.3434450145400287 0.47779182156130984
0.16712186975298865 0.3084326812066233
0.1302986115102755 0.21865534615385118
0.12794785616961463 0.17999507816381566
0.1353666927972049 0.12849997574993394
2091.0753270359733 0.07886778287673418
0.692710301533382 0.8193180537596716
0.3976453779278269 0.48947480881242134
0.18856701894506064 0.264159529357232
0.15995224685908582 0.20024621370574025
0.2038031599056575 0.15870385610575483
0.24307439629042513 0.09631297051574443
0.7905314622437598 0.7599995951318388
0.9604500458692979 0.8652155345423949
1.1426364267325448 0.975507563577827
0.811977884803889 0.8810959387245623
0.6046385581976224 0.6285928395723157
0.5946300843470578 0.6276342152464125
1.740396410473675 1.1064325514192874
1.2430744047948972 1.224506831247607
1.900129149203881 1.414876082673823
0.9085078225416955 0.957508471909636
1.3144442935237977 1.158089762868482
1.2961828390574972 1.1836845570905439
2.236587043710094 1.3866492184659958
1.2188272273411815 1.040696212248072
2.1183253325480886 1.1077079490464616
1.7096636345884044 1.1113078672829604
1.854388913715836 1.0753170565641836
0.4823182651893908 0.5608953597935589
0.3219285864285921 0.4347424703648375
0.48848146607654125 0.45659998307409155
2.2370312847381078 1.2696272321473034
0.32963977169191483 0.46628763439942933
0.2574876736098784 0.32008679093251485
0.18325394950223026 0.23119064120252075
0.23847433868467474 0.16976312695819196
0.47274504618191227 0.5024233053915006
0.5967865138678304 0.45150433520042405
0.2544764648310255 0.09694092895682055
1.0356376994350782 0.7732588697980599
2.039894486042471 0.7736971024136675
0.48417575293161685 0.6098456572383228
0.2768732404409665 0.3178587000935186
0.18619222577695843 0.22036229729146456
0.23430294125916956 0.16255686800428232
1.8112903021069895 1.189695628152394
0.6679029604625608 0.6603067908740117
1.1769597444655093 0.8486588221460021
2.4741513350511486 0.8601047764200749
0.22479592126273462 0.3012445167822492
0.24827780240219727 0.3242721447177003
0.5667306048045689 0.44504349646614627
0.23241357287477707 0.332989491395443
0.1954960211625566 0.2382595414649941
0.2613098723279636 0.17659442782012968
0.8309310064820716 0.4711420962873819
1.1392602674917272 0.48965313045861053
0.3367685333756501 0.35862484922327736
0.22087492335346615 0.2303115845560298
0.3865207105176026 0.11835665973714563
1.3469709557350733 0.6494556954429936
0.6370440577624408 0.5905871190391183
1.3992845031595875 0.6177578024005201
1.759796599067648 0.7814808440940614
0.1669509141925459 0.24859385061363448
0.20756254043587036 0.20848904532786552
0.263088387523567 0.15780876487142462
0.22568880274329675 0.2496960803373079
0.21382931170476654 0.1775365045940817
0.2763100859301171 0.09524053039452898
0.41750288822910236 0.2808944959260552
0.2626504644100872 0.2918376312259328
0.2727893406076207 0.18272561565472067
0.2778605997441988 0.09985799094381759
0.8855144405389541 0.42529773120874137
0.15347905017750602 0.19757322204728686
0.18511942018481137 0.1562869769924828
0.1789379761421444 0.1521241872435128
0.2117070934863759 0.09547088611403615
1.955106825637073 0.3797845277236087
0.40469963119481167 0.2563586729152605
0.1974718529316651 0.13041587627044607
0.2993517585628748 0.09462155253277399
0.31353371197584995 0.10949911426510262
2635.9383994665077 0.07856384740391026
1.0367545088141346 1.081047250802852
0.7761109428226214 0.7594824309208341
1.246095887891536 1.0945479650919272
1.2576092435606823 1.2191340334191616
0.8465109512921176 0.8772027966501736
1.860019525705051 1.440497140449053
1.5510450602310164 1.4306411455475991
0.6969505214194235 0.689833089550072
1.4795290523308187 0.7862850110537305
1.7108864299609698 0.7074770670211233
2.34476043669027 1.586694514883947
0.5884165792562159 0.6209812575047582
1.1204673618228886 0.8209799586462336
2.038255477184871 0.7813509336183728
1.0228756013690103 1.0322669045272257
2.2391498556941354 1.4263850169576004
1.675494643560681 1.4567989580882932
0.264101568787417 0.09783867189749579
0.46588283465561536 0.5349461798486826
0.7927245761981409 0.5610148907409351
0.9840267868161474 0.3814273092301352
0.3782433875579978 0.31129166215951165
0.9918945685218767 0.5129628038137308
0.9236497766382703 0.3287510468322068
1.0211268050185907 1.082749919456419
1.1746259792425655 0.997344250771474
1.7244505720687169 1.0908348008398114
3.0721640896554043 1.1825954709681912
1.371636976229115 1.211050413478183
1.6026779244204623 1.2382467703704
2.633770024538377 1.4546809718208646
1.0712094065351727 0.9601142176321082
1.6464163429077912 1.0638846904999317
1.3786063803273203 0.9612900959624862
2.3788244597310992 0.9542908347678475
1.8859537610654178 0.8460742803752479
1.2807360437660826 1.0785079430830413
2.0666781965557783 1.2473318012567352
1.9000831464125114 1.0929448766263021
96779.28680220603 0.9813581970141849
0.42165307160724386 0.5493686081371816
0.19215664258839696 0.3332227768251839
0.4013490374300448 0.4942177989578821
0.17336065314656873 0.2004788876963458
0.13611369269858878 0.12793097420783228
2105.149727367998 0.07908820858781362
0.6965491683775952 0.8269974426431813
0.7276412814774578 0.87150045246181
0.1908272867525515 0.2495807676513212
0.20373145860275418 0.2302344090384596
0.2038123763730893 0.15871252620992327
0.24691839543182909 0.09559020287459995
0.9535945883848347 0.9883932648527312
1.0200350243364373 0.8692869983041733
1.179642982848432 0.9358381849114699
0.8208227009886944 0.8810458870274913
0.6086744809776263 0.7866601193396314
1.2448261261196762 1.2366727209913053
1.912140146717374 1.4269208153513442
0.9096473571812369 0.957621667821766
1.8102538205851144 1.0786373606860777
1.309039103228177 1.115217047375403
2.4677064074447603 1.4259411597165694
1.2308179653019018 1.0526138194269714
1.7692387910920635 1.1059227318151754
1.903064488583584 1.0996279316437128
0.5454802878038151 0.6859353779150437
0.36316844186106145 0.4624076163913202
0.495125182631289 0.4816838293007018
2.243558776864119 1.280778074550935
0.35796107314661074 0.49980069914509556
0.2642737153358218 0.37253150278186564
0.18430279455233117 0.21230616009871933
0.26842584152144455 0.12347978612433197
0.4752641948864546 0.5030783138580082
0.6035831129660119 0.4517525533685251
0.2571298189610103 0.09830226467572244
1.0561507801997188 0.7733212651976235
2.268632758591769 0.7416492281571413
0.48554483027891454 0.6071331442032373
0.28023948173580593 0.31276450045017434
0.18680017491111886 0.22022808142066785
0.24256647216567606 0.1501422754558373
2.0270957083545413 0.9042646606250788
0.6681084271650197 0.6607389630341987
1.1939376782798181 0.8573701486838776
2.5112608270966517 0.8650375286140284
0.3447716218545483 0.4487803501881163
0.3055158607347949 0.3881957478800567
0.6735511408774991 0.4266953434048463
0.23970782626842993 0.3618495975745222
0.19558779181758534 0.23739307355140749
0.3258187000027627 0.1467277785908678
0.33919424482438093 0.3586500473539547
0.22362266942353737 0.22923386676912322
0.7392634042787793 0.5943313051958861
2.3155227768411164 0.8360703823653639
0.21179024850671035 0.2967739355721654
0.23724392713478804 0.2614050424574938
0.26417530257693234 0.15832878896109492
0.2259693671881534 0.25030976976529384
0.2386790978145331 0.19125435348399644
0.2772711929890991 0.09575052321263276
0.4276470045444726 0.20792099145562706
0.2667939657902641 0.27239088785360055
0.452213849425382 0.23195816268887282
0.281023855984514 0.09412028472417197
1.0441695805082047 0.5369947296246858
0.1604815026537863 0.2021444116770379
0.18659880837954784 0.15446229349582966
0.17893825180257406 0.1521220548958222
0.21188080968583767 0.0955535096386528
0.9313670339470401 0.4093867376740613
0.1999996220987872 0.13210851527146297
0.29967137507619623 0.0941196729754567
0.32793106573366043 0.10982518675559817
2637.470362480523 0.07859423428943228
1.0596574792335132 1.0838340136759437
0.9299019146527778 1.0024833543299385
1.8365842157607457 1.1507908612575946
1.2679178098101143 1.2363121414485339
0.8651038160710467 0.8748806504814213
1.8834549214559106 1.4741143133290575
1.6609293219154997 1.50937286322082
0.6983008447157335 0.6932627368500339
2.8472057288429626 1.9131598947872648
0.6687802560185506 0.6838866333788398
1.6248330147889543 1.0190029927391857
1.0993785348018295 1.0680077990118324
0.2641646772389926 0.09752916647816845
0.5154319779100894 0.4976453807695568
1.1538439861344232 0.5398092076765739
0.7833884402927053 0.6494214009138211
1.0608969889851572 0.46752225764648503
1.0306408019872624 1.0916099589049149
1.3247514026523168 1.1522168196911795
2.1696483032797462 1.126974644240436
1.406800221733527 1.2254982699345427
1.8737470277497998 1.46016297062693
2.6801168138382003 1.4383437407435729
1.8590220573381644 1.0557819373701354
1.5141826754664147 1.0314420319832545
1.994048008859502 0.8160798383210595
1.286466307149571 1.0950456490842564
1.9447734881628804 1.1076255666598875
97285.14373514046 0.986737446317704
0.45975910969433326 0.5665294782568675
0.23576342597292121 0.329510774330537
0.5049383780897234 0.5637728652616101
0.1735585717293294 0.20056237223047413
0.14029598284716147 0.12317363989363138
2107.4196524060853 0.0791200050321092
0.7106488984854431 0.8198331601886975
0.7798160563860987 0.8643187871155278
0.19516319784800437 0.27142405549073784
0.2129478835628129 0.23116809973360547
0.2079940933459385 0.1609172072095725
0.24700104783358218 0.09569965544320728
0.9667593632058891 0.988091790388998
1.1958496493168866 0.9829122180950344
0.8441608214095073 0.931927768249044
0.611583225010225 0.7810798344337941
1.4954432193559706 1.4173948207118925
1.9379105376359729 1.4515237200688076
0.9622388403167804 0.981507588466165
1.309039103228177 1.115217047375403
2.664230227106275 1.5377936985890146
1.2517262236012812 1.026459814118026
2.191340625600503 1.2023937403093894
1.9131304293447995 1.0914243379553763
0.5664164560197281 0.7465418563946206
0.36403696434982336 0.4534150700685313
0.6892352094632572 0.5407800801727097
0.40514666433650215 0.48936061176369716
0.29445528390633724 0.3845855538748484
0.18611215625516317 0.21367502161214852
0.4760507078888379 0.5101714805288771
0.6041494034730701 0.45160404905077844
0.25729160648652305 0.09828064743325719
1.0791734652179696 0.773315968368741
0.48565345229366275 0.6098891097603029
0.285365829673199 0.3497387932530051
0.1888251047152424 0.2102475675627699
0.26749282807322255 0.1407416728493991
0.6685977665517937 0.6600487943393543
1.394246710380508 0.78610777375813
0.5731453035564149 0.6445152773103613
0.3405904145484932 0.39963005663971296
0.9161367199685191 0.5105227657546328
0.20073590571381467 0.2414169563637786
0.6356761213505554 0.3885093158076489
0.35759676029004606 0.45225385585742256
0.22465604716739013 0.23759828249608267
0.8926377648453283 0.7306441080257153
0.22028213535857658 0.2667090013615385
0.24182125934293222 0.2072569625311213
0.2704112068407543 0.15725692924730295
0.22634689147636597 0.2510513076804344
0.24779851904515182 0.19543959118632845
0.2787252011774163 0.0955404010254065
0.42937740044743744 0.2395119315025978
0.2821001745694868 0.31925022808167036
0.28116464901923344 0.09492056956389969
1.084608692287675 0.5177820089099303
0.16198547535144672 0.17799654772144174
0.1866944268720535 0.1541941356737396
0.20339843397221286 0.16899403115100092
0.2161939994947934 0.09519478611596303
1.0593102672125532 0.2774891671991728
0.20095762894894714 0.13118773286849827
0.6590280241136064 0.1256914872197705
0.3339790672787156 0.10936025250397136
2656.3889244905768 0.0784328979999692
1.0637286832354258 1.1752422885909315
0.9919527052954977 1.078511268100712
1.273583787444721 1.2369911763847365
1.932382957173959 1.4708126471638354
1.7416086687432086 1.4306848054173904
0.7123403013765319 0.7056952160164733
2.9575431279440103 1.8413555450226549
0.746916226699568 0.7544737110481607
1.712123269362119 1.0190031868502392
1.1076318005064942 1.0734930757083152
0.26445953637064334 0.0962181972840006
0.5196841467018074 0.59829633267461
1.1641810073107124 0.5403460201715139
0.7974918883541018 0.6485624264901364
1.0637550683452073 1.0784284501346442
1.3547240962787657 1.0944880982994547
2.0404807380372976 1.2753515141675884
1.937911786076974 1.4955705648143005
2.906248259718742 1.471578600171699
2.0569037252475617 1.008737717000415
1.9768027725136021 1.1508453215687502
2.1114528463776487 0.7871509027184516
1.2980834205508662 1.079668219256315
1.9457313545892252 1.0839612248718118
119365.0036473534 1.119492837590228
0.46156236153608265 0.6618815831442135
0.25539251207524016 0.34983054532273294
0.6248096958902853 0.6363386325067177
0.17832496221992514 0.20045702930326426
0.41013195898618765 0.2396458385191706
2118.974706241096 0.07897207086629804
0.7146805702297319 0.8254492986366541
0.19520810730956115 0.2717577691045481
1.3293456497993699 0.9191911901155198
0.2080612993048393 0.1612852044021746
0.2522460629813242 0.10744964952779186
1.0164909041939327 0.9062296900492355
1.2052230897123004 0.988357431066754
0.9299660502255787 0.9786619008246764
0.6399345439205593 0.7450112272150006
1.5796090558493012 1.465257800436404
1.937980955679586 1.4413949995318753
0.9697125537310217 1.0432751384537648
1.310787876677357 1.1150362989688862
3.3982452469630595 1.5342376619033518
1.2768818187770836 0.9628207651273659
1.9482392330074865 1.067277622833744
0.5665612580580301 0.7466835618824664
0.5262017891380936 0.6159654287292042
0.8023706610317005 0.6855403630928179
0.4080535015078036 0.4909612962678082
0.2977496508163304 0.39842552380432805
0.18705158790747933 0.2134690501535899
0.4891517776583881 0.5030430885526174
0.6055311286909579 0.44427839783785383
0.3086223412793493 0.10138314127671536
1.1153261691080316 0.8100355954645937
0.48663142698015904 0.6273998366816167
0.3484391411443605 0.42994547930345517
0.2031267463569883 0.19795463554411213
0.29613459678375675 0.14028490337028843
0.7422553280803198 0.6595793871582953
1.4437479466312388 0.8570163493768954
0.6125221083316748 0.6408716432701238
1.1662513211377976 0.6468973239865863
0.2014891267804427 0.23906980546985376
0.824898862358652 0.38843258197194475
0.4094964385646088 0.38958383293154725
0.22494654075711926 0.23701286628705812
0.2212002780820639 0.29693397487277773
0.25228888185035614 0.2738232925545089
0.31395050110916756 0.18185961039726206
0.30612459085931343 0.3004604232148309
0.2550108624425572 0.19211399242450758
0.2794192587051504 0.09787294571468784
0.498764589311313 0.2866668400365928
0.3210010178055297 0.31889355973395384
0.2831364804138298 0.09488698676203089
1.1352429763158742 0.5416855357971397
0.1643227255079303 0.17630696827918219
0.1870258135170602 0.15444709194079093
0.21650614468310314 0.15282707599296524
0.21855387811596147 0.09782377726169389
1.0787473738516076 0.39140632390428354
0.2161108056096425 0.14218390222137
0.6703976447451022 0.14512733294941532
0.34271368859683854 0.10989336246936973
2657.8272938622686 0.07847028178784353
1.0954075441574105 1.106194960201575
1.054416985977543 1.0963605408195
1.3066581626533764 1.2782416421201233
2.1870555939784144 1.5030206568267597
1.7871274293724784 1.5024971478192957
0.7143266347842884 0.7025574865222619
3.5273453698061563 1.8453569805450714
0.750133939028264 0.7568613607503212
2.0908881846652445 1.0022385344039746
1.1082869565376225 1.0739377408827133
0.2648292864231131 0.09748866203311868
0.5397260288228326 0.49745844493134095
2.517482742824698 0.5108669124832435
0.9987677899105797 0.6814307058671516
1.0695131492407108 1.0784663401265433
1.4101039766531627 1.0814792889139548
2.3964903358132146 1.4387265537158822
2.6036230895185986 1.2365310619147436
1.3022007915351448 1.0827923013310308
2.0138223951286545 1.1300377342538805
1.2117921715019793 1.093502313089156
0.1875104363067477 0.15514248790720758
0.21538418630569894 0.19028419176780947
2.3130901629789005 1.65862090480295
0.43792210354412153 0.5720268507672464
1.1580009881783426 1.1021995738414119
1.5613336199361156 0.7737331628604796
0.22789014182780315 0.29741601115254
1.2596456614437699 0.6306931264796529
0.1645581921950588 0.17722428735938156
0.9944910208065161 0.4554913976280589
0.5450077150453191 0.6632486575472143
0.5685665055683984 0.7463152287234354
0.6064916347360647 0.6055640119970988
0.6778796962223882 0.675095016939327
0.3594666665709906 0.4473922813623431
0.26483743520811576 0.09749512482279998
0.8178628108794543 0.7025103966644979
1.4922931412208769 0.8297861691963994
0.47850861353196417 0.580112250897648
1.2197341924942329 0.5716513027393819
0.1866585198283558 0.20299105129525924
0.36346436724903586 0.08007450348307309
0.22851901757248946 0.2576686282995474
1.941784797598458 1.4412104803759542
1.8817822137433597 1.6177248345329531
0.3611996656005416 0.21048214395614256
0.6060403988422177 0.4446961563211773
0.6724544688592478 0.860201157766244
1.3539453444598437 1.0812703072109418
0.48921025164073356 0.6097080883017623
1.608411424804573 1.4924000655590501
0.3202711963414001 0.10469106645391824
1.5926437931198676 1.4658252397304063
0.4851892321099061 0.4001538537474111
0.2102156947157221 0.23946418717223947
0.21910285951133893 0.09801962769540039
0.22798110205002006 0.2194109416976695
1.3034834480566562 1.103268634650455
1.0989288801451758 1.1123441671537513
0.318859237335943 0.47485051897415487
1.5888056218001723 1.065413432495923
0.2933160200582777 0.11098058631897964
0.20901628745178613 0.1245839214053789
1.220674062906332 1.1521969691640905
0.727385474626033 0.11966204840105453
0.3101284846868928 0.2744418969778676
0.21784642347511912 0.11732962847544576
1.0798870685321451 0.3914199578644214
0.9071998895776165 0.9280047997622192
3.46780400260168 2.056034936311204
0.2967436184290807 0.13933571570210668
2.1249029079289428 1.0882857562601835
0.4921255766360876 0.5187171798349086
