2.6322040880087694 2.8008822352648517
1.6847765444783405 1.9127387530491125
1.6170896402534383 1.5405284116047793
171080.37353606394 1.0211282047108283
3.059802483021473 2.9586619620971275
1.8015695851397306 2.002999372503561
1.609152553612335 1.6240291732729537
1.8160643922991726 1.1774216824214216
4.471517940834975 3.9327906464012377
2.9963823555284304 2.952259688427845
1.8840670089520577 2.043534423283053
1.6005924003022187 1.6260733558344305
1.8220344257810295 1.220341633724697
2.7050309189697845 2.846653322467861
1.8059040784365648 2.0161862382264615
1.6072161517322194 1.6434930203332885
1.8238441341051423 1.19221206698771
1.7262784705125276 1.96299653437951
1.6292747768574953 1.6217386337539
1.8357533164026796 1.2056906018816156
1.685949740642072 1.558312711029111
1.8536507466430279 1.2029662197058304
190831.0528442476 1.0967645631840477
4.039455592901759 3.502437830827688
1.7958127241717983 1.9955148402145542
1.6054951344937627 1.6079208324474745
1.8135623269819618 1.1991773049327767
2.562344816488908 2.682599102298804
2.7478646526125345 2.1948831927054506
3.040683186865152 3.0363549242873007
2.5793029467971595 2.684363108729324
2.8350875428252356 2.384856015330226
2.6192495056629643 2.6290886769217363
2.7430129601578512 2.228693094776167
2.9994584338363808 2.216871608168478
5.70836353610345 4.567513578009915
3.516236322675212 3.4487718154114804
1.8475853645599618 2.0476881659433626
1.5899014020320652 1.652954505280999
1.8067569402149297 1.1880804801779308
3.003071391092366 3.056210150715045
2.5286146413637756 2.653097430201086
2.737718978487026 2.233556090870712
2.5772805616249896 2.5845551462556307
2.6662985094058005 2.24601807135389
2.9124125511853913 2.1880159781188517
2.61462940030634 2.719105879714723
1.7586531353782635 2.0565288179848538
1.5726018523114975 1.640487716666667
1.7973095343917151 1.1937861795561309
2.644872210810956 2.5217367719704566
2.855470638177725 2.2352180147294405
2.8071688199635507 2.2467277971962734
1.659049380600116 1.9045365135987449
1.578863148005294 1.596420117847408
1.7976409964695352 1.199689832021698
1.6436474143043793 1.583543365240161
1.8054437325713921 1.2068434728908946
184044.63215620202 1.0725601864219916
3.843278161572838 3.532017251364027
2.5465457657141704 2.6073283943781393
2.836767288273844 2.2180942655053553
4.113812864655356 3.700812735940154
2.551989467331211 2.67661696676341
2.697522860516569 2.174570280394814
3.711785224913843 3.5371775802614946
2.553206675680617 2.6974479715605795
2.643064547886275 2.2238377761866306
2.5232243180226055 2.5783595077793247
2.6865318105493103 2.177955634877234
2.800870221009948 2.142944089408627
3.8891711353188354 3.536388791964752
2.5443284419201246 2.680403749504431
2.7184787677372975 2.1942324978228163
4.13942275200033 3.7306709149609967
4.050867637729816 3.6118613271955327
4.193740500076147 3.6152420114940336
2.9286873504669204 3.0230667324422065
2.5081361945453904 2.6466091846094315
2.8026838443703364 2.435517500309225
4.249260201288536 3.413601629435851
2.4746565833890593 2.5380639147872843
2.653955884084527 2.196105915708241
2.7451735465076976 2.1591792992498418
4.176709503395764 3.8002385849455678
2.8902636478991934 2.94205367684604
2.4981804053381174 2.5809456297182587
2.718315812670622 2.1733334758939864
2.9267804368708004 3.0126525981717216
2.5021890843786867 2.6216543008403184
2.6081265892693013 2.2125088118435228
2.477554965184489 2.591827099199304
2.6014121172271545 2.190080911963417
2.694361748287377 2.1646161629302716
2.9190558830068927 3.031248762523365
2.5021124355000164 2.658826584919308
2.6027948942259176 2.2162869978529773
4.079696182394833 3.5398969079285783
2.4522367100186244 2.5644023577959203
2.5983741711361334 2.2326699634679765
2.6583749129930236 2.142642629969016
2.4529205528921563 2.6521776645510102
2.4475368053700066 2.538823740358696
2.5516043866539846 2.6201204772087996
2.6534580677707966 2.1267560943992567
2.4374073055361167 2.494336115667036
2.9336129079590942 2.253588137106709
2.671876270577809 2.158071509639907
1.597627794838663 1.8636756813395605
2.769099657156695 2.1386683986577286
1.5481570985964952 1.5155213470954203
162898.79709616688 0.9771909593227555
2.9924724363796704 2.9140481201966635
1.7971207626665464 1.98993302430969
1.600136032384853 1.5892002295666627
1.8127628797144992 1.184450529759779
4.213713816534652 3.7115390546502085
2.3319900522167902 2.490119001937079
1.595806761884226 1.6704683625375871
1.8102519395818057 1.1972153589547303
3.0577934105459588 2.9946766906133977
2.558753183213174 2.6452783197448886
1.62258353961803 1.7129607063780297
1.8103503687861597 1.163702318697436
1.8073147643898766 2.028741556946208
1.6128438976428736 1.6872880926570277
1.8257746106360646 1.2217042454535438
1.661287071522258 1.6305860647010937
1.845284447712499 1.2264543526385026
1.9139681764207883 1.2595347469452791
3.688006521160695 3.440297911189238
2.011508896865721 2.1276881389889115
1.586462687926459 1.6558466572758586
1.8096475353329184 1.2002644804687235
4.047960342453928 3.699438509742792
2.651303302820525 2.7927871454048367
2.827628851880969 2.4125259909479992
2.6282635639899006 2.6831471085956538
3.0602304881139455 2.6171967059840444
2.9059085030540066 2.93572422702937
1.972336545943302 2.1344876324440585
1.5775913232617607 1.7134169611136254
1.7985530227118214 1.1717141029175218
2.580249026353225 2.615093258020756
2.765798069918608 2.439287722722292
3.114502156914912 2.327749784469618
1.7542854922646236 2.028834960836857
1.5715939001315022 1.6784174311953346
1.7903554466027383 1.1881715184487112
1.6254282181588349 1.644805010931293
1.8003670359354202 1.2064227694509895
1.8639883831556563 1.2472928526777374
3.7151929542664677 3.455152550112088
2.550417797451698 2.686203993865533
3.010585690428773 2.3088960211994416
3.8736344609767412 3.485738631131949
2.6312086912757473 2.7597320543617903
2.537639813999325 2.6957719174101613
2.7909167500388476 2.3736669581944017
2.6606083986726876 2.202834048247009
4.015573202625667 3.6836820779154014
2.6107639474815554 2.762238474659744
2.69996864345912 2.24461172722061
3.798846334542187 3.441866035697234
2.4900232821932096 2.6684203111063933
2.7222721567353707 2.290520022908345
2.6134281952214944 2.1752401384315063
2.847886808690486 2.9049011005013017
2.499092443571862 2.69608984663857
2.6400650770675553 2.2253954709400006
2.4746283778539198 2.607930857460983
2.7155982676798605 2.376301333451851
2.765311913854658 2.2190422194402886
2.482644722677949 2.651053896665695
2.5519675003488698 2.2221037041596934
2.58274011920824 2.171463985637084
1.7090538597556035 1.992072004851712
2.8701446155770527 2.285792098018847
2.926933043831884 2.197062843753837
1.5391214462162617 1.585956939647401
1.734485097752653 1.1901843343388674
2.846779494529505 2.8864922890717857
1.85094511935503 2.0375962683244726
1.593967758391587 1.681130549926323
1.8038439221572267 1.1843356456204632
2.891569144971708 2.8816357722297687
2.4410249678386498 2.5174980478206646
1.579248832351642 1.7049297499029208
1.8018949908880646 1.2125213196980915
1.864504103773863 2.0946298194633246
1.6024249794373908 1.749099968344091
1.7990554419252986 1.1828703260636795
1.637001208026848 1.6672331847855708
1.8236843386679604 1.2148310600341752
1.9012526025162835 1.2092333008267753
2.9830020907010537 2.9481664547526223
1.9760867636127877 2.1404149303215556
1.578468647068552 1.709409604343906
1.796002215987674 1.2031876635886345
2.6106985578382904 2.717763198271252
2.829488812948282 2.3284690032599356
1.8398845639255015 2.1133095112577696
1.577655921647405 1.7296812776776371
1.7887075747075984 1.1904864842070226
2.9666789716663047 2.47571380737509
1.6107014885566167 1.651551300162166
1.7960568135188224 1.2051999797651747
1.8609769038252877 1.2102143326239723
3.6444386993932736 3.563240058234922
2.4854918474914443 2.6580765455935875
2.886164747103977 2.4321925493892413
2.4791948642355583 2.66154574655636
2.720256619411883 2.3253541487880156
2.475455337987702 2.6609382778659034
2.6365526951071745 2.189590760069872
1.8011835890782106 2.0219913068463184
2.636403204386571 2.2381544715586372
2.5521373134002534 2.1720683440159005
1.5395883486717263 1.6366333006130862
1.7440203645987802 1.1697492245813346
2.3309546313194125 2.4695264168659574
1.742361897713451 2.0025725713344973
1.5739748070198867 1.6306832044187185
1.7920480976960653 1.1931044707155183
1.7636417851894703 2.037148401311579
1.5593487539285902 1.6665401856359419
1.7854557301422238 1.1918332976271306
1.6226979231963083 1.6815826027501808
1.7982219472071823 1.2217507372758847
1.8761652660847705 1.2292623874457755
1.7590207927741428 2.0371482985495306
1.5647666356241472 1.6626226870234166
1.7788749057767048 1.1847861935765376
1.6080285535570877 1.6487617286969365
1.7958373281072766 1.2024051000338054
1.8610940326472665 1.2508298470218626
1.744583242540295 2.0160190519260355
2.7472419067221105 2.275729750345353
2.7144083944061856 2.1642460117619917
1.548691550872134 1.6433887996041188
1.7603707364562138 1.1482556762600908
1.6313535101129244 1.9079696834622835
1.56293372179953 1.598731313791401
1.7773505323207779 1.1934837998191483
1.6157192697023077 1.6534244656250505
1.7664416820832427 1.1862288115387636
1.8458213984162746 1.2055294552380398
1.6171554219698074 1.6179201853860734
1.7903510549678368 1.2204224020885053
1.8549841775122817 1.2408933264372588
1.5590253618790617 1.588533522592947
1.762301748419967 1.202050985176717
1.5862404099789056 1.5624645693851076
1.7615578817908188 1.189129388210025
1.8182629730737316 1.2164296437918622
1.844465857114984 1.2383811013932897
1.7579855923908636 1.159874759097869
168120.79225279306 1.0025913048001367
1.7680425421780837 1.6815545913457526
2.4540358730146483 2.570381590550996
2.4834380324663323 2.650301784466038
1.8466200840561569 1.21367697899903
2.702424042629436 2.2115393643529897
2.623140684350245 2.7536042592184238
2.0097831548795724 2.1311293857542988
2.8315112916425607 2.39369350350061
1.8059200562825946 1.2127694663174804
2.0477688358403023 1.2453428779998759
2.740222295439008 2.20520616658629
2.948317635492116 3.042081995369084
3.0026318889744665 2.5046768849349688
2.6549015614561364 2.225795220489077
2.618601362863133 2.7130698475500896
1.9363729249081012 1.2878686015235954
2.74963511969019 2.166301214511339
4.057289567026311 3.4855665559070923
1.8023305231079023 1.6296430111902593
2.6202199370828736 2.7087605178632645
1.823214731418088 1.2236137323942249
2.6413028520228345 2.813146573406357
1.854369000211083 1.2097080361296606
2.7718859239462996 2.437742535198235
1.8989685215551684 2.065023049752288
2.541090346959212 2.68572561393955
2.5835146599243908 2.7345128638495364
2.6454320357737506 2.702005953788732
2.6129308603117725 2.674912583043703
2.6535941088061676 2.1281889053237206
1.5653248554185755 1.6457908802105896
1.5734352360159427 1.6759900472375344
1.5782664635146832 1.717556803481668
1.6593914414335569 1.9025536603703002
2.4889790692851066 2.512950982449901
3.859404477578699 3.5408331145989766
2.8671957037177367 2.4062000855597754
195345.8088596811 1.1772089233251868
2.7347431017040043 2.891456447256397
2.232137096341077 1.1827405562178592
1.6330698366213245 1.9153158309124705
2.6783687070795605 2.7023982184393343
1.9896938946094622 2.0285061615592284
1.5870524647962334 1.5837136702082344
1.8803883585086922 1.2227075230718896
1.798384780233655 1.2073978065469095
2.6007396872416457 2.558701273102937
2.5574333452400664 2.1480912567777857
1.778316134147388 1.5534493556468163
4.139767640315646 3.73073136159752
2.96027408021786 2.3103456044180755
2.8708729438561797 2.673353507290786
1.7441887274682473 1.7832829459806931
3.1860590716882764 2.4052092311237203
1.767568073135405 1.160917698556066
1.7993308826237593 1.1826648307051626
1.808577976512201 1.2003947451319041
1.8245129560917497 1.1744485256393362
2.6776228071456774 2.6442307922701094
2.479725287253497 2.670235353311636
2.5723637471101832 2.6607146119656253
1.5791062131232603 1.6369786615807715
2.740525677734829 2.208021237859527
1.770112337411452 1.477035472951355
1.8987151225755734 1.3221290258379177
1.798532862711456 1.2217046125001876
2.741508538198277 2.4405365356539823
1.7832715104047363 1.7121647695207924
2.453587392099622 2.6154277908270886
1.8008220718411776 1.2087439038145664
2.8856157690411353 2.9205351092119987
2.4879982237862013 2.5796525022377317
1.7682062422169569 1.6748013238120578
3.875228683940369 3.486015446983015
2.8041631357837273 2.1555051953838222
1.6308406931398425 1.6489746234673328
2.6691506541776726 2.2169249574192054
2.003789193175553 2.1911208794249957
1.7185266209097059 1.7260108463981574
3.0219829012448325 2.529526044154535
3.861915498483919 3.520887614632591
1.7589976475910736 2.0553613120423915
1.6725464006235584 1.6614311248131783
1.8893333445235854 1.2995312610497525
1.8192947806064397 1.2169868703918707
195793.15325396237 1.1535994004859291
2.8978075069966813 2.8698552545818594
2.8208358863723344 2.4204810320714367
1.6282905896189566 1.5899127879490218
1.6741887108084563 1.7793250547876234
1.6495092133339275 1.6659178061573061
1.7706490501720866 1.191468236014809
2.7047048048591624 2.2692639161301376
1.7955473956557237 1.2084805762358382
4.123757682421669 3.5439432988239172
2.69176011149396 2.214218231983642
1.7983204461910494 1.209444260901646
1.6866014224380543 1.8608938453183934
2.504603223199977 2.6656414036363776
1.6097480699615312 1.5804108977094038
2.5545564683408135 2.698489888930043
1.7667315499000364 1.1372491299908845
3.454765682895237 3.2596399326473806
1.6018691125062112 1.6153523507300942
2.10144343276293 1.503955485608779
1.8626171155566649 1.2068956615333897
1.7988297989582813 1.1848405344816908
1.9455737465515126 1.9787126793899383
2.7544297110941702 2.3621849192563062
4.249593066918032 3.896415377476616
2.471264449229646 2.563839707499138
2.707117814979608 2.6308707317120454
2.6668333441896075 2.5205504578552524
208578.7270955494 1.2343740314638176
2.9200152295200845 2.448190004786283
3.7951035485355575 3.578249447475259
3.0803359868739606 3.0214383176126534
2.9118526568017633 2.2711602835290967
1.9338776692920707 1.2077402239688808
4.095426472855752 3.632178696367132
1.5877916577135998 1.7230054103466204
4.018143176373001 3.6872494979837365
1.6098005942535432 1.6544895455001518
1.8112986375365379 1.1718747446884423
1.5490611154594303 1.6443402781712257
1.8018699349264802 2.028630536790945
2.6122682268394892 2.7645467680466203
2.958200423354295 2.924059585576864
1.5753488058295047 1.7075872081187238
1.7942602950861577 1.2434349656610664
1.8616061970728723 1.2917279316117614
2.5270789163347427 2.6779637164714236
4.117170142413548 3.705895525013551
2.832785189977937 2.443022901872844
1.9141680892144644 1.1492103230035393
1.9073010842370564 1.264100176606548
2.9681795274712086 2.210130078316621
2.583067598562148 2.6782768666394183
1.877160727480745 1.2295770865632845
1.79603617899006 1.2031960180841919
1.6142161737611254 1.6838928049524633
3.8926130098409915 3.5821130106002146
1.6084006652553726 1.6078095668440382
3.0928875138269403 2.239679618084269
1.9054922022172045 1.2513300598221118
1.9766612770592669 2.156431146030478
2.671197720799767 2.7487181509355456
2.0545542789758215 2.1258884892121355
1.9124055154779902 1.641979680598853
1.8206026707164937 2.083815945707846
1.8597213260874503 1.244250369313739
4.0679643526712095 3.57143447625878
1.7668880335386414 1.827705474147408
2.9380281705342934 2.9708679048682343
3.062513985514396 3.0419515738640017
3.088038936414638 3.0022170773541093
4.120316928895488 3.552609801951699
2.8670644076267195 2.914690554273788
1.6143410770887585 1.6607109379442369
3.0519798112830667 3.048087947969091
1.7133764597080583 1.7863260402077947
1.9754951561683955 1.0800789160537092
2.8926715528168208 2.9797442235869096
2.9204983684678663 2.373136948254283
1.8074632450123613 1.1401329496188986
1.7452005851240444 2.0143654881288295
2.9385904988047624 3.034634977383873
4.331615971238227 3.620747321601133
2.561742371340833 2.686301266662192
2.513952734325659 2.7215183683073363
2.773628266184106 2.3518138115991523
2.6340213577731717 2.6524130602017904
2.8278291289612896 2.3746534346636237
2.4239338673683406 2.5687842008745427
1.5741332885970114 1.63327829370439
2.738035981325437 2.403424249241241
2.8550734719570947 2.36515555434264
2.604071845171249 2.2183219281825384
1.593269675346848 1.6075046887410558
1.7266614391467106 1.8119738066661861
2.7185442534316624 2.1896545611182114
1.8333670962808843 1.1910487239428376
1.7972039712255088 1.9896335473373012
2.8071025315905804 2.439769092283311
3.055406313604891 2.173554255323844
2.5028197092861184 2.619858082559953
4.253404474463496 3.8389490344382065
2.74901322341424 2.1532745331791676
1.581843159976255 1.5959284649841081
2.8023092607654063 2.1449877789184444
2.8937230281482753 2.4822069072306974
1.6450169984010345 1.5730279742971809
1.6901953233074805 1.9177160754354794
3.5302246305190432 3.460204218763891
2.7542362281003863 2.627280490019609
1.8782640578696284 1.8927649492751706
2.7051564132355255 2.8510780988964033
2.7803729607441867 2.2202255501297223
1.6756542776978223 1.6962855819033174
1.8821182445843392 1.3156668135293381
1.8045193018901933 1.2145176789194467
2.6465855779943794 2.4982783806448414
168152.8097818519 1.0021334044378514
3.8112053972820865 3.486302844068849
