27645.003525739714 1.2902488903209415
0.18488627559530363 0.43642161472801094
0.13901931248468463 0.3174587847287281
0.1303049601187036 0.26659423502224183
0.10941656712535723 0.1858906346226391
0.13927740829299473 0.12496426472158562
247.79473807563744 0.07877187282215642
0.5233545099364036 0.8402286215160686
0.3011784254048375 0.5146892494236264
0.26099631691351893 0.45857804646898076
0.1552973716211715 0.20888705213293207
0.21029445433622046 0.13613854367399297
0.6018206699801671 0.9473055696457726
0.5715856158165852 0.8731121198552992
0.8572415890080499 0.8106994415208062
0.23826549631284 0.09611470427009833
0.7634104293093352 1.0636398007128331
0.8969912262714327 1.0058520508085649
1.5992608653312208 0.8082291120221015
1.1459425019760991 1.049103820905112
0.4893085619621287 1.1537452645958315
0.4975309341308116 0.6883248218058643
0.36153419768182515 0.48671750360522004
0.19279231785018883 0.20573651188636477
0.7591224552641147 1.2797284515004266
0.9828716846063255 1.1528962636464497
0.9170301793421582 1.4879628700106688
0.5403371965394961 1.1062337284070727
0.6852122448487721 0.989971510637971
1.126885329258347 0.9913547135442553
0.774004403042138 1.1981502298359488
0.6685563914229158 1.0736890275367525
1.1655451963934034 1.1337658280464655
0.215377039487737 0.4519670929587004
0.2644595125831938 0.48249659482745
0.680800461454417 0.977014750247215
0.9981670705245145 0.802549626512346
0.2605492035356575 0.4905195189924287
0.1589140924207491 0.29343449714008635
0.3619878778285706 0.3480377504255122
0.2639026862786249 0.17007535736419715
0.34961214999008927 0.5852277666170507
0.32426707369725516 0.3707628156027939
0.2425909742163967 0.12458827631201073
1.0598460744759062 0.7607787854286159
2.3518969839916086 0.9571000234739173
0.38859873418187263 0.5609262241509588
0.20906578580138307 0.2865549551057219
0.22635927785144744 0.22926718877593444
0.19351612977867527 0.17075431378004263
0.23067438601566992 0.11190838839675071
0.4341671137741768 0.7485945294502024
0.48040868081099447 0.8223979551262783
0.7323161047092392 0.7940279116149102
1.0674802082233723 0.8372854118043205
0.20202028157423033 0.4434468008902232
0.18658678226847208 0.31502757628028144
0.22849720678422744 0.21600460179149344
0.24143351254764805 0.4242808426145198
0.22821980788718932 0.3073742955420459
0.22403417184040408 0.1696403183220853
0.2689847600233098 0.33698255618535644
0.25387094504128904 0.10269661216891796
0.8041824317699355 0.5274120174317212
0.2915451754205378 0.4106417169852745
0.29693759067689435 0.3801115768098597
0.18778974428304324 0.17608475531090645
0.5388672807537721 0.5490899867443713
1.34909082178108 0.789048567117892
0.16828440456072158 0.2970318960673541
0.21357570074631685 0.18251577777411082
0.27728414548321334 0.14949779678087846
0.16992811419762238 0.2107742505532134
0.3106215729273019 0.22268144588207042
0.27262152487967883 0.20925237316367062
1.7426966651456306 0.4693080859837191
0.2592843648995374 0.2880187627939892
0.46555258273307476 0.2498990164925204
0.8771118319509498 0.5579629003938273
0.13905982232445632 0.20148931714175877
0.19032873666657268 0.15469790920508975
0.171308368895801 0.1533930414875277
0.22259847957106849 0.08900209622903163
0.7771492648650962 0.18518114851433337
0.37331062812647026 0.27211835119752736
0.1778718037190726 0.1523216535241004
0.2221358421234235 0.1028499472790139
0.2945672556186811 0.11087167761653738
0.8956795174447671 0.1758600978560954
42.010007199176734 0.07838242188168584
0.5335541752843114 1.1774954841813647
0.5526546189058709 0.8007848785011845
0.6226197409324293 0.7542510372031032
1.088448300864007 1.1082773375340436
0.6069026484990956 1.2786571958594413
0.5102774863982884 0.8877435518447643
0.6339341497784015 0.6517883517141885
1.2040883643258828 0.6355383314526899
1.5841548454908059 1.491038380045439
1.9797733174027736 1.2967513938184212
1.5872145548313998 0.976384014274273
1.671083019914703 1.7775446277976186
0.762609384379518 1.5410342085282311
1.0130670856063189 0.764214005762824
1.3078915262124795 0.7026804937844726
0.9933273338083504 1.657129714475664
1.3866287805495587 1.7501568071547222
2.322508458169036 1.914540311007259
0.46478414142055224 1.036486269538033
0.5072242457339797 0.884064488197569
0.8373645902987685 0.7525897532962595
1.305153803266906 0.6847266874481401
0.6727040456972362 0.7347865064817061
1.0443619479053443 0.5102960704908729
1.75707599179216 1.4056730669513482
0.48316803264222047 0.7069564956641882
0.5624046732343129 0.5223959064645757
1.0395942441120727 0.43672400816583523
0.9458769028011336 0.7698754060544397
0.2584860519118215 0.10330503628451582
0.4514708286268681 0.5517767512586722
1.099545482699789 0.6386018055546685
1.4840484467389765 0.49220431947206283
0.5806579258916171 0.37637464398113
1.4901807117747943 0.2885731351354658
0.5519022692564749 1.122360700106634
0.7396931281174063 1.0852227714712221
0.8950212829143276 1.0793245596173646
0.8895843051510474 1.2255970963668767
1.033833040516444 0.9755280524983938
2.1122354041516656 0.9640941240744946
1.0738058408753943 1.2738180363368365
1.4101353194397612 1.5481343236885325
1.517457372610581 1.5667370724897496
0.8708834240117168 1.06424828981843
1.0382425675233142 1.0346759537656625
0.7528152613637694 0.9331507439827318
1.1950049231374058 0.7069558047605221
0.712646917293222 1.126990541443758
1.0058946921871477 1.1139999663400784
1.306167981386563 1.1362298824059849
1.3958151244829413 1.3523358057196595
1.0529628112495093 1.0335632321378319
1.2027324610916335 1.1194076629815228
30574.297988816925 1.3833781067095337
0.20031559272359342 0.43342942145319996
0.14283916999615612 0.3107475384992707
0.14988768551149298 0.2682069856865196
0.11028625874377401 0.18647167808683485
0.16444982917536058 0.1518636271408219
341.8019551985681 0.07901963658270433
0.5318819672812837 1.1948692023435026
0.3023016529240371 0.5119587135917802
0.28694501961840435 0.4583233965851415
0.16172084017583438 0.1823079178620596
0.21266429550934568 0.13035721641061226
0.6226473754836637 1.2158800384334196
0.5910600635774197 0.8816165240056465
1.6853426947859644 1.7611766161875757
0.23938703089723265 0.09806430120841858
0.7649975769778306 1.0704182114847507
0.9953077008521987 1.0603385375855587
2.0627067507061105 1.0275253096398422
1.2219742680213384 1.013131312896774
0.491095537962004 1.1533689448373345
0.5188229909139606 0.8124522333017608
0.6355481388833059 0.7129191995247253
0.20080641518161707 0.18396408244696322
0.924345823360069 1.2319347597060668
1.0494237956444694 1.1816188375384629
0.9179152551379872 1.4289991217644504
0.5574138948260167 1.0380547192442462
0.7108599014370529 0.9982346841681353
1.5035522005008919 1.004134181869582
0.7741448781383747 1.1981341583390708
0.7002951741962588 1.076254053199445
1.1805399636221228 1.1346867948767803
0.21747818808790206 0.45180337706061263
0.3661353437368586 0.7249784616070591
1.0206141784279366 1.0649004789133367
1.0762969317122395 0.9092114122311334
0.2612298354116457 0.4900741678071896
0.16579732494339683 0.292798917409889
0.37471691366835286 0.35917434535324566
0.26522716427891063 0.15657944807929103
0.35716005560593345 0.5884125552295345
0.324832112623881 0.3706401699066386
0.24272572032030804 0.12466656964584191
0.41030723520597245 0.5838976049464035
0.2100493023235352 0.2877038689764947
0.2935837761153042 0.2841675402074281
0.2013159441872811 0.16733810321608555
0.23912533957700002 0.11868269888631
0.44870886363356 0.7544280024285113
0.5206839184117074 0.7269454672149054
0.7688637685642282 0.7950137050021164
0.21215104124798653 0.4321117415181601
0.24420889606136387 0.3517392294665158
0.33783932254205795 0.28594924910873293
0.2766050074563046 0.4012973536862116
0.23228957447202192 0.3074761931810815
0.22828630176256548 0.16310186289176043
0.27492931159586326 0.3188657499685199
0.2543447573946938 0.10343753103238923
0.8043695943913165 0.5274383708361141
0.3148953448511642 0.4459818805731712
0.2985214950343016 0.39017473462625724
0.1898190842764586 0.17523813029706764
0.5627205930055723 0.5515773486044566
1.3765470316873427 0.8084995856791708
0.17034242287062978 0.28765537552633297
0.2542763237324641 0.28265568980013045
0.32750336598254703 0.14840378564803633
0.1739988768815493 0.2109208096317289
0.383333280958176 0.2109211882639122
0.3042923619895537 0.2298433614105367
0.2656270427984747 0.29282380993884194
0.16492815501815303 0.17778477437181914
0.20096603648304048 0.1541148319790922
0.17326860919985687 0.15183408139435267
0.2227588460566982 0.08941858616866705
0.7888238250990298 0.18945381772367298
0.3827566784413264 0.2651790982425924
0.17821405202139398 0.1521005410523859
0.22465663989677237 0.10269467654759382
0.3246498525199389 0.11234812272802422
47.4188796766542 0.07839579808580552
0.580721553597484 1.1775023829918267
0.5528434499004748 0.8007490594298491
0.6612254019930186 0.7444196195696494
1.1007184711536402 1.1088084106439613
0.6707495088689662 1.2933171397550935
0.6107660152375368 0.995877768129177
0.8373638701275146 0.83861482650576
1.253144735243494 0.6399881373316525
0.7653633679950009 1.5270227119290958
1.3548693105967686 0.6530724005809663
1.3142851298637006 1.6640329077124703
1.543870095825958 1.8856514102446396
0.5797605143976621 1.0109068388915956
0.5612949355494785 0.8772679599465953
0.8451609353791478 0.7511217064413971
1.3204396791302293 0.7035753227974277
1.0752552755544964 0.506786128956606
1.8505196673523967 1.7159012939070293
0.5178265372469517 0.7702992174068021
1.3430572042964566 0.6809817710581967
0.25859563169896715 0.10328652010781159
0.587749174440674 0.60197092197723
0.6479560391656638 0.39687476425893586
0.5960608863954305 1.1319069497590675
0.7503370827356736 1.0747693604130344
1.0679785319251076 1.0945447363147034
1.0476584100349693 1.2121756491901499
1.0564293326762875 0.9752175372824836
1.301824952853867 1.4026018618360523
1.4548897979929651 1.6430761997277339
1.5892339198107297 1.6003573412829368
0.8756681594390219 1.0665816502253136
1.09623262821271 0.9957021648065594
1.4802064576504246 0.7177185492041054
0.7960037007158842 1.1795090363459517
1.0336932784167774 1.0987995356856872
1.4519746258155788 1.2180488486049197
1.1154687067175604 1.0408579708470636
1.2256362559282534 1.0816000054336188
30609.37511224902 0.9671932748921073
0.27720531938223 0.4095094349798786
0.14878902564690194 0.30293377450258857
0.16486900229444787 0.3098275570356385
0.11029196428316361 0.18756782924557813
0.1677688756999416 0.15403383510136892
455.3175575455083 0.07933795351825068
0.531991925685908 1.1025376411133032
0.3237084233065322 0.5410391730775173
0.3524526605792301 0.427544984048519
0.17586887743633528 0.23554491923650447
0.21357344451190424 0.1277103710523686
0.6346073494133871 1.2253157053534076
0.7397485669016455 1.015224888536152
0.2444362006340117 0.10351045235530737
0.7735401885519559 1.0241373035535473
1.045138708142884 1.0392855511480135
2.088703277223747 1.0047847797724798
1.2739684757147687 1.19289206481064
0.4938129025162892 1.1425389260080514
0.5206538472968849 0.8068627455142263
0.7134368559945818 0.8873941428730712
1.2670673456975523 0.9546137270858372
0.9247378011850376 1.2283286378348712
1.0622153445304012 1.5809484513234962
0.5599387405432512 1.0766559744544169
0.7116059241345806 0.9109172212133116
0.8166114638410575 1.1973225641519702
0.7151067125164026 1.1602527682324362
1.2344582409778382 1.1490831116774016
0.2177523459996766 0.4512614707550129
0.3810951498521554 0.5880380620350374
1.443996096614429 1.1856459928608651
0.26170700980489187 0.49015424551408554
0.1673598174116207 0.2907824848338476
0.2663276263519568 0.14491457376586314
0.36660513154137897 0.5387737228820215
0.24354242675454213 0.12406234452026345
0.6063308932335337 0.8119673849036162
0.45182329224566453 0.5536377805439503
0.297898138519932 0.2787447970880834
0.21244043979533472 0.15857322681775476
0.2507851145440982 0.11158440031270983
0.45822635673853584 0.7649522025077529
0.5209872519577419 0.727012443155574
0.7734610957774712 0.7963175445244628
0.3873177580867456 0.5241275205730545
0.2538763561586236 0.41905831569406865
0.34049656284801166 0.3104047962167018
0.2857199515689638 0.4527154969600906
0.25842089528613277 0.2729048128190285
0.22964852675679806 0.16989704251522517
0.28024017543581453 0.34653900758792705
0.2543640242697066 0.10321280068768902
0.839415479440948 0.5261450353854308
0.3153396964160538 0.44597474472842297
0.19350579832204262 0.17767843409069212
0.7852074746610518 0.7714039429201967
1.4290989663960079 0.8307363125423709
0.18184217853210088 0.30517100877748293
0.3200897068150699 0.24885136584673806
0.4571844051351257 0.28327303385269786
0.17399988451818932 0.21092003230124168
0.480800633109004 0.22241854808103267
0.3092681091606217 0.23175551593016888
0.26582377886748326 0.28398594537630273
0.16756042193636733 0.21475162601545456
0.2012026571268056 0.15409597322194798
0.18365306883220206 0.15440332442679738
0.22576598233951212 0.08913233746403473
1.0311841518565739 0.1681481972888792
0.38769319059232943 0.24890001298484
0.18103059718080516 0.1524584502672718
0.22610934173722833 0.10611917894200051
0.39974548112231006 0.1204369974996655
47.52440688802057 0.07839566989588266
0.5829720321727753 1.205535429388386
0.5562978661589933 0.8004423836388659
0.6640762494730486 0.7532922764487651
1.1277520054217811 1.0379994898277212
0.727626543507653 1.2158106912584328
0.7211957570361789 0.9526209366827649
0.8722183158732696 0.7805281175892926
1.4762608079330355 0.6350399634915569
0.7704378850040253 1.532165418453889
1.562219068080219 1.8841465713532912
0.583105522925963 0.942561362987349
0.915985439623251 0.7050951295728677
1.3978608715758996 0.6322307435695658
0.5336291622412879 0.6871672401195172
0.25915725188521055 0.1040808159763415
0.6125614116926985 0.6145709801103711
0.6544825553910755 0.39786836843993506
0.6532726051047193 1.0812317166533303
0.7825075886959894 1.0773977428702293
1.1093395356093074 1.0786495320786167
1.0669380574986709 1.2113580732253029
1.6354645713003135 1.0215688081228944
1.3155331623182467 1.2997350344513707
1.53429284546313 1.6223377574808513
1.6315525406774078 1.6163545299723052
0.9736327675668427 1.0439785198362639
1.498833200664637 0.6604969670864755
0.8846807656367311 1.1223087942462406
1.1759549906606246 1.3068267184032558
1.263457646836957 1.132873603304669
1.244086263211745 1.0816321810316278
0.6483170365465798 0.8414269282282749
0.36903576570850216 0.5590738085255688
48.28189762515203 0.07839761828673752
0.31363235725811145 0.231713421036691
1.30833638368419 1.6520233258463872
1.24648093323263 0.7899070223047433
1.294301513777636 1.091017674069671
0.2667225843922726 0.29280060643209727
0.4045171598464456 0.12366004875374852
0.32657193235148624 0.5178270719420495
0.5403521733846676 1.1896519493337467
0.38801867721536754 0.2802457927387845
0.1890484747745022 0.15263547493584761
0.535159986478499 0.78528344725591
1.2651479469606914 1.0803468987291671
0.6540461259728134 1.1210374658739772
0.7256948990825252 1.0520997333901536
0.7210684500033744 0.9106597640359084
0.25456415872013016 0.1037310284500902
0.2231864190340898 0.1237084198958322
0.7481223517568993 0.32930483911630415
0.19075973468819774 0.3037783573275992
0.7352896592016719 1.1024721585591026
1.3400378586113364 1.2997370990447694
0.5430538682156809 0.7483033421240477
0.4938454938153264 1.142539319305119
0.46145188453059194 0.7243885607228373
0.428445795666846 0.6411780220010295
0.2857220074875161 0.4527844575622818
0.2827784698866323 0.30541393259735605
0.21201556311359127 0.11686347541996878
0.7853142324874081 1.0028720242261877
0.41608224769812513 0.581609157967625
1.5418354120691435 1.3490749037525611
0.2695467553963313 0.16254774407789485
1.255737443810963 1.1171442771524416
0.2374278312274578 0.16168602559640657
0.5766068279066494 0.6536675261301611
1.0608752459476838 0.9935272512178805
1.0373963863850262 1.02483285472196
0.7480642621101914 1.0061988886954647
0.3413594184978888 0.28435448942238817
0.6584642619503791 0.8170776796777982
0.40307578664516436 0.28239783303208366
0.3995196641212292 0.5527569625459814
0.26850032961390485 0.10779042979341563
0.15346624560799535 0.2969551597836089
0.9491980458510942 0.9224853876156629
0.7780001525440821 1.2991843382423345
0.22602184222548308 0.08911561525326087
455.3244408002443 0.0793377528007454
1.2853840340541478 1.3583994364334537
1.691098668043917 1.513873832079006
0.35149024658408035 0.09422009329571157
0.7708998448280012 1.5503086426002697
0.2678842973802624 0.4820842295555683
0.2617074003342991 0.4020119860536585
1.5602153629732936 1.599471262800697
0.24394807799255025 0.12418101686194756
1.2746569393580152 0.68281334932912
1.1807209256860176 1.1329454457293184
0.18471681814385896 0.20675987269047746
0.49035001600747263 0.5074085765418432
0.6851094062094527 0.6140501032260881
0.17798921971142415 0.15926533696314565
0.6419012736140706 1.1156532831549564
0.20306945769555076 0.1833725984439158
0.9768392714060672 1.0777919643939557
0.2166778012206096 0.17821949882086427
0.16743042555859755 0.2907824848338476
0.21826982773112966 0.45177037281083315
0.8430332975124281 0.5598879974440469
0.25989621563687154 0.10479721744154075
1.5641582138145698 1.3380534508230109
0.18505821381084284 0.21040833998443345
0.6354025855460526 0.21095878566833903
0.1109152287473032 0.1863537575462036
0.18838137188208245 0.1711072504649747
0.5567737596174444 0.7955297102315328
0.26306518001164686 0.24265584584917083
0.6369297234895233 1.0369770490399657
0.48827637286152625 0.32863642770751433
1.2829128263589258 0.9974728637016981
1.1724481315160344 1.2974073863168665
0.3176898292689939 0.4418976702689967
31157.58724265714 2.301051553245158
0.8356084066210545 1.1185060429450573
0.2304396485127756 0.10437692459493896
0.5757553332082399 1.0789033354438538
