0.010552342003086712 0.6778253086130754
0.010780668312814849 0.6814514520812127
0.01081087696192584 0.6758884301529081
0.010310727927240776 0.6810487001700052
0.010805665081465124 0.6807240476179562
0.010790190211959951 0.6793721009447783
0.01036332117418973 0.6812351184571276
0.010515817730004283 0.6847182974446901
0.01065385817531891 0.6824259181175465
0.010705861651515606 0.6822781971038805
0.010640677830069596 0.6789301037145665
0.010608770333634695 0.6778225801102231
0.010288690443730517 0.6872543759724367
0.010400250407764447 0.6864114865319565
0.01047808434608935 0.6818739587692682
0.010518722354051295 0.6834114474523457
0.010451329875052302 0.6832309863689384
0.01069036268653584 0.6839266008324069
0.010868342523772636 0.6823520121350799
0.010576114307550583 0.6862608745527232
