1.1900234395409208 1.5203211919265147
1.0322121225387448 0.6165795976594848
805.9978403721357 0.0020980372739575204
1.2747685999721396 1.929041839289628
1.152918328022587 0.6724133964084621
1.1365073026467567 0.03709683325868701
2.555953461808386 3.10189845532013
1.3620524855412812 2.2075906186659697
1.079826660447038 0.8415666014778891
1.5505328836366847 0.24534826047176328
1.4544412709855459 3.178285204554115
1.280702885792495 1.8995947785541671
1.0744866106550994 0.872901505032648
1.153980943459094 1.592178198561467
1.3118949530924187 0.9383311376196567
1.575344015207047 1.0007524644236012
1.102778412267101 0.741251490989595
1.241044534988646 0.10519270697352556
1.999336955402953 1.9597313452877385
1.059927890729938 0.9678295230547814
1.6474788499199837 0.2793952306226679
1.4747387357741906 2.388441783144523
1.3229430026012128 1.1682828151548839
1.299842320225747 1.8593740231522515
1.826355750848686 1.347025334556437
1.5702523781970954 1.853865532162802
1.0820700432423571 0.8164726854175764
1.6863454950885504 0.38762867708710846
1.6494510382936947 2.0814602209447264
1.0654994045162525 0.9914105870787686
1.2839495587844216 2.0329807048983852
1.2374670974688813 1.1733944016601292
1.7253864562206527 1.2803707511655384
1.8722079515952978 2.516305317119009
1.1540477435963792 1.8924005927138179
1.0375872236995056 0.8732590420664681
1.2244372962335937 1.8658700697533992
1.1661735994716877 0.9949222168135181
1.3880505479056742 1.1291052338433514
1.147943523535055 1.3629739468274054
1.3426071665123018 0.9660350374680864
1.3840404971764673 1.0133321689062793
1.6175704670353972 1.0008038534520227
1.5686875095968487 1.778630085527701
1.4857193112093432 0.898636236973694
1.0825572415405416 0.9421356300395796
1.6140711385660778 0.17037738687684678
1.3838882510337183 0.9156826341961551
1.403426083012295 0.1481362300828008
1.9922510434048146 1.6013202476718398
1.2900130347769014 0.797447634030804
1.7258724947785977 0.41813335969192134
1.1285109796433053 0.7372701517150928
1.575354592965562 0.5760769887847961
1.4661296849962926 0.1837558557426468
1.685771455173099 0.7068004268875469
1.562771869084484 0.2144339711228549
1.312222836357134 0.9925056576665812
1.9513529442265318 0.4940658096716188
1.129927381730051 1.0213837987103516
1.0523123485022823 1.016963935276261
1.6420291113491425 0.3217860480433368
1.2663594910921414 1.0369308136161461
1.8977616373737423 0.5169295221229641
1.0255889919025074 1.0126699513012185
1.6985089966087024 1.5272386599966776
1.1164450802319037 0.8185419047198617
1.1083122897189837 0.8576911328802976
1.159044870254809 0.8585078494663045
1.1960324725118117 0.7698144827478193
2.0079113303536817 0.4161464557060459
1.7324738299127362 0.6292139162959831
1.6565881430706564 0.278330620069908
1.6873722258762403 0.7822980005592867
1.2906799902303328 0.16573994432543554
1.516288704067077 0.6216633616963858
1.5295164906576337 0.32478690096249596
1.620170910233405 0.7239699752864203
1.3908387365770076 0.19354706479937622
1.956811496030733 0.7819630793629375
1.4683331345010915 0.24503101267385402
1.4484628722266186 0.8110532257688752
1.6954979800052357 0.4171011124801637
1.4460286906368902 0.7271932979818164
1.6099577049334912 0.35213526682698715
1.357702254803696 0.8527055008946648
1.7681899814186186 0.47760286082048997
1.9565323705712654 0.5966008173165954
1.1375223865334885 0.7189264387053698
1.4913211191243925 0.5713839598538544
1.5919959022485275 0.3101508507260277
1.7337513160818 0.5132953241341132
1.2700549228283378 0.1272814277137415
1.7053118679353245 0.6080718317433553
1.1873073872655686 0.11461887661318358
1.3602564848505854 0.23416276154253912
1.5214180402652822 0.754985922700994
1.2727109389400768 0.161209011042552
1.5054220093931565 0.6357610990476181
1.337935728221145 0.21053992652299602
1.502626115872841 0.314266558735285
1.1536514068614423 0.798518640595262
1.5723792161797299 0.3225788131689934
1.6386337269984041 0.3798509874213371
1.7420818130875304 0.4977019741526389
1.4335327280273518 0.5448890566190642
1.2136320437646035 0.12299862725913452
1.0209354789618639 0.021352468866375107
1.1287730760962291 0.08491652954281667
1.3865616966555774 0.5451016471317736
1.2153926010461849 0.13647333163415337
1.2672179098454928 0.1782320340785552
1.441099788905938 0.3000980673400613
1.4834116168618325 0.32547355196109423
1.028303831156492 0.024991084956538213
1.014961975361486 0.016816355342319574
1.193818294865173 0.12250847536739518
467.82514404226856 0.0013133367495667088
2.0356998458522746 1.3950655633154232
1.2921121477031954 0.8764368670246812
1.1906623639897131 0.8569482835587474
1.7461214667461393 0.34675593843122704
2.2403832379030977 1.7362894653945469
1.1149185360982368 1.0284182066854974
2.2021213710441807 0.49347778712516893
1.4287254538314997 1.772564921148688
1.8443484122719365 1.4799598796694533
1.3343298138034143 0.9337953500494689
1.6462257301158116 0.3703224897645383
2.86723140076944 2.0868836564370845
1.1881350470540397 1.0940244415045104
1.9072895002920902 0.485511787905387
1.6549487586150182 2.174532228154736
1.7914548436262274 1.596215342028382
1.8249944451874125 1.8674684490365832
1.440007729692838 1.236178174394986
1.6301430286772547 2.1067409043397487
1.7611812713230262 1.5866034148862382
2.4988457590791766 1.7252524089363854
1.1051222696170093 1.8173585111589727
1.1742582351549722 0.8391615228459719
1.9751570080181435 0.3631961828991007
1.6743918819677928 0.737336169278096
1.7199748790464124 0.30197202233674975
2.37853828093562 1.832183463159287
1.1964696568294184 1.1090475906269055
1.940089444704627 0.48967422962737994
1.473980672008734 1.1942325670812135
1.4027096185582315 1.0502009157149794
1.455471707684333 0.22221101936333038
1.3226883736182553 1.183033706817127
1.9775362196504531 0.47960476024139054
1.415601562586867 1.3884501734212455
2.0603761020642954 1.7070669277781776
1.2071478602313976 1.2634156137711603
1.4695610363706582 1.3752297547092578
1.7948259999062306 1.3323978267182428
1.643810030701848 0.6140403977990426
1.672929500501339 0.37292298332346346
1.6001520115195436 0.8555464664074387
1.5996594057254399 0.3465867338420377
1.2076427059556114 0.9248559622554152
1.9061268858744167 0.4628589718767887
1.3993298444548006 0.9488944365119678
1.567969268830828 0.3051376837660147
1.304471443114662 0.9995664419900093
2.0302491104713543 0.5932356590174028
1.1332078602701556 0.9940795680954726
1.4716901407448622 0.7278719298771571
1.5347346769113788 0.3192565480633267
1.472837577386877 0.6558188318642157
1.492153532419196 0.30000630975501724
1.7188824895252295 0.4147104395035713
1.2693839911285787 0.9425922632582804
1.7260244870581707 0.4090136906683237
1.8736640277993388 0.5063728915707073
1.2493790776985558 0.6488746115376984
1.4137453900615164 0.2513233075891877
1.457735246264138 0.2771708151857446
1.6426575138790014 0.3812097615909458
1.343557382893159 0.21323198345678512
1.1925622956737498 0.989900772446745
2.3050987249673875 1.4933890631648072
1.119739942119254 0.9569010536283111
1.8817636698900753 1.5506270809787328
1.204164863586989 1.1263910543191145
1.75203447574306 1.3176409456358413
2.1868758153522334 1.5051693930479604
1.0682334827303717 0.969400143853099
1.9884114963136137 1.9354599332754185
1.170935503773456 1.2300791189700608
1.692145711128039 1.4279331144002612
1.399595229418334 1.8954960489923613
1.614473476393848 1.3741355674945397
1.8119183874504166 1.4906209309117469
1.1242822964506642 0.9418637227669877
1.2021375972104582 1.0023702034479152
1.2000274299602585 1.127371803663165
1.0392457550364995 1.1394526922250745
1.2249135190785176 1.220462502553705
1.5748076438093923 1.3518623361285433
1.2867430145256076 0.9104976824846964
1.2038363136190835 0.869771665221457
2.149060447946748 0.7616160952617479
1.0751940580549402 0.9966311890006068
1.2292779417703514 0.6946001568032831
1.7237239824325141 1.3570389523849442
1.2046895890928981 0.9851156982448783
1.7609123400489768 1.341552112685561
1.0722987768484047 0.9704481341093356
1.4091336664940508 1.1169450232570322
1.6296670224959946 1.438265254466729
1.3280864688555538 1.1240040071265016
1.4844735203726143 1.2077721738720406
1.8780529539565851 1.3023660771327448
1.7033509672020095 1.4332334256796748
1.102339220782693 0.9535923708983609
1.115306932046903 0.9937305266445979
1.3798510550853258 1.1613803983009179
1.0806404675120802 0.8746965378992235
1.1591859041518522 1.4536771645726885
1.3583437797455873 0.9919953473281289
1.4024477133874573 1.0224776166821268
1.6290667906524001 1.150350710555938
1.32044059440018 0.9798334840155608
1.589368816081465 1.0136425827413502
1.215185591230106 1.4997453827304092
1.0711503083840406 0.5878834082230847
825.718854933876 0.0021971025268821
1.2748113110207007 1.931236667010202
1.4450902811404367 0.9536757805164232
1.1367518643585566 0.03727589224942668
2.5578419315089733 3.0994713970592094
1.4338552752944107 2.132101536585837
1.114978418907285 0.8127609797386257
1.5511266212416221 0.2447625763703316
1.503732311185609 3.2595982078867825
1.289421628987792 1.9003239782137227
1.0754712328924665 0.8713635286545268
1.1554222475681568 1.6044899895187368
1.3121861377696402 0.93859318581745
1.6032396088401464 0.9984698473060813
1.1316267501434132 0.7634810876433716
1.2411129258046578 0.10577890573858162
2.2312769322411805 1.689587202064664
1.0948783875577452 0.9960370906626725
1.6475763958492156 0.2803460462679883
1.4867122780620938 2.3905174095019253
1.3274915082187722 1.1576096205089053
1.3231394887110177 1.836468765990054
1.826768340755042 1.3488773783521315
1.5986014484584579 1.8690867355566878
1.0965444554181432 0.8036775289036817
1.686879850546717 0.38807089239844417
1.7183550766127016 1.9785389512901645
1.0787156753750806 0.9770651236561874
1.3298203113178608 2.005518033942522
1.2542524027683892 1.1597381396250015
1.7283260170115984 1.275890150015519
1.8921223433295429 2.4979556857212275
1.1613255573507508 1.8822151579288369
1.0467915021496272 0.8670946730369788
1.2272368720976115 1.8392833422728811
1.1697512132932508 0.9862858806506195
1.4255465046699647 1.1539274201191279
1.259130391067773 1.2653363186563307
1.3430583506654699 0.9619205858784867
1.395581815107311 1.0112606601571033
1.6217843985534137 1.0317884663635943
1.6443353871345674 1.7147459692890503
1.4934673839185881 0.8576992265797653
1.1634998321427679 0.8770523969241788
1.6156269368338947 0.15461656175578728
1.384364805269026 0.913332924225659
1.4251004863111056 0.16489482149459106
1.3017571066819587 0.7776413204580522
1.7275798963406883 0.41939977359964636
1.1291868761793644 0.7367561193494335
1.5831939625656741 0.5452743578295773
1.467395230948534 0.18453747752286004
1.6951770543125115 0.7047107626821697
1.563117679606129 0.2153271862021271
1.3211295000421015 1.0293485071151647
1.9543889183880996 0.48312620228710434
1.1365601256852385 1.0086006330336486
1.0935161531486473 0.9679992900292743
1.642295902823523 0.3217188935716126
1.2782285603369183 1.0277488754575232
1.900076101541774 0.5224124044927753
1.0828999788409217 0.9788083844095249
1.1182325793487897 0.8167181695390096
1.1158417135258036 0.846384811247318
1.1627227816438042 0.8532590590660034
1.2451860597357893 0.7539561440809965
2.1276071611496974 0.3906293086863482
1.740448596309339 0.6134097740447303
1.656738500397786 0.2785463401575378
1.725686376764244 0.8124161322183849
1.2942184724012868 0.16876189943964048
1.5944976885990907 0.5373889501031679
1.5298191132713481 0.3249594234755198
1.7380896962496823 0.8777967072483135
1.3931832190689555 0.20201894948207788
2.0873646925445017 0.5792633877472626
1.4718294774196474 0.24462078731417594
1.5466620173590897 0.8904679674706597
1.6980424307873418 0.41482803160572473
1.4797614405597468 0.7093446425512009
1.6257680040212947 0.3378349538796669
1.3975987376962893 0.8659705612497557
1.7697477701742295 0.47559252476204184
1.9567585442010962 0.5964250661321552
1.144101738816816 0.7324179456599824
1.516866008318626 0.545792213246372
1.5924867762322037 0.31046995411130507
1.875232670492337 0.6177774053555241
1.2742960275171151 0.12726963909277916
1.8060845354265642 0.5035873837203667
1.204214035237757 0.13297991421163968
1.3605487148414432 0.23399866786625179
1.526663340232321 0.7534732992455591
1.280350640010301 0.16015868361410074
1.5188924441655653 0.6310450981515613
1.338212430191149 0.21047568378622336
1.5122353838518534 0.30501601859825345
1.2816446326021635 0.7021325294497961
1.5758843992043017 0.32506555226680733
1.6428884050900987 0.3755057041105954
1.5166860776537396 0.5405377403663745
1.2136420464089586 0.12299740553029292
1.0242763034161537 0.022880784771937394
1.1359991016984 0.09405105726830262
1.3967076061376476 0.5351751086164431
1.2224790910782086 0.1419122532927369
1.267437925393351 0.17808583941583553
1.5059674295316126 0.27271914303199757
1.0314952456531783 0.02500592701164933
1.015018961695496 0.016862960593222676
1.194945892461675 0.1230701839131799
547.666638921146 4.3240584234008773E-4
2.092764122071688 1.3641383908862683
1.2930397867081025 0.8757401404078502
1.2127162923481967 0.818682774746346
1.7461686582491178 0.34666929108155164
2.2418681810271592 1.6201304999223964
1.120314768111785 1.0453055870077355
2.274914409492246 0.5657445354144521
1.4725767806820989 1.769356751019535
1.8475357063918008 1.4682223902867357
1.3937056875111173 0.7889323159360991
1.6462986028452418 0.3719939613293404
2.888831988495715 2.1006250611115003
1.1965938794559825 1.087234661043164
1.9086584150227965 0.4886761016821417
1.7458749070262023 2.144915572288992
1.7915405264823447 1.5980330715719333
1.8262718516610779 1.8706647759873047
1.4432212030582194 1.2358981387406283
1.6538734416006882 2.044624575115546
1.764541612903161 1.5869143336899576
2.500242347118986 1.7204447231709703
1.1329995846852987 1.81251512705998
1.177758456872532 0.8365299942932267
1.9813825101569593 0.3538908727328253
1.7152305033786792 0.690608383252362
1.72605528657291 0.28557441448536924
2.387071656491549 1.8347402953286245
1.216752815452744 1.1233108410613046
1.9405893607100104 0.4786975656124408
1.4787990719114859 1.178357816004541
1.416723308877758 0.9391875791729076
1.4557964070179221 0.22370560969263803
1.3235726965682684 1.181285339222132
1.9802968668019194 0.4766970539608678
1.4198198285637127 1.3864446702176498
2.0605215679157523 1.7067502571221882
1.20806332191015 1.2655864989454724
1.479313407966497 1.3832291184583139
1.7952856934392205 1.3293750463953002
1.6754976231941918 0.5892925539740856
1.6780798694843901 0.35134804866355557
1.6096431280863748 0.8493514003371586
1.601119804520334 0.3454599017106514
1.2289389936664006 0.9097361405244058
1.9079887864066931 0.4646065890109603
1.434036666657624 0.9203381871018298
1.5779730789609527 0.2961968463308663
1.360962156663852 0.9804301330193185
2.0438010512009868 0.620980744240991
1.208515659329559 0.9871745064510079
1.5239485485355404 0.6857438945855793
1.5386757190034586 0.3225223359347811
1.5186964534824368 0.6730481485045892
1.4980299562049466 0.3043071918375637
1.7199496322383436 0.4153888880713657
1.2751130673321154 0.8084989014180519
1.7262498488586675 0.40872979283106436
1.8753196493268471 0.5054644846573155
1.2625433206500518 0.6579176482442067
1.4144384937038028 0.2518837780273121
1.4583779683275488 0.27863579656121934
1.6450705480811818 0.3789306409266914
1.3487718563442506 0.21706273213937347
1.209973015388581 0.999459808046685
2.3133769731986398 1.4948416461761926
1.1223791734392 0.9543707617171234
1.9031481274327424 1.5725418288972337
1.2044335461439473 1.1257291786649621
1.7654282480961205 1.3263374232540022
2.192329531352568 1.4688483302734303
1.1135671994865408 0.9196688092022227
2.0800992459137184 1.7192707584227154
1.1716873136444186 1.2279372734735325
1.6973465575747946 1.42116587059882
1.4108223748546016 1.8888216185214906
1.6173161013145645 1.3821840439010766
1.8198421329913426 1.4928307113150334
1.134339476068161 0.9347455900108793
1.211791961869497 1.00105171418275
1.211225758899364 1.1032720878242335
1.0773385228578434 1.0813700637105137
1.2272470947481886 1.214951537831212
1.5765433478269244 1.3536058044802928
1.3154071187487777 0.8107249789573213
1.2384394627493223 0.845463374357885
1.0862800282146807 0.9966529226580655
1.2514162954892314 0.8294536791731031
1.7273649540442508 1.3529433015727321
1.2075882837683591 0.9855491174477027
1.7709974490270053 1.2919834114714581
1.0756436414120891 0.9717207020819473
1.4091751500553924 1.1169138506871805
1.706995458143078 1.3156055249753609
1.3283319683128807 1.123508804106991
1.4865093664331401 1.2071854874825174
2.004976802575412 1.3003098700781108
1.8046906580709203 1.309383053915735
1.1029599598263518 0.9543392423026547
1.1200678037930392 0.9980990312550593
1.3817160034086804 1.1284630444110202
1.0829121609145678 0.8778171988035264
1.1975449161326246 1.478942237843672
1.35940216345723 0.9922025168767771
1.4107647576412643 1.0225529793228993
1.6667379374922735 1.1317565805775085
1.3206874200519845 0.9788975182427675
1.3049309111058542 0.8966092517608668
1.1737120146924802 1.2250015321006897
1.6887283230734598 0.3755975713751126
1.302643931578122 0.03959768273594021
1.6224067240045743 0.7759669993945343
2.2569267311191945 1.8503092916386725
2.709026651741321 3.160652761868308
1.7495295494977106 1.1920474995591461
1.1528958650113261 1.8233856345427513
1.7437715167018792 1.0340357605450763
1.2638106350274942 0.903918882800563
1.8897642270555224 0.6227010611843979
1.7315882978872574 2.202445671304151
1.997434453091075 0.5796645561713625
1.202109069273587 1.4739364019986538
1.3978719818319396 0.1650769858931121
