68980.26812677266 0.9138146752537688
0.24698504743110988 0.409728303933688
0.23712889862475933 0.3220610634712982
0.1280890468164803 0.2474380924976159
0.1440472544087033 0.1636132827229328
0.1463892050843473 0.13811041771928112
2099.626697192018 0.07917177595334896
0.606117566667437 0.7505425236249376
0.3573329743204132 0.5337244452382965
0.25916237412250065 0.35104879746274675
0.1726467880753693 0.17712160747130132
0.26153970271986016 0.20036661129568023
0.2694699978123348 0.10765271066230558
0.5857440225507218 0.7181883103981859
0.5932958176349123 0.60331215525208
0.322370864362072 0.23427912335078868
1.2804212337115901 0.5009673501292831
0.25674410553452653 0.0958634351880007
1.141088079007957 1.0379815732680653
1.6757093969153405 1.0580624190634498
0.7228628547236029 0.9294035282598277
0.6473239265274797 0.8412862258703099
0.25214875336723386 0.317034780205094
0.21101628655882354 0.20781257440802042
0.23563653731260298 0.18618860145290672
0.24725321042777076 0.10188673005274285
0.8089284626694997 0.8876913531456698
1.5578827188678128 1.356482246221653
2.419354120979233 1.4134694339220328
0.9504353144573281 1.0768465665885416
0.9770655773506538 1.0025858997878772
1.498039705670118 1.0625589025022277
1.0740593017161053 0.9520012255467598
2.0845573628857363 1.1617942858647397
1.1673889423921404 1.0758246314348086
1.8579166770111382 1.1108861555103582
0.21112689496818715 0.4191541290901614
0.19986706609202556 0.3377291736595359
0.31121146334621985 0.37301698685456774
1.7384358755533922 1.1274970629493153
0.31166818012646297 0.5214221323847931
0.18567002409023864 0.3178077742173909
0.19938574150213184 0.25706552236053315
0.3568633690328883 0.5094788337563658
0.5681503366846915 0.4966131880366983
0.17959180051282522 0.16149263199391375
0.21849841294698255 0.1048718576939513
0.6217965412707829 0.5336281439093489
0.8709686630691982 0.5071196943168589
1.1328497057793472 0.5177815202365247
0.40500729191606843 0.5707982100342166
0.33822506270880487 0.4146250457981394
0.2056549474800649 0.22984086231300033
0.1751337588102367 0.15434463220622346
0.2128246780535799 0.1041103795742242
0.5490633203639251 0.7264326404031398
0.5970789438639819 0.7455431182089484
1.0951145739440866 0.8700616148663327
0.18482294505263103 0.32318845372899263
0.16128288359766063 0.29686317556293607
0.1985678844718589 0.18346615992878865
1.0675715087673618 0.3199277674150395
0.20633123939116635 0.28935527434184016
0.17014295233552837 0.21634002374031513
0.20587237190695737 0.28970650372400786
0.23213235088185383 0.1724491197813178
0.22380052687493118 0.10225410260089918
0.7252134595330001 0.43170295718036483
0.2844642078191797 0.3179892128624707
0.6158319923159243 0.4946724272371335
0.1825897252657866 0.16959250171025825
0.22042900156410794 0.11126602033135305
0.609490645368739 0.5866570634863172
1.1904317248936245 0.5864784490975727
0.1260256060161223 0.2438527681674136
0.15534248083366742 0.23095170394926584
0.48918210681325036 0.20847391762289752
0.12182523114193892 0.19929345524789233
0.16063695034492695 0.12184218888986133
0.238693317635999 0.19874816124959327
0.22401844415629957 0.28629000341153565
0.4405059113693378 0.28521724306940716
0.6560885363099134 0.36385357520053335
0.10686704462839784 0.169426487940244
0.1379477530755512 0.1387231482336509
0.7874585631632447 0.1733158333758195
0.14859214586354416 0.13123230106123907
0.1911419474066885 0.08135291435251879
1.2953032337620314 0.43276660672419287
0.11366882581141806 0.12540011633737908
0.19212806813207872 0.09640575280431393
0.22723330335046735 0.0979536650713394
1646.503299477872 0.07902933023468718
0.905070264260794 1.0262081043282083
0.9045675995138586 1.0178376482017608
1.0991391092823637 1.1052300255352003
1.504561664492594 1.0794346019535088
1.0669590372394935 1.1934982305075634
1.1245509702615382 0.9104724778325644
1.1506461306501645 0.8804220621498646
1.7031246136420406 1.250754976539581
2.8372954489592908 1.5770017269295655
1.8227321765598616 0.9181182612204513
2.489535965668175 1.4331034971732537
1.6876679297528892 1.5489659240160791
2.2168786422861326 1.6349856780810448
0.48396861227596155 0.5881332379387293
1.0199328969949661 1.0073421730160093
0.3962634417456797 0.5567663759756811
0.5787539694902017 0.5750895902885945
0.40949919997544293 0.3798834522737963
0.622644308168643 0.38836497560519584
0.6547304559715857 0.3780043004901809
0.9485529184642056 1.0808595825872112
1.3631883407293017 1.0911828661585163
1.559294619452437 1.0839737983576203
1.1858063490131774 1.0996314408667187
0.9589385970630628 1.005846355144237
1.6450765221080834 1.0914899288910662
1.2075383290277304 1.0803830787410638
1.9186423726088144 1.1592141346660716
1.5051140633340632 1.0035896709612642
1.9457027602107952 1.1364676180002404
70266.32976390133 0.9151216621064245
0.2512324945372986 0.40672584263546835
0.24505840027922193 0.34001760335448256
0.1322663988060431 0.2525856315026078
0.1471740839745853 0.16473689754436016
0.14857717761065056 0.139421386423222
2152.7097375472067 0.07955091845795631
0.6201625252767161 0.8187229048780914
0.4225795940093334 0.6052631511066382
0.2631581979494124 0.361985106607977
0.17730622323571749 0.17436901830553053
1.870666921944424 0.5405193825104375
0.2704782883071898 0.10544301041861061
0.6084519162421047 0.7498199162051756
0.6703328667602408 0.7111024747357056
1.3819970482574915 0.6924646388930903
0.25674633613743525 0.09586342727157196
1.1824393266381674 1.0480663506283268
1.6771741716262796 1.0589651961818958
0.7270662804518098 0.9313618814078144
0.6479029015976199 0.8412554779630242
0.8440976902327326 0.8821405076471691
0.8593552035777554 0.6784504968480718
0.5864391327970006 0.10074691217805432
1.066642320602653 1.1592913859618172
1.8586885485562872 1.5330332213166895
2.759647648820321 1.5825818064654111
0.9567310528247801 1.076560681963242
1.5237909770373608 1.083050193904812
1.1674902195121621 1.0824159325946885
1.176770717909397 1.0683716174173692
2.7204970349180053 1.102388373430081
0.21176071637959137 0.41081633817610597
0.19992454919169889 0.3377500887751475
0.37921781788486486 0.37006484513894045
0.3194611421246857 0.5273866538019227
0.18867020085207542 0.3207985464158404
0.20863094880007668 0.22020732703023474
0.3606388671211469 0.4943526221751919
0.6384601945781001 0.5461856084150957
0.18896440564849953 0.16759862002896642
0.2184996169960839 0.10485082208603058
0.6573211338974079 0.5993375234447059
1.0580474943279192 0.5826650096473223
1.1352156452836606 0.520532514221868
0.40754365288608274 0.6238884256516289
0.3783038224722174 0.3825789286994824
0.21124706577790547 0.2341692178576243
0.17572494078062997 0.15458109961838956
0.21409766246979517 0.1041217033160663
1.0475969541510586 0.9577200715396783
0.597139401811775 0.745669143083708
0.18726608387823004 0.3230201698091
0.16882629644799574 0.3182280651600751
0.20633978485254764 0.18934895515857003
1.8518973264433882 0.8804564016536901
0.21185525465610466 0.3133834032938104
0.17532445755781523 0.23767810798067807
0.20587953840009215 0.2897099372899238
0.2459912108877651 0.16508209668110707
0.22406397907049144 0.10215084068186042
1.0518335202056912 0.49766465125105164
0.3753558587728104 0.48018931625505795
0.18275887760366083 0.16941188432725118
0.22590441183468785 0.11100804373120146
0.6537154702560597 0.5158865928503052
1.7211717163794094 0.7420228860711833
0.13348366938133677 0.24321206395695524
0.1630639878634806 0.22530149764752566
0.6590177942592519 0.2982075066788374
0.13091452762314643 0.1964510435535799
0.1796657041619632 0.11110010162708756
0.24061943050119286 0.20051662941257886
0.28026097435456304 0.30998250047492865
0.8672503271826034 0.4879094556404146
0.11037500664068403 0.16994883167092717
0.13912214282231983 0.13477669803806985
1.919091589966846 0.34328342325375494
0.15130138633525617 0.13080476214253647
0.19142832414153618 0.08127764731600837
1.3065690786278923 0.43221056091277377
0.12631894309626707 0.12288761427936949
0.19416692747406245 0.0964402332200208
0.23875155203367485 0.0997157445918771
1658.1568950499852 0.07896057668488887
0.9103372235519644 1.0305350863817693
0.9403687567423498 1.0365459211484542
1.1114256600354424 1.0942526322227137
2.1445983554210426 1.1054298058256435
1.2140974619127471 1.2290248721136177
1.155958933365707 0.9571398008822533
1.195441028115436 0.9185840774041114
1.8285288621015388 1.4942352346613057
1.838715873588054 0.9337724903226987
2.5104767841771336 1.8304961278502534
2.4084489227884234 1.7824533490902126
0.5169393985424667 0.6620757091227272
0.45573362058917766 0.5820308196168704
0.5820100201625593 0.579522183616392
0.6176299586921526 0.536798914538791
0.6599301288525874 0.37755231302471587
0.9506610645141338 1.0800446103781547
1.3942973323537133 1.0912906410796155
1.5762711400830893 1.0824698045434429
1.3420946288232798 1.1192534667201088
1.0115243650161736 1.021936620088088
1.2087874233577047 1.0810687358807005
2.298589538156037 1.1670423097405256
70581.07233110047 0.9346188538998854
0.25268616569748603 0.4093458650683327
0.3901755204976347 0.5131171246789271
0.13563081071545743 0.2565103702388971
0.1573488367876489 0.16847446082956968
0.14928638596970983 0.1393613837351959
2193.944503607967 0.07961384349843176
0.6235406733309474 0.8239041417389688
0.5433094407943955 0.6171441752178967
0.2770880736990905 0.38543560498643886
0.18472540234477364 0.19197832958855646
0.6176496554838813 0.7624994941231749
0.9660624900575283 0.9834104609149422
1.410973447621775 0.9017194568983287
0.30655668324519536 0.08991358519512485
1.183421616381637 1.0288252262771338
1.698348956542497 1.0669861356564083
0.7287911812640181 0.9359061131446829
0.6574184820131509 0.8458994228545034
0.8918996479982482 0.8514368079720662
1.5150788699857543 1.0623206821769866
1.066900996066473 1.0055023166814143
2.2921798963667523 1.5017552189070598
0.972512587896653 1.1007930395105876
1.5373033045658273 1.0913994864993402
1.1909549890212339 1.076189118463644
0.21179685745173438 0.41899206165893327
0.2009123729236023 0.33798918174077497
0.3818126646576839 0.39473282753707895
0.3223232665371355 0.5254948933931474
0.18952973030643588 0.3215092647878723
0.21112605297481857 0.228021499265421
0.39509412748928285 0.5405981371199524
0.6966677498414408 0.5603097849767513
0.19495027089543643 0.17347144310101525
0.2274314665519433 0.10701693986960041
0.6865002319844353 0.5991784686506099
1.0665891666602976 0.5826561007407585
1.286662895964282 0.520004108433819
0.41288574713940723 0.6407056162670541
0.39724394788395456 0.43025877471948276
0.217151607959444 0.2400089780632373
0.19090013971444292 0.16451332013634995
0.21423522829256775 0.10489109523575152
0.639590728926027 0.6204974118452465
0.18776895560984438 0.32296720651027766
0.1828992957330419 0.3200204942905843
0.22387283797403895 0.1991387390722245
0.2136955293645187 0.3227164859112368
0.17694201689882422 0.23371439774149955
0.24136670337238728 0.22402026244747936
0.24616406007045732 0.16786342500968643
0.22617450894007476 0.10986105296644925
1.385297690307699 0.4877454997130995
0.37548936094952867 0.48030119409724065
0.18307436654704984 0.1695907020602478
0.2263040840711625 0.11126584501040512
0.6780451581327627 0.5323725600360949
0.14731828614524212 0.24441957403090733
0.16762930263557088 0.2105512572017827
0.1358664858140463 0.20683284387062498
0.1800747812791739 0.11174821284650496
0.26070831795978583 0.1979211999770531
0.2884122190197983 0.3088858280014513
0.11879245838400386 0.1761725767287818
0.13998677219935465 0.1439885467285814
0.17568068012143978 0.1525806477393644
0.13087391175483515 0.13423363684269052
0.19673732398933053 0.09645366197816774
0.24342131551481333 0.10061407753355622
1677.0414669844934 0.07866819283541042
0.9130613978411661 1.0795022346658807
0.9705134474222817 1.033119021361104
1.120363946716279 1.0797575467291807
2.1816596627884364 1.1247092539179568
1.2201612236546548 1.1918369314819897
1.307309739189734 0.9923142334411605
1.4808102900834137 0.9479070235511924
1.9264880430788267 1.5485020854177178
2.5471140941524104 1.8610443332499298
0.5644394486119395 0.6591150686126243
0.5249477283939437 0.5892394033873762
0.6541044981100067 0.5599579468186997
0.6648467809873173 0.381398148448837
0.9506613649493183 1.080049018176835
1.4718288250418772 1.114473396772931
1.376461241693053 1.1582302901068302
1.0586212721344155 1.0281066222791122
1.2573928439161632 1.124136844660138
70948.47045298187 0.936635029873311
0.2546232052720419 0.405090740945085
0.41659880534670946 0.5321266611421763
1.0890054034399164 0.9293292187338131
0.16737392285042157 0.209157328800316
0.15499732468413147 0.14190840476515065
4105.95066390683 0.08554551927625464
0.6517794058014313 0.8281760594688112
0.6187364750399381 0.7628038416185672
0.3088435340303549 0.38468336687898086
0.20382831345546545 0.1697607230950288
0.6232508546303996 0.7236731680178183
1.5095971867675675 1.1009805089944118
1.1919682342894622 1.0779123809042401
0.7296057220597103 0.938812813495406
0.6785779787666887 0.8405685262001095
1.3099761901022502 1.1047719829969813
1.075639038773071 1.1906195248946978
2.3427102745785824 1.5278540021325973
0.9922011123316712 1.108071813092837
1.2193047736656977 1.1060079670099872
0.22388447517116525 0.42339999770253284
0.20118415933015044 0.33717556391319453
0.4226793388222583 0.47224314307318405
0.6909670737149998 0.7664624635505735
0.19242927703575385 0.32204759871856387
0.21349186999095515 0.21245422565078986
0.40659591338398593 0.5509534045442647
0.735779275556057 0.6230573292549236
0.21090117718425516 0.18126414821975048
0.22836213571480257 0.11444244998969007
0.7318923876428337 0.5258434688756105
1.1287522045076503 0.6250967836336483
0.4150887787431584 0.6333248204520476
0.43601400851472616 0.5449508073845266
0.36221597915053666 0.376876453767423
0.19117274434838472 0.16471703324045128
0.21464013657863834 0.10410531219469438
0.6889460346600972 0.6185263194689543
0.1904617874096651 0.32268211579207534
0.1922427498928191 0.30025117319701616
0.29758219053843105 0.31495483932646307
0.2141080516307479 0.32966532468622467
0.19243809239082987 0.1738228833799042
0.253599672543128 0.2618115860827426
0.22923980170230496 0.10299994227893097
0.18316952577416135 0.16964743408671157
0.2263040840711625 0.11126584501040512
0.7391311666936149 0.6658486603420635
0.15272544072676822 0.2448863651756084
0.1688195889916355 0.18929345250183388
0.14491245761923927 0.2075262693723252
0.3510832479067025 0.2403712902465273
0.3064736541884414 0.32107779066362585
0.12559157748524452 0.1784007537313517
0.14032366511613265 0.14426464433463299
0.18225737625874724 0.16126284073245967
0.1309091892628962 0.13422535422021734
0.19843173764729027 0.09571830375636678
0.24572367768477127 0.10120446211688709
1678.6495320557276 0.07872283301913573
0.9158486692267598 1.0795095551952216
0.9750446953888435 1.0826537733031723
1.1358776059841609 1.101051116241106
2.5924498032124363 1.1098026907452898
1.2430710659344968 1.2670274603447658
1.932091893817602 1.5498127348142594
2.590515352423867 1.884194197934169
0.6971825265517991 0.9128389400521701
0.6841052924827267 0.5889751924829791
0.9515822588090955 1.0799819396008266
1.5078889273189497 1.1923764579969194
1.3712039768052628 1.159446092795125
71076.22334181187 0.9426613561393803
0.6283456948137947 0.8271035633033786
0.43090161807088523 0.5445258589933724
1.2460341554836059 1.077968213557071
0.1865685308526282 0.1983530008877955
0.1602395852607703 0.14254544042869144
7526.044405927194 0.08396245386653978
0.7662752185248298 0.9227210890336369
0.6575452537913016 0.7931610011563092
0.42779411540272294 0.5142188008783923
0.40825948763406095 0.37252641384070556
0.6325849847946909 0.7777913991181864
1.5507699396136103 1.1092936567128675
1.196619003851267 1.0775996910402958
0.7351439270330311 0.9415046270997474
0.7041153619595042 0.7950750581218768
1.138008913638687 1.19799387138338
2.3480039241454858 1.5830059004645636
0.9943705158989307 1.1158526516838263
1.2820584786907059 1.0990598707198571
0.22533031464429648 0.41898901962974594
0.20147547092533846 0.3383934375900193
0.4391246588589467 0.5261780013286164
0.24458084351904125 0.3399819684246901
0.2293933786050307 0.20987722021715463
0.4289203564107682 0.5399940488486369
0.7424110669757127 0.5990702232534395
0.7021070374431508 0.36458925140214016
0.2560367130029286 0.12762244020509214
0.7728973186544121 0.5866285528633266
2.088874825580459 0.5639618529673369
0.4169816716006002 0.6406819285888072
0.44393272804268824 0.511585658764349
0.2045694664290525 0.17123866395557286
0.21469037570860872 0.10406009264834964
0.8079519337150661 0.8715434033807627
0.20550755694953296 0.22456902755130614
0.3245867474345736 0.33215802825032226
0.23572750309260948 0.3320386256290647
0.19296867201871012 0.2133815774445907
0.2993156392591378 0.32625155554962604
0.2305792040294045 0.10511643331370338
0.19174224830549014 0.17385419664708282
0.22680345017658196 0.11065122455280291
0.7639387112095206 0.6455174734560625
0.15662974440267352 0.24473458267974713
0.18364419932410264 0.20302075494318733
0.14511930109611137 0.20752113887133955
0.6127004072736314 0.17346293935919296
0.3130123889168221 0.3190699981264914
0.1272760093444958 0.17678113071071933
0.14109770061000612 0.1442689414281954
0.18640747830694382 0.16226484173593708
0.13385764160759317 0.13553425476184272
0.510025375344279 0.11082387941420625
0.24577349856903039 0.1012096994957008
1955.8754310054485 0.07939542691945792
0.9188965745734498 1.0796109692028288
0.9769866487785048 1.0339828542637173
1.1384679534977655 0.9973567074116202
2.665909167798065 1.1023182925246784
1.245455760345446 1.2035102316933497
1.9667564333896754 1.5808617463761778
0.9132426601444394 1.021985190083261
0.690298964710263 0.5932369878010171
0.9517536973492325 1.0809183473418105
0.2467355065480638 0.10132360560283094
0.43431697195344454 0.4426916510225996
0.2917655792103087 0.10458871598079612
