72029.89183851378 0.9159558668652513
0.21206262315974483 0.3928398148444057
0.15199824717316707 0.2975713681625016
0.11678641154770775 0.22263872953598152
0.14172020563002483 0.1930451741089913
0.1365789042057515 0.13333579181618505
1693.0379497044335 0.07862239912611652
0.6359926493077634 0.8098187800648893
0.41355462277106064 0.4621577206190533
0.1917164540140775 0.28103626577613827
0.12891115455279148 0.17770712878105369
0.7209903819147357 0.7659470955537704
0.8965681048409258 0.8782171471650833
0.32174858584197263 0.24270918605139893
0.21766635515743554 0.09191030709999733
1.1320031806189172 0.8466462399858723
1.4245554216132343 0.9685438996108318
1.7197319257782255 1.0156451178935526
0.7125149122212053 0.8368673418863846
0.528824561658323 0.53899433576942
0.41049854220971094 0.5034379199821697
0.2106793373682247 0.21490840956387602
1.0737871175467926 1.098013897234241
2.222338738626016 1.5664712570713042
2.156984812902146 1.5880929302087885
0.9051616075374118 0.9287498105798326
1.0167583642068625 0.9273708773185272
0.8948348068372523 0.6284861321594541
1.275571887129575 1.1725760252492585
2.749384910257631 1.5221015399124265
1.1939219933497038 1.015142177605553
3.0461986521161615 1.2724115442588209
2.14709515210291 1.1088795347467262
0.26587384334200437 0.4664406466659885
0.3233663997770291 0.38645046075977263
0.4565938120846885 0.4174637431963265
2.3445976269948976 1.3434494693673622
0.3097742278140747 0.4861485390617497
0.17732479153462638 0.2829252221860492
0.3482630115945877 0.2690724885720755
0.36150643139732336 0.38991889876121244
0.4017316771645229 0.35079684608118045
0.26288354169623407 0.15421177068461026
0.34995424553892873 0.08545069070752402
0.7779527682171994 0.6110337927919426
1.3093871708800262 0.618080569260256
2.0356485429667033 0.8192569869541626
0.6389600414470524 0.7698806247835367
0.2712885700008145 0.3147921978333759
0.2092390218974198 0.17720486575552408
0.4942123863457561 0.632178414789385
0.5746035178003219 0.6740858709524793
1.0169142200792716 0.7393287115118913
0.22201348240033297 0.36067891910749555
0.20453317955003253 0.3216226247231802
0.6417325408416661 0.38755657780099134
2.29692905846306 0.930862785436704
0.30162158014059437 0.3788327138168874
0.3182134189484343 0.231561545927361
0.28196364873433094 0.32897066436664857
0.2285842808494658 0.1713201844854336
0.27193466175183556 0.09890891153615647
0.2436462492753817 0.34478942527079914
0.20228677475751503 0.1977128086956703
0.7707640555475179 0.4322539986883169
0.3720642945186724 0.3321736672453541
0.8028854029634973 0.4018210346989655
0.46766716990787516 0.42982403136452285
1.3011218527473125 0.6402633078498357
0.14700191332068618 0.24912157349394543
0.16119563230327005 0.20595236515967197
1.189735700618289 0.33669272155874164
0.1670804268119764 0.2173277442309894
0.19462744518158698 0.13724902809557385
0.3849159178253725 0.24745528423080335
0.2531384373200951 0.2842894731139488
0.7447343973451406 0.30189726188047994
0.23939375349597122 0.11061409340827624
1.3362488954763214 0.29875674184204853
0.6623875277312559 0.3502849280389056
0.14745321136696785 0.1940143076527528
0.1760753422116306 0.15719912532490316
0.17427628455183874 0.14169225668460167
0.35513557905376847 0.13729597504253288
0.7083318705073545 0.1747083431191915
0.42021728312943996 0.2502485599792186
2.005955863963771 0.34582844692397396
0.16343313798039588 0.11117078076258424
0.19837942080992998 0.09139656256301927
0.19690499452606758 0.09297771320462518
2047.7576855131877 0.07872317775559862
1.1636537884146922 1.215334958865577
0.7846740312939513 0.918038272196182
1.0452091122392981 0.8580252356124851
1.7656565931723538 1.1217015988725227
1.2948579912554832 1.2489216041467577
0.7360651252884152 0.7493676612768393
0.7457682550703784 0.6468461642468704
2.1709429561122096 1.611256189983742
1.6936700377260698 1.10833625541199
1.7251531817223462 1.4989064768518259
0.7224951852179344 0.7536824502424728
2.524972238310008 1.6991867434942807
0.5798121343487318 0.7682687478712656
0.4520122790603013 0.4900111742712995
0.384443658348551 0.31773563044808417
0.5947793516008393 0.6637905751681806
0.4563320789360801 0.1480858962421876
0.22756511634571988 0.10978901613036068
1.7098480072700684 1.2257589063478442
0.3582099028248057 0.5018672393407181
0.5798867195250257 0.5018156988245708
0.6013763917178283 0.3347931933211319
1.3123374679389297 0.8486168395957612
0.32874737186257424 0.3512517878032953
0.7274363768694194 0.40343040428260224
0.6439407822668584 0.34625082639530674
1.511348590377075 0.26643762048682884
1.010998192899196 1.0792072115534017
1.070476659653576 0.9287788238115813
1.614936331447591 1.0857990041025865
1.3355934117155224 1.2064832329873463
1.2463383546879672 0.9349314436730252
1.6963344081222562 1.3981535748771554
0.9640190417006058 0.9657409012521754
1.2531173666707702 0.9148300913530258
1.1349916897893952 0.8284236240177565
1.2833915654183035 1.082365120544381
1.7677586182286498 1.0730779235212444
1.914804698798019 1.1939268966608012
2.1783605659585152 1.304760761682704
1.5347389562850693 0.939265507029238
1.9928803065175744 1.1259896580946203
77169.50720463623 0.9563674084020697
0.2826894846521511 0.47041729499905205
0.16697465472257048 0.2572220367143569
0.1182840243655339 0.21608307232226304
0.15175400769194813 0.14535189894173262
0.14519105179325117 0.13693113694988418
1695.3824178473837 0.07862736410864951
0.6399666360454328 0.8143541897016175
0.49493214324378776 0.6088068434802754
0.19793597890417455 0.25011628563781846
0.12892368645476848 0.17764752839701486
0.7226252360048457 0.7677445047609845
0.9909547244551149 0.9293444758798763
0.32244409111401984 0.24264229788360311
0.2186584922010452 0.09279813048702536
1.153254325430264 1.013271807070391
1.437575720569808 0.9268518587133135
1.7834033901462005 1.049125049973139
0.9426742186489205 1.0615573200282231
0.5343086019450892 0.6816102574435186
0.49731065861325147 0.501893683942547
1.093905109666065 1.0921721739751862
2.1570576305446343 1.5881104797192107
0.9066245827864413 0.9361928722392816
1.1548994697743242 1.083336438439328
1.4239383759844488 1.2307935722744472
2.9755871393121494 1.512124201369868
1.2785110182861263 1.080080666436672
3.0477293091021087 1.2660321439027953
2.2995279679457505 1.250512339366509
0.26595962668260087 0.466384290705482
0.350465870109822 0.4465600526943354
0.58902855541435 0.559996366528542
2.3563076692498974 1.3404838043163942
0.31595430555582726 0.49867985889098926
0.1811585662339991 0.2700080057027864
0.44548818055945894 0.5665872028804962
0.504975760062856 0.30806530463789067
0.321765309052393 0.18823782096086852
0.36729120107283975 0.14008877295831149
0.7939201661956559 0.6484692310740696
1.5296554095083612 0.7419361905827204
2.047456592213252 0.819465311308169
0.6690002336225436 0.79300333712508
0.29308464758197494 0.3672752803336292
0.20954367653414774 0.17696000033227172
0.7257124282959223 0.8067271332016154
0.6198726640244245 0.6753778318414894
1.0610149035647183 0.7356481258471623
0.2691106624254166 0.3865185799132606
0.20455875524749392 0.3216535276764677
2.5165187701589984 1.011258752766556
0.3524145985802315 0.41599301207686085
0.5466787605526002 0.4122969543246204
0.29816104857799586 0.33182128457188875
0.22864445398290967 0.17141608185681004
0.2746465673938663 0.10092221461907652
0.39931491478159575 0.4733143302522345
0.2153759701969108 0.18267794646348887
0.44105071283026326 0.4266978719534251
0.8063230022580941 0.3925655300085153
0.48791281144404175 0.43512407797912545
1.3039213935829084 0.6402386999176308
0.16163642918149723 0.2469733847255313
0.16122676221835844 0.2043032863348444
0.18317854522904414 0.223950673770679
0.2012211892741777 0.13536870884989632
0.39108281310751214 0.2463026662716393
0.2547444939502481 0.284336764599283
0.24010351998878934 0.11117000051129572
0.6886332842281587 0.3275859499116429
0.15778867705421978 0.19221886733065616
0.18891115515842377 0.14136338772409307
0.17913275272533757 0.1501985936817606
1.2862845411131536 0.19482138294999518
0.4282087966582061 0.25153678065443735
0.16474639125695867 0.11126935142250845
0.1997148953208065 0.09132290892609851
0.19772843228906156 0.0929322293340628
2048.2823231254083 0.07872205908937507
1.1803286430252884 1.1983369063604248
0.8303845552250044 0.9581495609274733
1.6731168746716074 1.153150515972832
1.2952511553043657 1.2586690316535605
0.9093196329068707 0.8986312545808568
2.1763068714834115 1.6269045617307842
1.79501423486402 1.4947100817515984
0.5839636300455819 0.766233657202867
0.48302571224456675 0.5304998557030788
0.4829311211380258 0.4451453654297315
0.7475327831012002 0.7784549495102373
0.22762803901508705 0.10975733111545843
0.36768227214490323 0.5107647436828706
0.6152206071847195 0.5311383851884499
0.35724304734516477 0.37281979484879785
0.6789272713085504 0.22487911258652662
1.0110327566506592 1.07956577043022
1.1530037657379517 1.0870831559908316
2.553805321968966 1.084774800113917
1.3410386045073432 1.206483227553746
1.395537185603467 1.0216882118595472
1.8608868136669963 1.4097881811793782
0.9709645450730925 0.9630888576600669
1.3397437290896979 1.1108664236568941
1.8842958192418435 1.164374462318924
2.256890232117493 1.3438451953263877
2.061776359912958 1.0845217531010172
86859.76650296175 1.0156298384840021
0.28297889187614317 0.4706919829223145
0.170762377286952 0.3245120579677439
0.1465176560321558 0.2004949928719476
0.1545062889874268 0.14472857271984457
1700.0419871214945 0.07869304491408946
0.6413039249539312 0.815336846285561
0.500014328965019 0.6690510725766874
0.22465407964435707 0.28149127727542045
0.13279723670028565 0.1773951881214581
0.7636197508554123 0.866725819461635
1.022285245759318 0.953188136867039
0.40226349019021873 0.3351967677449152
0.21898845843317 0.0899326636702528
1.178968899770231 1.0311750367065153
1.444430709799784 0.8750095190763665
1.8455935254218379 1.0552050849179277
0.9777259066669857 0.973779763776245
0.5618907657340201 0.7050531425823676
0.5882523759384648 0.5985240084892662
1.0939256758153597 1.1094891380114036
2.6141680979156803 1.5309538060999435
0.9100987448507689 0.9317325485033229
1.199674147086665 0.9887568367922506
3.6724730325483668 1.491320551703758
1.2970630813361854 1.0829405193887838
0.2869724276866697 0.4718594866162944
0.36027582284443416 0.4586061780151238
0.48442228198531945 0.6439361102345369
0.1871809221118997 0.2663239541957778
0.4742097007128408 0.5857251102275295
0.5214966950447768 0.4834407778798297
0.3273900618535257 0.18632602971998255
0.3811669298908114 0.1263110019286989
0.7967676073724963 0.6486500704908086
1.546202102281311 0.7101665465104539
0.6759716042713098 0.7930503666281017
0.30523726266704343 0.3573064218064924
0.20976581031177444 0.1768939049386331
0.7566690900455095 0.8302807359699875
0.630836738846634 0.6848974678543762
1.3699158712182529 0.837578931277186
0.2752500907172445 0.38996803895064003
0.2205092506654746 0.25386816030085285
2.759771424645715 0.9202146806693905
0.30159515743007437 0.3348281433117683
0.22990013598636402 0.1723372239524302
0.27606059808970584 0.10206980262254622
0.3993966253193987 0.47088702107041785
0.2209420273725357 0.1729428219119608
0.44856631553514137 0.43234130515101166
0.512608423705111 0.4354243192843306
1.92451506582632 0.6828434147703091
0.1621440375383462 0.24484594227661
0.1679835574595319 0.20425345030716682
0.19212194057224452 0.2306318629093979
0.2656504657248072 0.2047450999300881
0.673549966118564 0.38293036124864754
0.25882887426047246 0.2854270090918194
0.24013887637367293 0.11073454724011753
1.002013834232013 0.433556812320047
0.15882489680143608 0.192377812999181
0.2023156751847759 0.1659882822689109
0.1916394206774227 0.14810918347223323
0.4370795411803998 0.251217847422012
0.19261872659170365 0.15277397338255416
0.2016612172848741 0.09248490430221137
0.222835072241578 0.09866171488654601
2051.0564842707754 0.07854790811595529
1.2250329544771128 1.2854487325385273
0.8563391277638353 0.9205187097660491
1.6803848630751088 1.1601749687918383
1.3727898435902395 1.2328162087293089
0.9333539458111377 0.9054695464890987
2.312714874480982 1.582257866941295
0.5883011685036006 0.7717533972474773
0.4989817382032523 0.5229021546599477
0.5857674631804837 0.5172425999659499
0.7493514105821016 0.7793339732444218
0.22777825565620208 0.11074932683475897
0.3993652709304327 0.5105164698690285
0.6483428242012479 0.5291496818385776
0.37266700231688066 0.3729794278216
0.8057427038071101 0.4002306490157991
1.0134416666380803 1.0762842912822694
1.3253249406139909 1.1379439134601903
2.7175648349570487 1.0824650941985923
1.6627711653462658 1.2834876786561504
1.849876042260162 0.9874685490043084
1.9174897838114888 1.2985317459755226
0.9801306919421038 0.9480820335846067
1.3746762413989009 1.083326262542563
2.066087821570279 1.094832142502403
92708.84496967074 1.0769015035929548
0.282979743865725 0.470692791459575
0.17158806636740537 0.25131189992274716
0.14971769997433598 0.24773981682128293
0.15780880204567926 0.14333645478062546
1753.77385601926 0.0791946739713808
0.6417201546314824 0.816044404346226
0.5001528330736533 0.5952783697744781
0.30946131964783874 0.39262237766378005
0.19381984010170472 0.16384587508182516
0.7776078877295425 0.8573382956914444
1.2211528691361484 0.9613946990399652
0.6682337529242792 0.5213465966425608
0.21993821434656705 0.0936376071821349
1.2017624470772528 1.0422299731150566
1.9219062620013496 1.1027232921132428
0.9884701739812524 1.1004955091534128
0.5635426537368898 0.7134311953802883
0.6626846810697156 0.644351761388487
1.102058909871265 1.1143745588615444
0.9213003123517245 0.9391001435242081
1.251998043520036 1.0854072517694502
1.3084522788892299 1.0904954381235898
0.38987462799409556 0.5689391071570741
0.37109330434768817 0.5034976862386308
0.5144882192243911 0.6770693760877606
0.1873588252627476 0.2663332420521386
0.49185521063283133 0.5677546625225736
0.5921626413441525 0.5448167594042528
0.3468576163485367 0.2273729532543641
0.3901497579173543 0.13267957451068954
0.8121921386418687 0.6554847701937627
1.564899296983532 0.5807527017995328
0.6763870827687549 0.793631318552735
0.38569849662460604 0.4908508224656702
0.21234583857953385 0.17680310201590088
0.6515791875748271 0.7054871988977558
1.3938747176674284 0.9240445969313447
0.27531660276509906 0.39018826017327046
0.27819957065121637 0.3307605568468295
0.3017118739025745 0.3349978836189601
0.23034039056880018 0.17254676406380454
0.27978743158748176 0.09504006956615554
0.39996338749989035 0.4734439570588278
0.22280179421759644 0.16997116856971034
0.5443323738220517 0.4554573143111892
0.5299405249913326 0.47268904369104664
0.16373056060070976 0.24829503457160626
0.17230187688256815 0.21431352946085347
0.19563445140719066 0.23080037719303836
0.32075788521869575 0.22952924505058597
0.863565770094215 0.30350198461507505
0.2589870743738368 0.28545442358994455
0.24134503243069794 0.11344013166481268
0.15934187060463578 0.19407671680715888
0.2128622192364243 0.173658168625128
0.23622439170069592 0.16734578911069953
0.5345224363729291 0.2802204965495863
0.19439116970277903 0.15324733753675385
0.2020497124407568 0.09256537795929452
0.22311706982165308 0.09880354597363392
2056.9897234312543 0.07865971424920691
1.3338799728642496 1.2778594111088486
0.8621647864122399 0.9193923446770649
1.5163105527461562 1.264833974413174
0.9340762039658776 0.9054548574351854
2.731608724219731 1.5823496908112595
0.6113636261017583 0.7263789429691532
0.544896537504872 0.5273532867137258
1.373083943121867 0.9130179511785275
0.9889337384167479 0.9400390718494815
0.22896869168535955 0.11103260897304584
0.4036150201036667 0.5107388033429059
0.66833347944925 0.39458926181461945
0.4069457990855583 0.374179416270745
0.8065043610313128 0.3995393498382981
1.0155688537242766 1.0801251382724248
1.3395808801917846 1.1645558208638151
1.8037643830504515 1.1347971181678547
1.9944599311357747 1.3063886447493653
0.9834283162804065 0.947293840627483
1.7857760680506678 1.0774656638297841
2.108321315976293 1.15001894680498
2.1778488418856132 1.6626344590733462
2068.721975933136 0.07850693651037226
0.7450223364217324 0.5723741330299857
0.5177752293188431 0.6387874527203077
0.6646995853299793 0.6471678611299937
0.1966523420054015 0.16322836940888352
0.22738371973734584 0.10006438751342497
2361.969350886908 0.08147559489875272
0.7872023868377125 0.8514604565984814
0.8150897886282136 0.41489220955529643
0.26926300259253083 0.28972412408772746
0.9259037624812462 0.4598629155564466
1.8047546681220987 1.1335200003800594
0.7653886739027232 0.5029633846086051
0.17031033670482992 0.19877391037375192
0.7399430712672095 0.6649810736843864
0.20538751641029127 0.22908878235426344
0.5834784897434548 0.7361876249999291
0.6691589170361929 0.7263882835887123
0.5554099437042088 0.1560748663159623
1.167503860939634 1.168563700395906
1.495186830588889 0.9720969447888379
0.6347641451191182 0.5521512023275165
0.1883038232009931 0.3259871167380304
0.2237969490895487 0.17814049624782974
0.8303208168602076 0.6854124244200466
0.3555846430154117 0.3772245400904452
0.5041963900759425 0.6123771985628086
0.58539352179011 0.29008587860434576
0.6548172903848093 0.4523633277579318
0.5361152956409416 0.335385783336415
0.7025276134858829 0.6247140781444227
1.1347024334861948 1.1835024181262233
1.213131726702949 0.30839546800436235
0.28520575285411376 0.4705455440470609
1.1771220814715888 1.116383028847461
0.6980216474372085 0.7059004347793942
2.037193746953228 1.3058326834846044
0.22344397326606252 0.17105518489197447
0.1961229022232269 0.231622326018323
0.4795931226366794 0.6058561836121761
0.30448611114873014 0.306098105356448
1.0345543486849886 1.020793881817978
0.21654635190299754 0.22549318449747463
0.6798358251813825 0.4146816289645299
1.174657654774309 1.172484559610031
