1.1174752946531257 1.5042152673469176
1.0135398358921723 0.609290448755906
93.62520500110585 8.305322439154661E-4
1.210800462266027 1.8983228747530916
1.0915950681277338 0.7270263820892884
1.1593606781804222 0.05672635363764717
2.286451039272383 3.068133326674652
1.3070364280210551 2.0972518031028513
1.03992556522662 0.8306565794573669
1.582973665681453 0.2714667085473293
1.386616846915999 2.944608143157677
1.2577944791758133 1.9247610525845413
1.1113424584073044 0.8532335755846956
1.134067569294508 1.5117940999078954
1.3900056433927004 0.9392483405334213
1.6071661746622765 0.9438889453535952
1.1021522473889824 0.7499513529918183
1.2450086561598503 0.10037201408165664
1.8904854970737874 2.1233894730659633
1.1221318050864386 0.868835200673648
1.6909014705825776 0.30560773274387437
1.3479530694024189 2.3806326695826003
1.428398058011288 1.1925900554903195
1.1536435937405987 1.8385632988364937
1.9469680913737712 1.3242402711705321
1.7748254014144846 1.6089746846083632
1.0862955811407056 0.8214637918717618
1.7147092293271404 0.36200284019711026
1.6237675806935006 2.0210827156877054
1.0637014103855138 0.9803774637443219
1.2440218205475078 2.0145091493421567
1.3732460971350688 1.1671451595954867
1.8629454616984058 1.297478548185593
1.837339015261114 2.5901858935861997
1.281557778963902 1.9086980273052097
1.0966504903139849 0.8635643477047557
1.2171498884188205 1.8511651995738767
1.2133967149590603 0.992707380032419
1.512278088070444 1.1096173201782644
1.0816333481354117 1.468038462685861
1.420749813134404 0.9667745873592439
1.4989259431752209 1.0129143523981574
1.6509763493630443 0.9851520536568437
1.589234872964131 1.6784747356526135
1.53402567800915 0.87249991140609
1.1497203496609998 0.8475393387390633
1.6251231759270626 0.1636254643973279
1.5294408079756883 0.7101793273716119
1.4374212994155724 0.14303252689615115
1.9388145184982561 1.4383618589279803
1.1956498070022787 0.8674386160111951
1.7434829188831062 0.4329098770482135
1.0465578304681928 0.7414340170594246
1.275513775307186 0.7709240029831108
1.5081180522343365 0.16752258314754165
1.5807718029292315 0.7505251404474427
1.5932702971735206 0.23413422317574145
2.3340150496686523 1.7236687776608577
1.3206192584408116 0.9447674417689579
1.9903972425885121 0.5072129827602975
1.2022206353536644 0.9850328973083741
1.3161515613843298 0.7877622632205434
1.65900937868305 0.32759647977353307
2.4489392540089208 1.9041676420454483
1.3540657744326174 0.8653206930592877
1.9177383285647998 0.5146920233299515
1.1220486260208677 0.9941222670943568
1.9375755984044973 1.4279689384751406
1.0295143405390257 0.8602317664595536
1.0510354823077572 0.8705423320365171
1.2045830721469941 0.8398209204166364
1.1072151951476368 0.7824987850919525
1.663890403815077 0.6179158150146326
1.644597034746312 0.3070177401461397
1.8687015296524172 0.41611111021539543
1.3008048273889117 0.14775970366528335
1.4639328337672095 0.48918742697270157
1.5357963901595162 0.3312024935701674
1.6392323359664807 0.6990456092388837
1.4127766141584854 0.1968250945434334
1.9336696085596983 0.5970571793107766
1.4498476966757778 0.22895743429560012
1.2519345220601337 0.9371502086212748
1.695681422729065 0.40330561221985745
1.9642109067509428 0.6122973986953496
1.355837389879291 1.0802083649249994
1.6185603719507236 0.3283997613585482
1.1828111913427382 0.9651823200018963
1.76121802314458 0.4799581555310105
1.9712650556121298 0.6003812402631087
1.0559418902780193 0.7688401807334097
1.289388615694327 0.706933927830148
1.5784111560542522 0.30617004794069314
1.2374431530686718 0.13664313178219337
1.8209978375636415 0.5752246250998689
1.1788919129955626 0.11796271657820351
1.3648187999997796 0.22933165343017609
1.7035270428786897 0.453993961739836
1.2586795610174715 0.1600937501923046
1.3909575388217783 0.7333285155202802
1.311305640307672 0.20687662653070565
1.4797073937174607 0.302754964644028
1.0972118397244888 0.8061971772089143
1.5197279297875608 0.328719047424915
1.5992054150446315 0.3817731455093775
1.754377380334515 0.4738693269719093
1.4319380175969325 0.5034779319242018
1.1937288251363873 0.11401028024179362
1.742154350879931 0.4926206895283302
0.9909867872907416 0.01980895876706399
1.1185675449219037 0.08050921934388132
1.2485524210162802 0.6570590219772074
1.1916344976050266 0.13015083271350605
1.2411667650531135 0.16944640023702776
1.4305591560626838 0.28024411489496964
1.265119049111868 0.489366676591076
1.0065134487409213 0.022160405163317205
0.9836128074162119 0.01912130465794309
1.156891083372896 0.12327725994377627
169.87590427045632 7.899460619976709E-4
1.901421725838091 1.4051043543297936
1.3627108417324418 0.8628467118993848
1.1123448598292813 0.9244414070839264
1.7655618691558645 0.35638162141446034
1.95347564681979 1.941949538105118
1.2002896065024997 1.0637242765032227
2.2537820850660104 0.5038232372155262
1.2794288015997206 1.7099091717244639
2.0461974723936116 1.49653864763853
1.223076022511738 0.867609145953356
1.6785509476405953 0.3895232195977859
2.637326282467818 1.697013841878651
1.1116309459878655 1.1009170431391775
1.9557408707095283 0.4956409342230348
1.660435049706045 1.9513485262655417
1.9685368438962587 1.6013534867460886
2.0253381180727548 1.6661062463135305
1.4981668160452863 1.2284920923864389
1.4994731395611818 2.251143348144285
1.890699859100534 1.5891593292548323
2.469464784516745 1.8379008972738167
1.1976168897612678 1.8759943479109924
1.1106145221044903 0.8681856450722472
1.8789872095937574 0.4106593017146643
1.6123606221522202 0.7376664300653875
1.709299399079946 0.3159973116671738
1.1012761449947839 1.0970301200269257
1.9638340897478117 0.46008456839311884
1.5554662239975965 1.1614222755636314
1.5176948958181793 0.843689388779302
1.460792550155251 0.23443470287270385
1.284795150521847 1.182487639154305
1.9804255467034404 0.4762950889178815
1.519307235008525 1.3551623171149505
2.007170420541287 1.730826120920177
1.2482415125711048 1.2151258416475168
2.357903163382238 0.5269636575217895
1.4936667807844497 1.3843443327674094
1.8478091980492823 1.3214565227966926
1.5490582656340837 0.6481240268116285
1.6772310059773636 0.3502010310770643
1.5478902726522126 0.7621450768709386
1.5876985661873837 0.3415186408221939
1.1991187419382676 0.9045657221922309
1.8854371813713713 0.4943849844133206
1.3587619216146603 0.9116892686550415
1.5438439628503122 0.26998883850104416
1.2782778746465768 0.9289866547840234
2.0188061794017678 0.5631250086031259
1.0543776824701623 0.985379768982697
1.4792137594693338 0.5946383267882844
1.5120023849647286 0.2908922681843883
1.4029413350392026 0.6880777691999085
1.4818456806212046 0.2954019378668255
1.705842541458309 0.4027719846224588
1.2484467750466517 0.8098210804574455
1.7006731607692882 0.3853016961772634
1.8457295868896253 0.48568125290149206
1.2048313894615197 0.6346057938367887
1.3949478528173027 0.2569117791867461
1.4317846016435873 0.27612657664154316
1.6113690842362642 0.36541795976873653
1.316803838647799 0.21384919973362854
1.2845772444838843 0.9909883270587486
1.0583834039547715 0.9720209831315695
1.6869820408350233 1.6846640291318316
1.3134805487113277 1.1437839108022825
1.9016344789889197 1.34631410479001
2.2446042324513664 1.4915265872713261
1.1216365555130232 0.9674378762117068
2.032140483281255 1.693978994197305
1.2592119859571584 1.249613160805222
1.8220732931663504 1.4495454952320657
1.405595513554832 1.9373654273353065
1.6990697337377796 1.3861472183292571
1.9069333093699488 1.5124092863257437
1.180451087724017 1.009046159552665
1.1598074780606014 1.0386212225110287
1.2578890277816828 1.1273680117150715
1.0527028795659112 1.111095352641633
2.181288562421023 0.6757471575070156
1.2427098867561097 1.225711411294312
1.657823662182954 1.3411031731064305
1.1461514755103708 1.0121842050720096
2.219765779866119 0.7692934228476487
1.094199647103998 0.9659732278875006
2.0913386628857804 0.6638132075064058
1.0524323880366415 0.9831030274505983
1.1146987820902874 0.7566475031242197
1.8946010413001186 0.5459025250403804
1.7518241849531861 0.4669078147188969
1.693583194376838 1.4490157960531358
1.307022422337158 1.0002455955394358
1.7072590634342317 1.623008989487508
1.196235275830815 0.9682506883830087
1.5330680155022953 1.1257378483676646
1.6775404891051686 1.3968896762248364
1.4655196106926438 1.083403235741275
1.5851365947189506 1.2118966681093937
1.904534931719707 1.3573658970056965
1.8033669754828896 1.3767083893387164
1.1381005744475543 0.9533614182787512
1.203078189156114 0.9937402021673896
1.4338754985917013 1.141768747242406
1.1083435493275944 0.8557642385610986
1.1787624871405524 1.4341327415630778
1.4592806613514404 0.9929167382282688
1.496077505073041 1.022440232212824
1.708453957271 1.1321213444201326
1.4241878684390619 0.9753627994842324
1.6625710927611128 1.0004929140221686
1.118309974649266 1.5030776877070642
1.0146282165272358 0.6101024500373091
148.57527085545198 0.001023191625913994
1.2158315228767682 1.8872752173901142
1.1058260835909435 0.6956785498374488
1.1600399543837803 0.05666774376724166
2.302597284298918 3.0245021823218208
1.310133381119803 2.119109595058818
1.0401227549503997 0.8316429165924939
1.5845294643547767 0.2850776320604031
1.389341972111088 2.9467081789835023
1.2699153508203795 1.933353822760525
1.1645709419014079 0.8662890702710683
1.1352950749865462 1.5088534875077326
1.3900939209862635 0.9391443295988338
1.6085709869406353 0.9482810904129514
1.1023058516487279 0.7447982873171324
1.2469702471403694 0.10208970438441323
2.0683280837779936 1.7267413596360175
1.1274367011306825 0.8597348235979951
1.691038409064035 0.3055375613845644
1.34857482276114 2.3796112821204707
1.4292804131623775 1.1927412742222048
1.1673272994022936 1.8564572064386766
1.9470982783345332 1.3456563993999064
1.9154362408062071 1.4593097102978154
1.1159365600332065 0.8875091573071504
1.7152745390718516 0.3629608850513416
1.627921652484518 2.078856446835502
1.0857546935229276 0.9968638646006384
1.2449317307411407 2.021534006706629
1.377343612926495 1.1684407483488919
1.8648775730644986 1.2904645938223398
1.8422934681251768 2.580968371605873
1.282080607800527 1.917871732871478
1.097571314215064 0.8641605671410517
1.2220129894012033 1.84707732742361
1.2179568092450088 0.9927317845440051
1.5200638066396668 1.1157723447368353
1.1065440681650083 1.4803877426732726
1.4210913320808407 0.9669482594635578
1.5038114449187283 1.0159225020656222
1.6515525122756194 0.9844095586141166
1.598715878262693 1.672664257140476
1.5504379093402845 0.9437725537355882
1.1851963355064656 0.8465959153310572
1.6274025547135311 0.13640786711300779
1.529621269909386 0.6461084019493638
1.4394814876115831 0.15642925805899588
1.9544011922482982 1.473964734499349
1.2111209940029912 0.8398718950913575
1.7438121832991031 0.43340652996016216
1.0476962306860043 0.7424986889299513
1.5221091024633862 0.6392445725857671
1.5081456968236404 0.16904526856403435
1.6694943250762617 0.8227457560435287
1.5940916930140685 0.23259058651743741
2.3726507456708683 1.6542572839162593
1.3603153284231226 0.9555480038296209
1.994312875519594 0.5166070803898238
1.2035551458402685 0.9790105523878934
1.3290299492343878 0.7938374840339342
1.6605623687118696 0.3262832844183971
1.3599228402857149 0.8898128701401292
1.9246503715851 0.49328419112026645
1.1367852853433384 0.9896807304804122
1.9438087223565645 1.45090359077953
1.0403862219398066 0.8542622944810078
1.0532438473634718 0.8771282040615049
1.2059283053994478 0.8406503425850959
1.1097428527322086 0.779340377021887
1.6700921751672477 0.5647363278084521
1.6446057658863187 0.3098860864439495
1.8805478102402855 0.3989478957887029
1.3069884359710158 0.15053029306876053
1.5115724008560298 0.6648071200539412
1.5375052270082066 0.32685141216031716
1.6683883956804346 0.7544052577003546
1.4131105792413727 0.18696436809877626
1.933836919709146 0.6280052441360198
1.4594182593483978 0.22327256451331723
1.2959775493782026 0.905611628418795
1.6978514442305337 0.40507639482590363
1.9649661851853044 0.6113963118096325
1.6905305849888927 0.5165572972023919
1.6205526667824763 0.333109535015797
1.1880828222586874 0.9571505478845441
1.761657350471161 0.4789059736902159
1.972042326408995 0.5992413332268601
1.0756544848334464 0.7630051000480419
1.7616343001044306 0.5571519543987543
1.5790822742380737 0.29529997194885926
1.23744539214743 0.13661340639592992
1.8254857578640742 0.5458599440125245
1.1932230690883971 0.11516169776490412
1.3649739318849177 0.2294386458641079
1.2600177010388942 0.16315886892149534
1.450031091825506 0.6814035484834448
1.3134495753134559 0.21016891114068037
1.4802061289136326 0.303097877047893
1.1036724569026914 0.8008952500097977
1.5209118858542299 0.32658036105995886
1.599576397345564 0.38175708736808484
1.758014097524985 0.47303076287957735
1.4518839076957233 0.49397221605471564
1.1939487941914568 0.1139483743342672
1.8548457562742675 0.6658466137325585
1.032750824048186 0.022832812793005353
1.1203832510513343 0.08774662148915416
1.6115288431410284 0.7161496665748809
1.191896686062652 0.13050400966015488
1.241563515899541 0.169701920763511
1.4338583535190679 0.2787559280927468
1.0065172629870707 0.02216455856055934
0.98500249455725 0.019100488405764043
1.1569848464135228 0.12328087418984
173.33073786196354 8.179342593236941E-4
1.9419065912669706 1.3964655654539273
1.364842631389506 0.8601237400899997
1.1389483368253321 0.952234727557058
1.7663473872242021 0.35839196435301174
2.2491023236095646 1.6307820590788427
1.215773749864028 1.053778684714589
2.275626414713889 0.48697191161472797
1.2795477779971416 1.7098172626067956
2.058723306680294 1.4463343432883553
1.2551352551185488 0.8174294392549578
1.6792034760731605 0.38946318750720266
2.6481915920214982 1.6834181874739542
1.1218697658929937 1.0917447063583294
1.9562368356192747 0.49601455229500535
1.6651835423532866 1.9503177704457988
1.9706231534556051 1.6071025820123463
2.0280394208673167 1.7090279512879951
1.5018707486406 1.2166376333619082
1.5087400157678055 2.2396156693902327
1.8994933473074513 1.6181352026833324
1.203146421112291 1.8799767090393802
1.1276252368604893 0.8457591103344486
1.8792745210442137 0.4106745172840649
1.6179317953217713 0.748675545831611
1.7108549908555535 0.31935944070830347
1.1096129644912127 1.0414975392225436
1.9642352516694543 0.4615680436524956
1.5575983862927356 1.168805772751626
1.5239538752153439 0.842839315173711
1.4612028574130287 0.23536938444563565
1.2876834556505172 1.200333054387598
1.9821687805678816 0.4597814221119702
1.5277500078265618 1.363922426895148
2.0808853734711112 1.558674512470302
1.249287145864975 1.2056943709110572
1.5054628673576698 1.3603403731680044
1.8490628885033191 1.3222615741155397
1.6043867921592245 0.6137323335956817
1.6774166175617151 0.35032002518802974
1.5481110320680656 0.7620387211455832
1.5895947678176867 0.335530958401278
1.2349330914398955 0.8554359751698888
1.8864528703586958 0.4951303217396659
1.4172729150434349 0.8640160884145838
1.5440440965205227 0.2696749981635484
1.2862984835360867 0.9228587884706045
2.018923493979786 0.5632286101015573
1.0622283962264485 0.991593722761537
1.5370739026422031 0.5303353325393239
1.5129093717001978 0.2885676318996669
1.4070733560809674 0.6866400974045184
1.4826778189346217 0.29535727476423757
1.7137719166028953 0.4493794802460569
1.3041540358111847 0.6853693067904618
1.7021213817310679 0.42914722241039144
1.8458817497318036 0.48893490822475183
1.2056890541830951 0.641686924501365
1.402101967282357 0.2587096819051931
1.4319171474898995 0.2759742932595479
1.611702154046405 0.36393294467184084
1.31682119329932 0.21583842483916993
1.2850025361241093 0.9910019121194756
1.063527714514966 0.9772433939418719
1.747341800416351 1.620488690172406
1.3194873170033516 1.1605895117042673
1.909518362700772 1.3458922194907803
1.1254473139517152 0.955630992726175
2.1666283704781053 1.4928784618969027
1.2612784912226156 1.2500020736860562
1.8280374381139821 1.455275429670455
1.4390398129422932 1.9110325860554922
1.7014953993002226 1.391822474200982
1.940090752057652 1.517009833166316
1.1849947248758361 1.0105472480348543
1.1873494721349511 1.029641277530199
1.3068602100156055 1.109943052952274
1.0860025920084073 1.0988897279517533
2.191145516077701 0.6826237741288435
1.2640734580127269 1.2383784701819698
1.6607854005967277 1.3664430823445497
1.17972364656073 1.0394813171044346
1.1184223440797647 0.9820219713780873
2.1072701610149647 0.6636267163298252
1.3817135557483033 0.9765316400386606
1.153704879824335 0.7048802708629041
1.90543005585018 0.5687890564978093
1.7589278650865614 0.46421872210749376
1.7114223893832783 1.4474159817738363
1.3205803726639254 1.0006551689333074
1.7142342559605495 1.6151106923677827
1.200876828937965 0.9684179966858815
1.5347976364875993 1.1231978538996161
1.7023608809903612 1.412883317234869
1.4776458240905352 1.0908007202412215
1.5985228409156338 1.2223137686822665
1.9089723593373886 1.3589585229089962
1.1401885583931883 0.9577544307771959
1.2320170587711932 0.9873978213743037
1.4340652577622661 1.1418557524252892
1.1097612441508062 0.8584413626596541
1.2103081401492508 1.5050228584865846
1.4605587262665953 0.9936630288262451
1.497049711267757 1.0228128471262004
1.708774752348627 1.1356799445860162
1.4244893023659013 0.9753532701482461
1.662780500293803 1.0008798620317338
1.1426935009600898 0.6626397929703263
1.18764757755861 0.9932182478221157
1.8453172290946958 1.2034422156740872
1.5800640367690986 1.0045959198547476
1.52821139263721 1.9447318002223373
1.4945636313936976 0.6455028672617924
1.2192714254491714 0.054528127850682555
2.516497348516359 1.3050761855411925
