1.1282118206179503 1.600212533428443
1.0184050552520763 0.6440231351610677
9.383706535812518 9.392310845035556E-5
1.2413368135062854 1.9810676231090416
1.0359825120709367 0.7811518519118361
1.157261124561873 0.03264807296308254
2.472006857304174 3.2205680688635256
1.244070003165526 2.2904313588490246
1.061377189790052 0.9062831561986605
1.5630594608034034 0.3019065918868505
1.4828915290758444 3.0018813096748485
1.2225779602920792 2.0555313601934495
1.0767815102907758 0.9019863993444479
1.11122433347177 1.591137919108034
1.2899643929609574 0.9406663578535339
1.5075846144439853 0.9548186899579538
1.9974017934005737 1.516671816631876
1.0348776860073738 0.7933243842976533
1.2432043634699244 0.1216363745149322
2.220646187248324 1.7471456300353472
1.07238138507316 0.9880930516010881
1.658842175731627 0.26945881920407533
1.3728034954330073 2.577378830490239
1.3071024404258047 1.2109984621119791
1.187874529062419 2.005730079455284
1.8182586537707566 1.3723774456775308
1.7227296376399557 1.931875069754484
1.0923044256638208 0.8956046859789732
1.6899349852395935 0.3576998322757565
1.7394536566419014 2.0752078279920636
1.0800157773656214 1.0742970201778985
1.2392168250693643 2.2478913519456016
1.235642506171717 1.1967893289865406
1.7189599257491108 1.3054867753281
2.0418954699221237 2.574408805048239
1.1320610268854814 1.9559613780343148
1.065676154232635 0.9029155394189308
1.2416804027440818 2.0396202339640497
1.107617743754365 0.9990005260862467
1.3900197867276747 1.1169661123335488
1.1172567464069068 1.5950501864018363
1.3120017333736056 0.9666704890904986
1.381542463101924 1.0045211295842518
1.533866818116913 0.984641940850749
1.738073045086479 1.7180905013412073
1.4958224627201224 0.9281763020004505
1.2481249842764326 0.8618083546196129
1.622461638400754 0.1763509594104139
1.3991088097249904 0.8485110537082047
1.4183854101739977 0.1562432044609731
1.382513299602783 0.6747195405464101
1.711254078431207 0.4491392136291134
0.9996239810274694 0.7509560246849429
1.1882511007794099 0.9371885441437495
1.5095816946062097 0.1670247713520268
1.5034297240094854 0.8799943498877508
1.584340798764496 0.24511177977821624
1.2600365764849333 1.0829464990193047
1.9292936420109599 0.535690107036217
1.1062689516441873 1.0106739373343367
1.3001265755233826 0.9205642978831308
1.6403057466032251 0.3273769949461457
2.4142917207403114 1.8767062241448713
1.3104723465836325 1.2475750909260275
1.8726584530335633 0.5400047163084253
1.070780571350399 1.0549369625697476
1.8987078084264262 1.6046588203587977
1.0691305011106778 0.8926947349301428
1.062791302463466 0.895850967013688
1.1140224662803417 0.8435971191270473
1.078553711077879 0.8871902013568138
2.031138125445044 0.4652719180720687
1.6374923257628813 0.6664964047505009
1.6378278834936548 0.2964143231518289
1.6231990504319458 0.718211730279755
1.291981988093847 0.15155098258273086
1.1799209651562979 0.869043579961225
1.5053796485792532 0.34708331607768617
1.7293363705579141 0.5077890949345669
1.650633293132016 0.6742713994571348
1.402602581467325 0.20985836914423162
1.8516796279350223 0.7310665675445864
1.4428912731976544 0.2529857980665411
1.5786780063867463 0.7044062423541989
1.6555240151882729 0.4265529376090362
1.8868600506022744 0.5833187510548115
1.358488937856178 0.9047039632273651
1.5973258861970572 0.3364491083751478
1.5416478359222414 0.6535355527704734
1.72239521181375 0.4907552220031868
1.921717826101506 0.5975019606644685
1.0693095694076153 0.8217238645438824
1.8729505963083222 0.6015906194144839
1.260990137917139 0.8706449518839665
1.5763221756671943 0.30446649426293637
1.7281776070940378 0.4899038069961292
1.2390750744750023 0.1486829099797463
1.5180223626149596 0.5488479257345522
1.165644934364404 0.1118742258170894
1.3397478000511682 0.235626026684455
1.5228157945673821 0.6583562432878455
1.2515226068707652 0.1664387572353825
1.4432907870837535 0.7142775514041783
1.3156336881459294 0.2099565135150851
1.4649296500292648 0.31145592168077085
1.2733466602734584 0.7100939938049415
1.5042128710378089 0.3268108346280186
1.5739639221629567 0.3989635296429699
1.7116658723359577 0.4926112958993748
1.499021471013847 0.5945653869167361
1.1914952816925195 0.12935148243431815
1.4488706586122841 0.5635912998826695
1.0186813840740054 0.02150770696063641
1.0969344726192165 0.08914697625053845
1.290843257462599 0.6291265740535187
1.1918941967454892 0.1321039339873627
1.236017626008155 0.17169093425170545
1.4096870388212126 0.284668278442219
1.283650920021182 0.48049813858100243
1.0080511306751874 0.02641145925945123
1.0031356078175966 0.01674457577438211
1.1599483970920703 0.11830685338032021
264.7406942881964 3.9959142084860133E-4
1.2688645706555894 0.9183228615013836
2.0579159019578688 0.4146402323546043
1.1906840143372714 0.8584641071309982
1.7163018740099176 0.35286250256793605
2.0473909814625553 1.9209818903420657
1.1269245122506544 1.0868972943067141
1.383571539495558 2.0978321401791504
1.902762294476408 1.4801381302965229
1.285590569031698 0.8999985543782287
1.6220528200697872 0.37548957077267897
1.2256898338889222 1.093105676156888
1.9117370030185543 0.487905919265806
1.812710703542039 1.9996556412028361
1.826223384918996 1.6468356375310287
2.1645724476704977 1.6374295740866325
1.3750106995672233 1.2641569504607315
1.9421203785742005 1.8264733365575472
2.078003750295456 1.6301301274867872
2.3631112638620624 1.802085843269959
1.2559499331966064 1.9987208549738777
1.160193954524047 0.9810595072604702
1.8474313934470872 0.47206457911306465
1.5894180117253067 0.8451877496871016
1.6641326187371348 0.30864226948580087
1.171384020284631 1.2101866540959347
1.9193787363905206 0.45457915891815404
1.6159130719571233 1.3102644642354533
1.6203236772255185 1.1263066989873063
1.4103280823470377 0.2422554269691478
1.2717219008086185 1.3871507764184865
1.9306801663280098 0.46730953723158014
1.3959561714799436 1.391844585745356
2.093070478890415 1.8716169905613662
1.132461583822226 1.2416439769090881
1.3555217783186562 1.380263806814783
1.7162637746636182 1.3608360431651114
1.623291165068541 0.8344070306476636
1.6257227862483923 0.377567753584298
1.699502780949465 0.8624423507249436
1.5438071488600404 0.33682242085089353
1.3442609190843544 0.8686578599457617
1.8355569905294329 0.5016222789137134
1.6110198155438993 1.1892895646864754
1.506606577575079 0.31168652966284205
1.3281906039786622 1.0100245901679685
1.967339008193286 0.5851729260837755
1.1138629806703266 0.996936020124719
1.4207484347560615 0.8855310260199447
1.4734211613403172 0.28742295490675196
1.3015019601667384 0.8152498065319842
1.4468663279950325 0.29232996620665963
1.6620258232694671 0.4463052528261201
1.4933751156754136 0.6258517631007932
1.6544904119275807 0.4107274108853414
1.800653150008288 0.4989973338757636
1.483033028625499 0.8034138018929695
1.3635896593053727 0.24631804982336578
1.4037318028880366 0.27581456440300167
1.585447347277316 0.3807654678101101
1.2983022214005953 0.20230761524174173
1.1785600466767008 0.9977298893551132
1.2082931030242474 1.0327606025646445
2.1389916490920147 1.3665830951037399
1.2627296417554177 1.1533585887150224
1.7920032655296925 1.3521031054175332
1.3102191524738422 0.9109589908117028
2.0825933965808856 0.7165998020956124
2.2247046206798475 1.737057831340143
1.171364035599928 1.2524252748725317
1.6982139694239227 1.4807847489235764
2.024761969744874 1.5494863677984352
1.5814762782752712 1.411047366037197
1.7901891350775856 1.52126177327699
1.1138255770783314 1.0523595512695316
1.316030345996829 1.0428548674771212
1.1835076023188025 1.1246437679887142
1.1975238199772953 1.1518121383018003
2.0971025575954956 0.6917219163437386
1.156825306881634 1.2464959725934182
1.5215792058683715 1.3581803178693845
1.2988331898923253 0.9164005251319975
2.0656021896712153 0.7098437512430584
1.3168816363679106 0.8850658584002609
2.059704229805372 0.7010772751760679
1.1393935109071438 1.011971053959054
1.2286179817861216 0.7484293641773205
1.8530067468382831 0.5730975047947762
1.9055877636347947 0.6121342042379594
1.6965035100585515 0.47157661615402835
1.2424982889292133 0.9967117508631709
2.027619712642282 1.3592641186246788
1.0750045924310954 0.9729405925448772
1.3873597897286813 1.1405561751157913
2.0080647653820893 1.3465720646587016
1.2804485757414588 1.12355410544105
1.4586224252787767 1.2248803777062722
1.7606489857435408 1.354883670616276
1.1463464826938474 0.9792264525796899
1.1679552200558108 0.9945196572933814
1.3490350211567053 1.1363763897724874
1.0646477664874108 0.8742914939153372
1.3296199361199308 0.9893648291189472
1.3849992338859398 1.023700023631107
1.587211006120477 1.1378581594480268
1.3036295618099407 0.9769170472202018
1.5458863260639908 1.0007036868404988
1.157611313539899 1.5754031363676835
1.0474389048812558 0.6782104733616106
148.82018286547247 5.81132948475338E-4
1.2518452662296113 1.9881382336947229
1.0416386803746869 0.8056654838981024
1.1574197355737026 0.03236944815559557
2.4720310103924406 3.2207399380965267
1.3010626053217005 2.3229325935749494
1.0878095704966861 0.872255860592603
1.563223101519898 0.30024162723294123
1.5548139188305354 3.2875213083020975
1.2948269415869653 2.111580022783129
1.0772838054963323 0.9029252294795007
1.1341962834128434 1.6133438402772324
1.2918418987741551 0.9523079922282615
1.5079710765694738 0.9550858945217082
1.1006440996361695 0.7932275423001697
1.2433344730856815 0.11970761418226655
2.3584702166691587 2.0148857194886984
1.0725926540470028 0.9880890137738391
1.66028325396291 0.26625094058808246
1.3741503172325749 2.5047497257391744
1.3114513671069419 1.2443618751534673
1.1953149404004593 2.0267190647132094
1.818884413867845 1.365150803132283
1.8994832023207229 1.588379278805337
1.095271629666723 0.9027785083569655
1.6939377373722206 0.36125478811150114
1.760984495840178 2.0628205865521423
1.0830662727422808 1.072688876699826
1.2410206554065433 2.2485583967181335
1.236479992349706 1.1973687027525015
1.722195817566694 1.3196248125556354
1.2223053685781593 2.0375993251090643
1.0680746750132446 0.8883021298997607
1.2640662666451892 2.0728555425844037
1.1080538209309758 0.999377353813145
1.3913487937203581 1.1221696369955878
1.1213387112174045 1.5951753300592335
1.3130131348876382 0.9673360759465088
1.387183048751602 1.0084090563456616
1.534178358396011 0.9865963406530395
1.7670330663397897 1.689751991891654
1.495890244171586 0.9281544408108784
1.268246670748125 0.9025151602216095
1.6244972034533744 0.16908920311004827
1.4607772374423327 0.7792334762897961
1.4184928152070406 0.1592224318139194
1.4151511970961619 0.6518480880265531
1.7127578083970234 0.45020300809447494
1.019405777680943 0.7646611806905945
1.2040413693473777 0.9719104326662209
1.5098147243936082 0.1670591137148854
1.697735096814708 0.7127626617040204
1.5851535001515198 0.24216497726128255
1.2781962467615866 1.0583209660999329
1.9306625718381647 0.5354458653711069
1.1063408173951028 1.0099822292534986
1.316659412587404 0.9247112311041332
1.6405650605718163 0.31724416055140103
2.418606486960451 1.8699829513916606
1.4330219690205324 0.945472479459039
1.8732928769486419 0.5394563688506043
1.079232942068285 1.0729651578214705
1.9339117305595135 1.5862900356664051
1.0731485543287964 0.890536198953745
1.0975671986246827 0.8752626743794442
1.1141890815532678 0.8437043666707509
1.1054616486357582 0.9267611936899809
2.0330009261202435 0.47510087355726144
1.8573824958378413 0.524607370004462
1.639731774234383 0.29205121576733434
1.6479120363104862 0.6968225194841653
1.319412859511656 0.17455613148084964
1.2995157415467542 0.7827769869684154
1.5059775922132195 0.3466190462334197
1.7004355936318976 0.6563027300168405
1.4030249385863036 0.2110499795240084
1.8824997374194363 0.7147137153843528
1.4443062879770725 0.24737302982406278
1.6125101463350673 0.7240162381710541
1.6558781546966523 0.43684746947547887
1.8990057942374292 0.5086450773691069
1.3679744055977334 0.8969626554693817
1.5987326780842004 0.3443990507445916
1.581748894915227 1.0404539998348536
1.723537478139423 0.4938143200952409
1.9232861488468576 0.5986166687168131
1.0710758513625147 0.8265201823148458
1.8767044427638573 0.6099815853325498
1.7761920919357703 0.5236571880363083
1.576452041262157 0.30478551468646675
1.7428240761889846 0.4677972300407825
1.2396162219875009 0.14991570526893183
1.5181264637906686 0.5487983583722835
1.1794841274879964 0.11146348784597535
1.340108647945132 0.23580200378930422
1.6172491972827854 0.6106354822786954
1.2529785592224552 0.16082889141041576
1.451586213769252 0.7077913428618555
1.3178993297510764 0.208940226035857
1.4650669206358722 0.31177051593484606
1.299399857452793 0.7386892023143484
1.5141924056542049 0.3212294987095215
1.581586116965899 0.3765499286236867
1.714153496460899 0.49444842364723335
1.7066737857017718 0.6561466883317644
1.191728395681829 0.12828113285233064
1.4925236589503255 0.5689983532670885
1.064203727455182 0.030669327777182894
1.108467685843837 0.08639471341326353
1.304189605068488 0.6078550516669593
1.1926674338019916 0.1325889876458149
1.2360366535828475 0.17167449712616156
1.411401192589656 0.2838905068944839
1.008346234688031 0.026580686189455242
1.0036938424570288 0.01772534222457565
1.183826211494976 0.12252691742665245
435.62755693601605 0.001379924396747195
1.2713079651771337 0.9169588078446607
2.0638426153954157 0.41495617847636496
1.2267541904720773 0.8311876796173555
1.7167555033700945 0.3531550661838844
2.0556961773902627 1.8855106188025532
1.1274094568080835 1.0883258430437421
1.3892305440684822 2.09198565182677
1.9043522810969638 1.482437294429276
1.3359527690948845 0.8380767421498206
1.6221388434016495 0.3754507631550713
1.2293963129597798 1.091901387204495
1.967645552462854 0.5057783874170462
1.8179956643669857 1.9835532415204433
1.8300823504095813 1.6469851598554304
2.179955363191503 1.621861215471432
1.37604659960232 1.2772051746365898
1.951156069712708 1.8157514864489994
2.100265807842622 1.818888402703807
2.364160532887152 1.802650985312316
1.3036022200331672 2.0517524914163046
1.1663732632290689 0.9688189855529434
1.8480864011705052 0.47205676008734276
1.5943822092756244 0.8407754285580741
1.6647685330760313 0.30928303972590626
1.255453026873418 1.0813573458851164
1.9425590148752288 0.4819536832161706
1.6329123275408797 1.3577974794130925
1.760772987287587 1.0389400722205697
1.4103572354052587 0.24437145631020446
1.3093314637037707 1.3769479960870645
1.930913734368041 0.4664009865109483
1.4115973234477237 1.4039702810296255
2.1472464979553623 1.8564318854730757
1.1757884554973848 1.2273694230582082
1.3656971690401647 1.3824187684955844
1.7164449451675903 1.3610212446329202
1.628884298489718 0.8321687392893609
1.626037801807349 0.3776744434512237
1.87951567594685 0.6241085826412265
1.5444700395009139 0.33648226889719646
1.3450432860020531 0.86934827310631
1.8376561957839637 0.5032577664194235
1.6459755192060985 1.198244064099056
1.506822348694574 0.3113175812090728
1.3304842976462439 1.0344100932870797
1.9709828734893824 0.5910905287852192
1.1203472724271066 0.9910713279221014
1.4412528926442547 0.8545984451368264
1.4737798235027766 0.2880044222878553
1.3624030210559768 0.8509177906621057
1.4472076545524704 0.2915634965341453
1.6620523223589936 0.446305272807872
1.5125229940861438 0.6181665183264465
1.655287439691212 0.4046982631217984
1.8025615834293687 0.49875309875590323
1.4976678598416489 0.7739067319659512
1.3637460898021612 0.24648934745681572
1.4045089572621832 0.2777856318316246
1.5860216071936857 0.3814353649497303
1.304392715580405 0.22108635883240618
1.1870123290971781 0.9989391280304484
1.2356653431485172 1.0180642968863123
1.2650471879465206 1.1625507925185343
1.7931984864980026 1.3533609168826028
1.32462013625458 0.9207953518364249
2.0927868923811817 0.7141512773834329
1.1714169925956954 1.2524098400299988
1.7071713961711505 1.4847173786437988
2.0990212162345854 1.6170024169432018
1.5946687082817177 1.3813529638251185
1.8097555593961643 1.5107896084351178
1.1209478595871352 1.0415997366780432
1.3421043064694573 1.0181152532737963
1.2162441891243965 1.131621748920883
1.2056192001726198 1.1522519584863895
2.097306480793815 0.6921084310492457
1.1584718316311609 1.2463924705918523
1.522261020480101 1.3584831314254495
1.2998514941123276 0.9208577000050435
2.0679549558619055 0.7097530781575494
1.4291272663454107 0.9397749281966636
2.0602157983975706 0.7018275981735179
1.1408158330062188 1.0051796812519598
1.2327433716731886 0.7502658811443683
1.8590800948877169 0.5780324596350768
1.9072019006969814 0.6093739571505822
1.6990493005283747 0.47607636313643625
1.242574266471985 0.9966392649721433
1.0752486530750311 0.9706450333251287
1.4287677196058448 1.126951263397681
2.0496976845901793 1.4496162546413873
1.295386458923599 1.1200193001094152
1.4699556801000289 1.2184484526980932
1.7609617940424087 1.3568353678532152
1.1586351019398204 0.977626977920345
1.1688995304714846 0.9935222116238303
1.3727997150034486 1.1355161155875624
1.0653097014304356 0.872555327422861
1.3359015642179657 0.9929400297820552
1.3873593360247147 1.022885098898609
1.5885345801615 1.1391040275411972
1.3057822487538004 0.9769861725852904
1.5459817599121255 1.0009074738353574
1.4195117753444961 0.16152326386482432
1.4104755797183959 0.24211962994083425
1.7323809367249157 0.07520972090062822
2.083878713965697 1.0906993464586785
1.8987657329211236 1.3121467482117355
1.474678421671114 0.7762313184242982
1.211742832363663 0.152668952320974
1.3461274853794833 0.9988130076588775
2.0192261328206493 0.5360442953686687
1.832306038052863 2.2038223882565857
1.343958923084969 0.23854953892443378
