2.077491363801904 1.017431794422164
1.3873259465618184 0.4065514280009541
498.10994847146003 8.216860624843947E-4
2.411560478618694 1.2244243759427424
1.4880401985169498 0.5342587909598076
1.1635969041349936 0.023855730736737593
2.601858373561417 1.2873161647916667
1.5630242057927095 0.6097555822715461
1.6763313149502919 0.18559758009653488
3.5458868047011336 1.9516323801149857
2.428819927714631 1.2417979512995734
1.8121151866299225 0.7895280696993933
2.095248862131797 1.015872290639063
2.1367400997154897 0.8590216389807432
1.4847899607164319 0.5376036245038442
1.2817032342729855 0.052401471188351256
2.8862724791698717 1.472997682274905
1.6398132988358722 0.6525035485075729
1.775695039944964 0.1971954481071948
4.622830001987431 2.459856047662702
2.8868159904088406 1.4377358654674233
2.2789799452337762 1.0061266597929164
2.648901091159775 1.4528483304613449
2.928198650496678 1.1852767300317566
2.5911490540764017 1.3027739824030413
1.5632125167508755 0.610104309009632
1.9037136661191996 0.3107007188154622
2.890867194070748 1.5054841366778713
1.8009699276240272 0.8231872215580687
2.5993581064348796 1.2771449149638212
2.3710686151747584 1.1052051066693829
3.5475328326065174 1.9606192370211237
2.4115359296735503 1.259877212895416
1.86555818463017 0.8234556693734125
2.405491548067797 1.1956612780815405
2.1001617854917125 0.9635255333561875
2.464391639389035 1.0714155299324462
2.0659236040618594 1.015887922477204
2.237246582075316 0.9364083803472454
2.355588157812779 0.9886402926607869
2.404835981150094 1.2381904767262422
1.9993521066266786 0.6672055655151065
2.187580232487717 0.24176105472340526
1.6502370358409182 0.6985405053952687
1.718820078607764 0.09389508900938304
1.6977728934839096 0.6677559172489513
1.49433929923313 0.11541147005427879
2.615615044588956 1.1829552654325792
1.6086525792191106 0.6257074792289453
2.0066730451779797 0.3840092172739047
1.6581362068353585 0.6792974254037734
1.6127158867986753 0.5754046324618695
1.6114856329557696 0.1115713519999813
1.7844604846208185 0.7728332026903397
1.6904003148725537 0.15898430525191193
3.3545810502265057 1.5500643299924728
1.7890056974912656 0.809157025267021
2.2605124782157042 0.4033140781548106
1.9836864994104295 0.8799381324706008
1.6725146520507868 0.698218404712837
1.8349320722122542 0.2607052156575236
3.423366579299546 1.503562575317998
1.7688662282291436 0.7600012146951917
2.2504945616882406 0.456151921910272
1.8541972166824925 0.8781281054662631
2.578969169652993 1.2637948866395896
1.678553222719887 0.7456174800917466
1.78229339533921 0.8194858777873792
1.9366088811178155 0.8237281064079054
1.6138432606714086 0.6617602981099157
1.8214447383297265 0.6005117956395166
1.8207365040564838 0.22382428988597258
1.90186880811723 0.44892545011123
1.3690036985935796 0.1275633608087944
1.5970134178999198 0.5337364779355465
1.742377476674363 0.30230665818244196
1.863510629707096 0.44666290812995385
1.5393005840125795 0.17153081433377743
2.0224228087242677 0.6266849414721785
1.5744432396965393 0.2001091336806753
1.7012881474266865 0.5684108052579236
1.9480487558655004 0.37450427536734854
1.7033278342588964 0.5641872004056429
1.8163155790682026 0.3093588864611729
1.6931071071493748 0.5629114690301567
2.075061614463067 0.43714599885703226
1.551332409557025 0.6240600717560116
1.6079602423149815 0.4451387988017777
1.7550677168446986 0.24162245594285683
2.014110808232081 0.3052698620597079
1.327515492863205 0.12409012176164333
1.8075669137202999 0.3784859507596904
1.2283336376921639 0.10175953196334787
1.518972358159552 0.2372020901595903
1.634507803539818 0.550822292016513
1.3335993780493656 0.13556993680531967
1.7510981119257627 0.4131643188371765
1.4237123946747188 0.18546408206518677
1.6651432138772235 0.28802375212294196
1.5384863174566266 0.525148575085249
1.722506764863389 0.31087817837103743
1.8454922986014086 0.36652513792208985
1.5454857565740192 0.4123955867001334
1.2722777899680255 0.11216762749927844
1.6221779681994242 0.3949012577632921
1.0173676177569042 0.018766086366065814
1.1534136549039375 0.08151476997051862
1.5248195342405886 0.4629223846575079
1.2645699053006487 0.12101338971259443
1.3424560856850376 0.16088612551809356
1.6047975415190792 0.2729144112384567
1.4174705725884746 0.3775560569785524
1.0238513425700555 0.022456707745645767
1.005340475405458 0.017638535175874263
1.2296051875423366 0.11481675902269756
243.22643119769586 2.932323416082068E-4
1.9167328309125993 0.722675000415562
1.6568023645911705 0.7136690910727852
1.887704639238565 0.2151842358847466
2.894844300193548 1.3606235812004615
2.033330211294583 0.9382184374534902
2.7838883505728447 1.580361764681657
1.6198954902656224 0.6049175790745493
1.8295641866644603 0.2050136549192379
1.9722531268472676 0.9641642701486991
2.2526512576876985 0.44696997894307344
3.160233124173776 1.7595107346386614
3.3522234686288996 1.4921384423660125
2.9088547029910297 1.556469989158511
2.441736408051689 1.0841711477362113
3.0765608817794265 1.7540535522260052
3.327956830735019 1.5225002137678674
3.109763624393243 1.763126969602066
1.6432877682614606 0.6987323709265152
2.115140730191099 0.3556385474250288
1.8093285072680867 0.7302548484089324
1.8328336994094454 0.21576682938339728
3.220436905355466 1.473208674223612
1.903296110083914 0.9222870888205816
2.151392939376139 0.32155411547763857
2.3725565296274027 1.001391429651229
1.7949743023896176 0.713196199788566
1.5499999583208708 0.1705307942307187
4.039972164857941 1.6548130726978394
2.01194600315231 1.0312688876118854
2.158460271597152 0.33622481836860346
2.566363261989922 1.1917017495301505
2.927234993818219 1.4312601208340987
2.2339701425659984 1.0720048772383022
2.5873574979664653 1.2038513484713516
2.7954952093084184 1.1671709901371723
1.7741059709420228 0.5015284152892255
1.838921603866552 0.29191458498279943
1.802502149149591 0.7011213478560798
1.7578869667978883 0.2798608446473454
1.6628362781618315 0.7061607164426027
2.148028267909088 0.3982870370127228
1.7629100691010038 0.7092280286326739
1.6378595932472577 0.2117128916312294
1.757200294672295 0.7992342253600553
2.3257775498353324 0.4492541665817496
1.8738495870458496 0.8797199330330467
1.6397684082654316 0.49683455292239187
1.6617300457000703 0.2600987059176602
1.631504114779208 0.5688289627806512
1.6260366965648556 0.2520662289368601
1.9286969492977226 0.35785664030602765
1.5668330955172567 0.6111086688905947
1.908806225027014 0.34873447914887773
2.148703015992255 0.45812466976964084
1.5237298772466468 0.4088317331066742
1.5159228602442147 0.22048778533545324
1.5771880008181496 0.24616925942793752
1.8124364331985796 0.3128928698868337
1.4252260635443363 0.18615379886309305
2.11905540242359 0.9359481570341415
1.866679253634302 0.8812540703671022
2.6176336211404925 1.295598345554506
2.3313609887605278 1.099355572216889
1.7853260233293404 0.8024180346263026
2.89834913458611 1.4024519527072628
2.3876983866062185 1.1738386648914794
3.1615730840518665 1.405223592597597
2.6917614339971148 1.489536571217087
2.9191766199865414 1.321537600699188
1.8664855098911342 0.8907473731766495
1.8150351446527435 0.8532733741314815
2.272411851577661 1.0892009652287622
3.163003894164653 1.4125821845058562
2.0290733027775287 1.0139856048727685
2.3809312451130396 1.1722764739784568
2.8428525191889147 1.3009182515570084
1.6787470798499686 0.7425759520773454
1.7152893970306402 0.7850899316025202
1.928301558749295 0.9326172094273795
1.5297609761736326 0.6066515221534916
2.5386176346606444 0.9860788355586301
2.170879932148523 0.9627601152166885
2.495484590324293 1.1165589005434908
2.05973043263307 0.9597547251060705
2.5478936339608143 1.1245363732882687
2.4412937566729127 1.2434936750750638
2.3735129200586194 1.0721054071199276
2.678519097763108 1.2005929860322955
2.013252935659525 0.9326921846509628
2.1198368036236217 0.987468108941209
2.445918653893882 1.1098145707299487
1.8777190307377736 0.8463168779878708
2.0975054513425713 1.0003418773229162
2.312347551044084 0.9765157732974437
2.4147155258624724 1.0233768319880745
2.282663196580592 0.9704306806690586
2.081108064808169 1.0303416436499222
1.3884710524621644 0.43561789824471103
507.148953828861 8.668522444009175E-4
2.4346553103323973 1.0459908183616204
1.48904880421287 0.5326799115792911
1.1636946468275897 0.02663267021012923
2.602469457142787 1.2858547691969058
1.5630788983926296 0.6099111157448032
1.676919653663985 0.18590703031355377
3.5618877649129628 1.9608900769909074
2.429300191709863 1.2390651667737802
1.8123980414989282 0.7896632712900999
2.0976918174063037 1.0353997421289427
2.137947999543884 0.8639101906841282
1.5002277894880616 0.5632534325855125
1.2836934330737535 0.06940260971810319
2.887076125352337 1.4618837044736102
1.6421082692261608 0.6990378537957211
1.7759562798332302 0.19706887550570412
2.886967191891511 1.4372285711207597
2.2793982840147473 1.0068996969882602
2.6504708727545925 1.4559134359191859
2.9339038347493958 1.1909337538666516
2.5919015553081555 1.3150254233516683
1.564064430065347 0.612212617006314
1.9056743630860915 0.3069294259422157
2.8943523280486363 1.5143649523848632
1.802212905119268 0.824639829287627
2.6008420725375294 1.3058316531590302
2.3714778724855616 1.1051385374003417
3.657878611547825 2.055497798596889
2.4118826606284 1.2585190777089479
1.867224972494351 0.8259553980293763
2.412045634627396 1.225383707928067
2.1001656697616125 0.9641362943831089
2.4794835075016612 1.0936142225847807
2.0660341958983457 1.0165154736798658
2.2406277737366675 0.9412852798101317
2.3566602306901823 0.9890829293952346
2.4059898646655324 1.2401072530957205
2.0009676563599355 0.6748436435181181
2.193412107898478 0.2447530358980039
1.6502472225883857 0.6983093628885642
1.7197077956186222 0.09485127211324781
1.7244353136048836 0.7144993873125287
1.4964523764548057 0.11892788533871271
2.6167413407329674 1.156794465908872
1.6109564244149948 0.638768966429816
2.008195320313172 0.3851504738664103
1.6582365479237096 0.6790697953199463
1.6147945193176891 0.6061467260524598
1.622121037788317 0.1329549217408298
1.7862769357535142 0.768519837810239
1.6904076656108082 0.15823762834344673
3.4065445126594645 1.6074036164124692
1.7900214082533266 0.8116025129534907
2.261028120515655 0.4147390139650947
1.984685024714074 0.8854418990018305
1.67280029321083 0.6946323255280686
1.8361929366126795 0.2614611892333233
1.7689062432343965 0.7668194694384235
2.251385056488217 0.4569201691558054
1.8553496369366174 0.8798535487873451
2.5830794364379503 1.266439695666507
1.6788522318869228 0.7463148837499602
1.7837696188055636 0.8215983129877056
1.9382758373591311 0.8259894204364935
1.6174805051808663 0.6619375105379296
1.8228261673327548 0.5998606733540364
1.8217880003799158 0.22711687455059767
1.9417933969550663 0.3833890610907405
1.3722458699519176 0.13607169449645884
1.6020462851440347 0.521492736172708
1.7451833348333703 0.3175166594188053
2.001002532023388 0.3242119717132821
1.539846582293581 0.16966295402374892
2.0577445985977167 0.6388655627969535
1.5752446165786878 0.20059200544625172
1.703179574388077 0.5706977194008434
1.9480587420714535 0.37450141657760827
1.7508028832497429 0.5084841142450913
1.8174801879554985 0.3104448457506689
2.0859148188729613 0.4653011362725335
2.076436084426876 0.4416848063048765
1.5546780421465152 0.6274799313155328
1.6510773776422494 0.45728663069458364
1.7551369372864485 0.24160301452640243
1.3295901480788892 0.12136896757722687
1.8730273987633672 0.2988998157932487
1.2290699669506024 0.10175228857890854
1.5196373938938939 0.23746512282960647
1.6940695803011885 0.4882688935436198
1.3336253105474039 0.13561741711310216
1.7520942625458922 0.41303429969304534
1.4248845628103528 0.1854479803492126
1.6666125980259792 0.2766473652025374
1.5520378676962865 0.4835929124445415
1.7227548271803261 0.3114668248678407
1.846200439834584 0.3675678049665385
1.547914291872103 0.39410306709683773
1.2724295184339054 0.11349005596383616
1.0186865275904857 0.019500730039813185
1.1538030533212127 0.0822440671942201
1.5710097710091415 0.40012087822602416
1.264751560275917 0.11550268529525784
1.34341216584016 0.16129349674914492
1.6058214623183145 0.27290540470892394
1.023923659430158 0.022527589092847564
1.005617779539081 0.01759484179268849
1.2299037700577873 0.11496446602114098
263.05228579870726 2.89433739999043E-4
1.918007164292415 0.7263581659877331
1.6572573401125261 0.7139688468332166
1.8896856254060368 0.21679072043942343
2.8960573873170983 1.3610504208913068
2.0347907655006523 0.9425688037400711
2.785447693933028 1.5809735882649498
1.621420824221402 0.5747011550741223
1.8297868198177598 0.2050619908328673
1.9725665325401964 0.964406998680093
2.270553159735053 0.4541243299870128
3.16466410273355 1.8071924853472934
3.352481605973415 1.4922408220357717
2.9091153952167197 1.5539639129907727
2.4427187953412943 1.0839280297590212
3.0768294997288423 1.7539273373523354
3.3299475295434293 1.5234358246183222
3.1110564779048415 1.7658758656547624
1.6436925400080944 0.6994951187218708
2.1152281013046075 0.35595284622827145
1.8121334391091277 0.7396076283576967
1.8374460566295623 0.23697922454222728
3.2490713391591877 1.5211290338233656
1.9033846519064745 0.9224197441905716
2.152179468964284 0.3220493867182593
2.3794742069196824 1.0132157862714384
1.7951701542363563 0.712681771045825
1.550196190281277 0.1704558189513382
2.022241761641772 1.0415539125196964
2.159342098553066 0.3454719404419525
2.602450267946753 1.2414074980717058
2.928940289688185 1.4481267207833535
2.2408160874525866 1.0862863277923611
2.5873754772150033 1.203863451049446
2.805423216528555 1.1709047474613024
1.7870226744324162 0.520771341367259
1.8398441978719753 0.29328289558029197
1.8041475640111426 0.7169012276612781
1.759397781533274 0.2823818153956941
1.6663039599307945 0.7109363482909015
2.1482903634054007 0.39842975603773956
1.7671244285634242 0.7158653229805084
1.6384322302976146 0.2114941557771455
1.760322784558256 0.8093541164484428
2.3258100686405276 0.4489703523625239
1.8756575952081547 0.8786932597956024
1.6594446285130295 0.4875421127774946
1.662827482032303 0.2602036586121229
1.6385658328122417 0.5513374351173983
1.6267787735918202 0.2539946382065281
1.9291585837845495 0.35848358828210725
1.5669906497353094 0.609558797811985
1.9096884862329242 0.3520539984208519
2.1490662660549114 0.4588677100950846
1.559771112393887 0.3574452545376148
1.5297823346690649 0.23018562796534447
1.5772148161677517 0.24616369540831284
1.8124641466033014 0.3128935561295997
1.4262982993803885 0.18871221610152938
2.1192971261243594 0.9361893507412009
1.8671970267890134 0.8820709476371259
2.6178316400514907 1.2939455393257941
2.3315576406912752 1.099334290270284
1.7856625417793712 0.8075340501636741
2.900594597991308 1.4002535177240731
2.3878370633341874 1.173499773724469
3.1620097300890526 1.4047556565426946
2.6919202162056317 1.48966830264213
2.9208776434300865 1.321820680711795
1.8666354341565432 0.890621605944296
1.8165535961133865 0.8563274811376788
2.272903923543809 1.0898012433920117
2.032937768720091 1.018460498576523
2.3810056364634145 1.1723137211864714
2.843075408233546 1.3009396681342333
1.6794905146158805 0.7422898774240145
1.7162254350149921 0.7869300451686645
1.9288505661710793 0.933287130840502
1.5354598813349827 0.6059231195912768
2.1714889385296265 0.9638361484377862
2.561028077514739 1.1211910932092093
2.0612474159473813 0.9608615128455578
2.5481834438029054 1.1247769792108526
2.441515200222905 1.2595443684882304
2.3760083934217393 1.0756154002128087
2.6814261685949967 1.2047923999086105
2.0135008180407117 0.9278706898589004
2.1198554017193763 0.9874823345767997
2.446009881809622 1.1099295243727294
1.878403058051839 0.8463481400074678
2.0979208819236836 1.0092927744295124
2.314112118637367 0.9763000781798363
2.4150425463375367 1.023479756979182
2.28274370590169 0.9704636617650945
1.5357802833844967 0.5594299242155757
2.132725160274525 1.0377620413281403
2.51534166103133 1.1121254129543001
3.0836049030846486 1.7670426171364042
2.1757307739268197 0.3996896813839332
2.4639852642475097 1.0911650923905811
3.129102214425377 1.764113667867295
3.0368522300852305 1.2029517288278864
2.3502886270016328 0.9430619045209088
2.378853477783071 0.3897282720901405
1.7518588031249989 0.5663347079301206
1.867150310607446 0.5553093828623515
2.1981160837189817 0.41106962067251657
1.5535206210631292 0.3929143603623111
1.9729106870027886 0.296904018935309
2.539460247698404 1.2170882079657535
1.6311268797824483 0.558416728226452
3.3156346054962764 1.5137800532083876
2.241037927452862 0.5036944483969554
2.737846313404977 1.5361067527141279
1.6718264648542265 0.6895194362875665
1.8717427846955252 0.4847719488600343
3.578335051031003 1.9732490638172178
3.40685042572333 1.6079662757918038
1.8809561633990364 0.8462969935392484
1.277504113467004 0.11560937436859965
2.7720758896663424 1.2439241861314194
2.388320436546226 1.175610286358483
2.008100856971047 0.4037420941261697
2.415740269794287 1.2628867968546065
1.3906221035114354 0.4407886445348327
1.631604746105277 0.47904620725475255
1.8456558980988593 0.7595906350794475
1.691231423794982 0.2882479940761129
1.7899841262800065 0.6960838197342947
1.7737387816492496 0.6907517309031603
2.695647755231847 1.2125399080971158
2.5921183117364825 1.158919797455129
2.422307854376564 1.125865714927461
1.6195249203989244 0.27897325670659445
1.7914061955829719 0.2916024923348489
1.8287315148671712 0.3033136537570587
1.9701077029919045 0.37543259116012295
2.1572819526632943 0.242666100396631
1.8761767047352804 0.8235265329177096
2.1348663648656485 0.9945657614864301
