3.5035317941495085 1.8954938259016172
2.12459807326867 0.9592464180130058
1.4045136449827096 0.441001797560293
183.95823432232746 6.603294634572321E-4
2.5254896435993377 1.1277316030634532
1.504744274302594 0.5122830029556809
1.1675175038801142 0.027849907093612576
2.697483631331929 1.425082461009643
1.5861441612172378 0.6120579502589749
1.6708419998720128 0.18333438484829215
3.550870098201826 1.95913500123198
2.4770441880505234 1.2675246464240528
1.7740786304600236 0.7796741445072721
2.130328918886901 1.0164330312019296
2.0655580819929664 0.8829692923405833
1.4993181285471915 0.5122190589396847
1.265588411863582 0.0634080143873148
2.9514361699375202 1.4763038273620597
1.6576376118663079 0.6802007019305842
1.7605841201147294 0.1817367536887592
4.6775451422344965 2.4659387254267093
3.0362095301233696 1.4285020612661659
2.2288515229459307 1.0170973489314594
2.6453578024520708 1.4655602266536636
2.6666602583290584 1.3124680295028304
1.584320486363127 0.6077797297047989
1.8821284691987197 0.3217776631594523
2.965672710184966 1.4720050554669937
1.7918144953575204 0.8365567588660006
2.685529089494855 1.2679301879532012
2.3064814114011845 1.1298857230052057
3.5496953868302468 1.8970647385912924
2.483464479427708 1.2830792879180857
1.8199673858075833 0.8251193968019839
2.4904676613110492 1.1327557865105697
2.0350560708548766 0.9718640864767876
2.371037850363714 1.0858586567863524
2.139065298681067 0.9947246441346543
2.2064201309755416 0.9531183078763368
2.342081734379695 1.003533794645967
2.4633467198546457 1.1924311130941687
1.9856743754674873 0.6570279172020685
1.6540274100930934 0.6640344067725988
1.7061190679035492 0.09972322569560135
1.7660521595246286 0.5988894443062498
1.4899769218791965 0.1200244497619459
2.7057625852191824 1.2558257963400232
1.6374923503591152 0.6387719261455326
1.6420202170874512 0.6938717192258699
1.653433190609917 0.575407679570241
1.6044346710193245 0.12031440078418304
1.8227667704259725 0.7585547913433344
1.6852018117119953 0.18346475810597235
3.3168506165280793 1.5393289701455388
1.8284420267570858 0.8320242549501758
2.2347906418782078 0.4572563164428982
1.9490610225865168 0.8976992366121619
1.7164630441325155 0.6943449447394815
1.8092854307746455 0.2842506498299731
3.3383399175136095 1.4696206979755138
1.8245736866612259 0.7984686106713721
2.1980265892207567 0.4755826663845436
1.8456524540253907 0.8926340243868071
2.6096185657435145 1.180802474735848
1.6882415564496032 0.7466802442109413
1.7635487799708156 0.8155844786042861
1.8786459798335835 0.8246377682045799
1.6292203150814148 0.6625594225117274
1.7993043272983087 0.6875387999876081
1.8183878866261658 0.24877178868071714
1.8555174240310284 0.5309858052884006
1.3743421632604456 0.13604307620923878
1.5934952911550568 0.5731936158929751
1.7283636001997917 0.32233892821268983
1.9234251940972262 0.44178508702542246
1.5409323762451366 0.16760875335545422
1.9815520172460377 0.6579610000224434
1.564681336031532 0.2123929044354324
1.7697613174450817 0.5607029959685663
1.914771794659273 0.38584795923398924
1.7274522967143395 0.6408491646737082
1.7981176730028483 0.3095840554614121
1.7291440049246118 0.6308952645903176
2.041589643576204 0.4482288173369443
1.582893913428732 0.6185538657500748
1.6796678947576469 0.47944553656181643
1.7546996227130656 0.261304886858668
2.029097415974036 0.39949585748784955
1.3348603227893983 0.1268082433064312
1.6978700207238107 0.45171987823695386
1.2350508322337572 0.10885752673871683
1.4984802659287646 0.2333686852989409
1.7479976521066032 0.4952706838446005
1.3314195910228326 0.1378723576473192
1.8199675497294376 0.47965721067641903
1.4183340026398685 0.18813847490059832
1.658291822480737 0.30163826316071657
1.6120396791335558 0.537926789521084
1.7047591565027338 0.3101668929810932
1.823695729941352 0.369536427816004
1.6748158052572506 0.3379838442709879
1.2778426608456614 0.11563097631955518
2.0311665563522148 0.37869121935493133
1.027553261975468 0.020167873483543746
1.1644248627024134 0.08604236188766486
1.5520554221316338 0.42570183842433146
1.2643725162670278 0.125014909027199
1.3443429422097088 0.1690439941763154
1.5888751676448893 0.2721974636066819
1.5312973966506513 0.2803832485403553
1.0396932940030037 0.02353863995130729
1.013357155668849 0.016049631882085077
1.2339674805224425 0.11801873215884921
209.9238195042533 5.886014619497928E-4
1.8897667889601597 0.7445933552922974
1.6647655046250862 0.6634033904982641
2.9661127566943013 1.3831897463229148
1.9930412840614262 0.9532035478615415
2.5803610145893563 0.5438564044644965
2.7391764631369835 1.5914503938391877
1.6470045310345076 0.6126707507277296
1.815473392692764 0.21777770437577637
3.6233876474486237 1.497286457527444
1.9500110059985514 0.9554372024897753
3.1526345895053174 1.8054671625616758
3.246674894956472 1.4386648372939186
2.981936001813996 1.543778878140746
2.3548776110838476 1.114852230382361
3.096275954982696 1.7572169428278999
3.193415951949717 1.4834433168198717
3.016335206528267 1.7697332706911646
1.6575280935529728 0.7012757308617295
1.8739040730610268 0.6480511950714254
1.8222543023245354 0.22958711200532392
1.9087231860461888 0.9468775374965618
2.1372052845495064 0.3333231955900013
2.320529733244359 0.9995664451016708
1.8468672747175285 0.7185015018623956
1.546544980667755 0.19502215586629645
2.0320970063415693 1.0300408044522766
2.1421904366316986 0.3272827318929292
2.5128320330581317 1.2224103895637155
2.9909426943703767 1.413026230749965
2.200782061839695 1.103513772697874
2.5342962787674708 1.2642274189645524
1.7222073503603847 0.6630263914483239
1.82077637130064 0.28817158716825025
1.8794614674814458 0.6858040956990686
1.7417626312874828 0.2778571391385252
1.703033599497794 0.7146287127519113
2.133784622887093 0.41168043914903296
1.8158438206352199 0.7700090419877663
1.6267596458098679 0.22250713045220505
1.809170766435852 0.8160000852658205
2.3086399657430885 0.49438799276635764
1.8702245857116746 0.9078864424986486
1.6640901418062453 0.5463999168758833
1.6528495834175843 0.2701062201586705
1.6597887000361653 0.5966940085837629
1.6217586622204587 0.2706837446326362
1.9173309489549422 0.36091098542890365
1.6249534785721198 0.6302640994800999
1.8938361161267971 0.36107974555345845
2.1357107279031604 0.47893643262393026
1.5254016724881154 0.5645692561577901
1.5183263890974168 0.22177619591768563
1.5722188900387608 0.2433810733553297
1.8053717756307344 0.3334675716661351
1.4270562864515703 0.19122187797257675
2.044166233539146 0.9248111437702146
1.8402460647821302 0.8813990522303669
2.681911222196923 1.2662482806895168
2.2469097238939444 1.1028668104718626
3.105087054067185 1.3689707066808412
1.78035919574204 0.8171023060036955
3.0160697732086623 1.4019782505938454
2.2994979947793643 1.1779221727200715
3.116604990513921 1.3433413242794505
2.7299885022378554 1.4909405588519264
2.798732484846224 1.2870635870039835
3.198767945947309 1.4627202487656596
1.8399536762437814 0.8798088846365717
1.8373845876614663 0.8527192344212191
2.1963655255970256 1.0932760416303111
3.0337154670892095 1.3596342676509154
2.0073704516931548 1.0096297502099945
2.306485225828262 1.192400844046463
2.7945999518663003 1.2530497979572988
1.711760535709873 0.7429080496439368
1.7321103771354067 0.7887741053943405
1.8954803664628757 0.9262452149566275
1.5712748117723498 0.6139495850572781
2.5100967899281468 1.1599897656694114
2.0899518101916605 0.9656432805323776
1.9884846980157151 0.9580525798701506
2.4359268614211853 1.1175548062382452
2.4934950298292646 1.2258733126521397
2.2780591885132493 1.0775295272994223
2.575147357659458 1.1955271350271648
1.9557927920888551 0.9327654509135261
2.0467926613357044 0.9877925066821343
2.3483225311782663 1.1223043699815676
1.833875504944904 0.8479953103601037
2.1465417609987707 1.0191700427237806
2.2266946273078547 0.9870652971605909
2.330803607737235 1.0180729986528223
2.2046376682081616 0.9652402495244872
3.5039765979669886 1.8876614033187524
2.1251273854172332 0.9467346069594369
1.4077662956939707 0.4210533806421992
203.48350069129415 7.121547074745993E-4
2.5259572942840727 1.1232138606384177
1.5059855869150793 0.5169317830028592
1.1677313220087993 0.02783411333017938
2.703561426104121 1.4419088550933865
1.588378249806949 0.6193194505149235
1.6712690356740034 0.18402166162686165
3.5547644151385724 1.9298409748380476
2.4782831054020393 1.2613251944690351
1.774207573893356 0.7798596119590411
2.1354076931247787 1.006861916807765
2.066954639368928 0.8866527596455943
1.501481864252283 0.4977431409176963
1.2660684761452197 0.06693604542457215
2.9555799060271024 1.5255289709855204
1.6621152743077368 0.6750652443131588
1.7611583856458664 0.168702539383349
3.051185499355893 1.4737488258776357
2.2310452277212915 1.0293719943063708
2.645401146658671 1.4656942656004788
2.6703650120980233 1.2983577021984816
1.5942028982105145 0.5867235299976025
1.8870528015626178 0.2935012369714498
2.9775041872546075 1.3486322409475933
1.8123013438939635 0.8713700012493948
2.702491508975699 1.2968460370491894
2.3072255024706223 1.1332068577535133
3.634983480348941 2.0028878426144603
2.485354194461644 1.2657105445104913
1.8215749040002316 0.8292289699754061
2.5069174407921944 1.0914282619011701
2.038439072268682 0.9727580482197438
2.374223657517912 1.082261247437406
2.139438809779929 0.9945056660760645
2.214395379096852 0.9423444096261601
2.3451562625046103 0.9923099206083201
2.4644436893797135 1.184909644821673
1.985743827148888 0.6569312890710117
1.6576592226114608 0.6471396162446859
1.7063441114411813 0.0989893200738847
1.7705933578745223 0.5884773683997433
1.4916021318190023 0.12186552473976639
2.7843717237584897 1.2898322924654093
1.6377178188218144 0.6451503992096345
1.6420494031072925 0.6938679015725995
1.655839876211766 0.5719032299367923
1.6045636107715842 0.12044181450209623
1.823652193101767 0.7540881407396411
1.6855069334669728 0.17821293906684516
1.8287174134969653 0.8327933327842222
2.2495646814264276 0.46441826039297024
1.950906859036977 0.9009116238469267
1.7194484726916157 0.689281486536826
1.809936535800071 0.28457876564923135
3.346527695204851 1.4813726070136108
1.8293715795191887 0.8013903928113362
2.1997833225530945 0.47793333819797257
1.8508344046133351 0.8732970881137221
2.61030306789769 1.1829335874097966
1.6884749409381983 0.7469954483936496
1.76391235498611 0.8133659830019588
1.8796629267085012 0.8267192084592719
1.6297470787959374 0.6639059366061923
1.8369211490745931 0.5424989177152237
1.8201700537744205 0.24804035005047959
1.8888989268507395 0.5289996123090521
1.3812168068828816 0.13941360111454118
1.5959545411458975 0.5623178657938949
1.7288146928579429 0.32244279868060594
1.9426825429340058 0.4127672434911241
1.5429866851045904 0.1565140188439676
2.0104654423544406 0.5435928295140888
1.564789492480469 0.2130699937028802
1.7725752295775044 0.5585659656478195
1.9160139319190983 0.3867118726192352
1.7296531301196054 0.6430035449577814
1.7986151047076728 0.31000121753769605
1.7378328376234258 0.6104452394405111
2.041777877923471 0.44906122987927494
1.5851415843003598 0.6257327734230035
1.6922762546855035 0.46163921704193256
1.7579087171009717 0.23878830759709793
1.3368242577981881 0.1258963950089066
1.706511443477869 0.42905001184105473
1.2369549524657766 0.11220853782593555
1.4996610546181142 0.23323998094424916
1.7494304653120283 0.4954463238228278
1.3481813590506722 0.10702466150768702
1.8286913673933154 0.45147615764458104
1.4184184593793008 0.18816319562230593
1.6583110523530875 0.3016326983628245
1.6149894220872238 0.5642434494192751
1.7049372588759801 0.3129399519019305
1.8253943144428622 0.37552563177268244
1.676518601198555 0.3390206803308283
1.2783448028843303 0.11559076116544695
1.0307185892446122 0.020516797947872062
1.1646037409976804 0.08613637958344716
1.5607655479001696 0.4183453691528774
1.2672419132916448 0.12486189787109972
1.3445911045938126 0.16903882377967036
1.5889558078752921 0.268533361465176
1.606690989797474 0.3377243156438912
1.0402545144127946 0.02394648117219307
1.0193938214824807 0.017321257671247477
1.2387922369087017 0.12173225982694445
244.49876904953186 7.062511806655171E-4
1.8902036015551202 0.7445935730509418
1.6773721559265147 0.6436413851428296
2.9692277309893855 1.37486778405349
1.9934967641175458 0.9418542063907023
2.740543071899268 1.5915934266845375
1.6476704484629707 0.6126690293112667
1.8154999487914976 0.2156059188021036
1.9549381941465767 0.9496051971962413
3.1561393214058904 1.7871597660106222
3.247955602675635 1.4605095806612751
2.9819491645598726 1.5437658527836502
2.355718889828144 1.1150412480670704
3.096536570081171 1.7564214729800964
3.1945343283002994 1.4891997154450898
3.0165256882133793 1.7697554851281199
1.6633241333278854 0.7152917270100041
1.873919963990817 0.6480427602770289
1.8227653570564 0.21778556596417048
1.9091922218420245 0.9470071324385849
2.138202133584029 0.31337138940986453
2.3205597633798116 0.999532126700496
1.8646225368096783 0.6903985047700736
1.5477407069936602 0.19023306654931688
2.03383793095573 1.038223326279259
2.144334303494994 0.33427340369135805
2.516160238254861 1.2048693571435047
2.9911670488646873 1.3930147211353443
2.200880618927106 1.1032900661784675
2.5345163750273905 1.2644140073518124
1.7308051105012776 0.6440075635498622
1.8282616873410482 0.2923910698938032
1.8912501834529056 0.6649851547797069
1.7419274875656017 0.2779511582692447
1.7063004970632534 0.726841227870177
2.134462404102287 0.41404963121085236
1.8166527720425099 0.7666295953550694
1.6279706934293319 0.22356666681880347
1.8123046683076556 0.8061030203473059
2.311256550893704 0.4625301715847794
1.8704457376142696 0.908065941911498
1.6688599328765925 0.54156230009174
1.6557687618049004 0.2715705289363599
1.6663195367135497 0.6055885824299079
1.6224029337916361 0.27129589455284797
1.9199586561352926 0.37957689978258263
1.6252588766644651 0.6290545604248535
1.8940751481539277 0.36081741314840987
2.136145744391139 0.4795352297238381
1.6800494038342833 0.3491630641028098
1.5183336865803831 0.22177050310605065
1.5733531430798426 0.24340062641345975
1.809360163858063 0.34378173053424155
1.4283687264435372 0.19191657250135052
2.0442023548735553 0.925271275919342
1.8434714680557065 0.8800222072708861
2.682557406713199 1.279332834265884
2.247597359509973 1.1086873358666312
1.7824197841992562 0.828388707092611
2.299848184559493 1.1782354992657984
3.208202853431052 1.3132454765426838
2.73373072055237 1.4803014174515436
2.801349484931838 1.288183382875515
1.8425232830672496 0.8860016656578682
1.8374398565072658 0.8522109944070788
2.198394389709316 1.0979225383436604
2.0074492897302254 1.0095328990614074
2.3065874239215804 1.1935208531775114
2.8172392610338326 1.2669099250789628
1.711766496943879 0.7427976825432023
1.7321601123833106 0.7888553653368549
1.8957555791257614 0.9296728973405058
1.572384317453771 0.6067194434010463
2.512046805697867 1.1525840724140306
2.091022837129623 0.969504213791397
1.988516543301794 0.9580886876537755
2.4463234305752257 1.1118111821799412
2.5060706956564665 1.2263280388804214
2.3012913395035546 1.0603830345464142
2.588835182996873 1.2031913088834025
1.955793113374519 0.932555651622902
2.047105403506025 0.9876043349091523
2.348850680719303 1.122548135578674
1.834251133742596 0.8480011058981638
2.148020625787501 1.008517887698453
2.2271403193536172 0.987498252673146
2.3310997765898356 1.0179906167254273
2.215874724847536 0.9702887498574093
2.0194914583252985 0.9380533006845777
2.1671524732774223 0.8402685730507753
2.505959211189018 0.9613821673347056
1.2955058870290224 0.13983068003723176
2.991721450561874 1.394111736345201
3.1037418043581617 1.2641299210220154
2.32179327980914 1.064106106726438
2.007432694251074 0.8831470873362307
2.066329081217863 0.3391174351222588
1.5740227712927206 0.4022145328728762
1.3393449230141306 0.05449747153792191
1.7720472293897447 0.5887845431986507
2.1494879424738658 0.7222523148812856
1.9684540474008645 0.5156743227762236
2.1161293443984097 0.4742929650790699
2.523303630722697 1.0835270478042458
1.6305007987400704 0.6653674230193268
2.564564543729875 0.5644157348001753
1.8381195493053561 0.8048637025184315
2.706565886014843 1.4493638161945652
2.069607977421528 0.32828098612557677
1.6808040488112375 0.6397473836035177
3.0991868273295724 1.7683777707937398
2.7449800744640367 1.4812815537955246
1.8520012504240138 0.8820022676037291
2.080548231063702 0.756032417509373
2.444407460247212 1.0653801737858914
2.053425638065961 0.3581034861900797
1.959944780078482 0.9413700584166025
2.493358076275742 1.033915923605645
1.7024291195241577 0.5166834372793514
1.4258734035801606 0.4836809964010092
2.6913041231380976 1.265673875943437
1.84031672256469 0.7946266861690162
1.8063289564620306 0.5386427460821803
1.7644160831495015 0.523918622846321
2.3754226409704766 1.0789941784529644
54158.751009469524 0.06300166338550026
1.3496812743967412 0.10702453578609225
1.5650590631435923 0.21315736482990044
1.6737070490312924 0.7147901471728522
1.2858926421005643 0.12172792224911665
2.258554145156772 0.7030608895557078
1.6692435227714366 0.5333976812640291
2.198651119957483 1.0980515551826429
2.6123651674709887 1.03161361377664
2.2105627608448577 0.537540137666551
2.7163679763649404 1.2451666383046551
2.1724593798490073 0.3816978933972569
1.7662965498511811 0.22202737294913527
3.2854268922550447 1.5544273907396808
1.7627097328620431 0.6715018144962123
3.573986242676027 1.9365329315989714
1.1624346872674893 0.031121604531150975
2.956322217165021 1.5065196397585523
1.7784583577786135 0.48637761500080356
2.338582049672514 0.8327385052163113
1.6383268586430302 0.6484242115792812
