1.1106608504050424 1.5488221312388835
1.0395045450896923 0.5999161832904895
119.29491830651384 5.824038674142051E-4
1.2267468707331635 1.9564442200545311
1.0365761630131023 0.7626851160398433
1.1551016748618068 0.048371602681057946
2.508924199022617 3.14995126220496
1.2562439926619717 2.166732806423696
1.0614457771154486 0.870094642212451
1.5589697832228182 0.25138760497408186
1.4195065413699373 3.076282967388308
1.2263957823087026 1.9432471203368378
1.0770476907592095 0.8651826538726599
1.1787723186277157 1.542309604994412
1.3453496520472779 0.9425214724754436
1.5732469642450977 0.9414539582786847
2.166613973637154 1.5168601270225295
1.0647778652562865 0.7561009382997228
1.2410088806173607 0.09203277043935626
2.1714873047459715 1.833701904397052
1.073025091787272 0.951829061315506
1.6553603511742359 0.2830221965240561
2.672930532722365 2.8847947008181603
1.3709481750261392 2.499363167438565
1.369403223052387 1.1913888812933267
1.261452181182632 2.0558852068432145
1.8850656568112858 1.3504602960794911
1.5503865889345034 2.033161830652976
1.0305152889961224 0.8627967469884168
1.6931048978135115 0.3848513973124227
1.5487033466929119 2.5079759655414646
1.084824223190716 1.0466352300034374
2.025320257915039 0.5903526010071264
1.2367376760424562 2.1796141239592313
1.3025668034966662 1.1821124913308394
1.797181321202195 1.3098011457949192
2.189970298775608 2.4021647340123757
1.1694114503933677 1.924166554411981
1.0537906649442166 0.8739165580170467
1.2972467745402259 1.995549788879287
1.174178839903653 0.9974548223998079
1.4681522898142592 1.117269490489949
1.0994296398754884 1.5108640209538173
1.3725001906486407 0.9680138598441832
1.4480257798213234 1.0159432423897625
1.6085049872429433 0.9890334306590742
1.8545308948097208 1.5021209540912444
1.5264572802335092 0.953701569916529
2.0418269539241507 0.33900765291441226
1.0740108545041955 0.9129015131130795
1.6510856903989195 0.15727556032531487
2.8041691051909803 1.8567049167025251
1.5141980458689968 0.7907542257005984
1.4124890578496534 0.16745279599518265
2.031259565194565 1.6524237987805972
1.3370772269349684 0.7824607034358924
1.712439319680556 0.41743742305648146
1.0476381184865655 0.7518813901511241
1.501793431272513 0.617377897026782
1.5158244652536128 0.1791203820195414
1.4147903900031988 1.0553139351944347
1.5728431631303788 0.24202612633732368
2.3500252837947597 1.792351995069834
1.4343998748888511 0.9116065299379092
1.9417115975671684 0.5374686783609044
1.1794842075056458 1.0153025699410867
1.2512633627342313 1.1642446535143958
1.652580996067348 0.31829740380663557
1.5253113241854948 0.7845649974379784
1.875236831802038 0.5206932710651733
1.1630307092730319 1.0137681106881848
1.847824831701106 1.5616629528017778
1.0778355192215963 0.864938996374036
1.0221692547632295 0.9093972618255785
1.1639044823355227 0.841894941730999
1.088871505499768 0.8514477702592237
1.484010702196782 0.8149802587980585
1.6364305558063843 0.2936157922093241
1.556404819485674 0.8338821037802138
1.2772238284288344 0.17059792458300976
1.5702606882357653 0.5159508387379672
1.508160342401819 0.327705520010468
1.7048316562539387 0.7838660186762868
1.3988210892409374 0.2047881498374587
1.4923167305745615 0.9161284852269583
1.4199599983701936 0.24715196568561587
1.4958361976915275 0.7005988888177899
1.6462231992023288 0.40448194563392215
1.5391393406702205 0.6253476979347814
1.5871559228243002 0.3464630841160165
1.5871750661470958 0.6151538633243304
1.737598017868145 0.4886596319978324
1.929179659008951 0.5887183940929872
1.1116000716710122 0.7871411753460245
1.2070144043531055 0.7636796505591158
1.5487812443794302 0.3146091213389571
1.6472460817398251 0.6415696280534752
1.2230260810428066 0.14250137515105232
1.489623627192975 0.8861509892764019
1.1494743669603094 0.11635842217882726
1.32382201732715 0.23256899969058079
1.840235506981421 0.8227316031930149
1.2286281027581833 0.1547755033799053
1.371338235781052 0.792702348064694
1.2811200267278693 0.19376889069439868
1.4531034684471797 0.31375806964264086
1.136609657107368 0.799709154695377
1.4816296192041836 0.3242593808277696
1.56490392459132 0.3770649932594821
1.7124079251470055 0.4757322829399348
1.2314389350121533 0.7130200941374427
1.1642548228751848 0.12787892651260907
1.2765000799960584 0.6759497015807354
1.01867123447034 0.028063313942127473
1.1351529461838108 0.09246756613264245
1.3281302423561123 0.5131901631194102
1.160643496121698 0.13439874581700745
1.2089844880081584 0.16879959277126788
1.3904458029357767 0.27951437495856796
1.1452110709330574 0.5526808278931608
0.986220982769382 0.028517222970043676
0.9706891228102602 0.01870396895079001
1.1299761579225291 0.12393686060576276
311.43770055617733 4.97842352935319E-4
1.9926878277755364 1.3987796488435256
1.3281612207722318 0.9155634917776087
1.0825166397343795 0.8969109912333466
1.7639896639987027 0.3533508795320742
2.1096407641098502 1.8560330289175246
1.0970550377755768 1.0681355783618964
1.380095885175544 1.77591326095456
1.97259319699711 1.5133571213219628
1.482054742064516 0.948964688443958
1.671048873714692 0.3989428042485796
1.115515367147738 1.142118850032656
1.9270409633893206 0.4899500734809951
1.7521289514257181 2.195486755573372
1.8527177506431523 1.641499640461435
2.0582074059301845 1.657955212361124
1.4228496272442595 1.2418825541069958
1.8639248722062047 1.8661122829265269
1.7951638499259879 1.6179659867012655
2.3746668781978233 1.8434268792310626
1.1856790142954128 1.9226668382109056
1.1613443952041718 0.8898708342442194
1.8517016704934304 0.42270160718467475
1.5763292602794534 0.7835758886652002
1.713327502613846 0.30223121359234995
2.7047810347893817 1.913377212933152
1.1074850595336587 1.1488413272276563
1.92258992378818 0.4837621000294424
1.4789335518696014 1.179699350045385
1.6522874278542794 1.0622147821627093
1.4524178355601896 0.24449312178084243
2.7228141026255774 1.7542837574097168
1.2478523403117823 1.2505109964039312
1.9430470656194054 0.48638262483607386
1.4191557223259372 1.3614206923300476
1.1955367076487515 1.2418688094332844
1.435443069578224 1.3788046915258902
1.78205756665343 1.3224822779491283
1.1743975002965437 0.995777342826583
1.6522339380466846 0.35529234895164874
1.6699311147285656 0.6726994692666171
1.5703689486528363 0.33692149300979984
1.1504837382636508 0.9503564139387723
1.841779084140346 0.4952185163681664
1.3769363807364243 0.9885441018411069
1.514146923076453 0.29654240859798237
1.2738355936522765 0.9954917771784283
1.9705612330326323 0.5751582579492334
1.0360610766768767 1.0045720802038187
1.4640541009066814 0.6139962251093395
1.4775878337646522 0.3024359843591084
1.564131838496009 0.5242273555141148
1.44550614536164 0.2882706584016821
1.658306362204395 0.40903908518420984
1.244048470236716 0.7495109909479132
1.6534767917833129 0.4013229098470591
1.7956913028991133 0.5011987998510794
1.3196628527733887 0.6030747191296717
1.3555860690110069 0.2341116548489245
1.3979447780504217 0.2809833708439496
1.5713023602225076 0.37051003717607256
1.2839956545328663 0.20751858424987105
2.015298759533696 1.6032333072961447
1.2450276585737616 0.9886182931113903
1.0898053130333765 0.9624842181134995
1.8082675339541718 1.6448264805036987
1.2134595538005788 1.1452961626831886
1.8167487355621086 1.3602738510718426
2.149729081311291 1.7196430491366144
1.0583434671020635 0.9781845135800851
2.2903872334161304 1.5034045450298656
1.2114663405239519 1.2462568038769388
1.7490641212807467 1.4790126082819544
1.4295549357381603 2.092508165101645
1.6207137541144498 1.3878185247846662
1.7900976897710625 1.5232187757959663
2.394644574322541 1.5912050477502993
1.1305596855161497 0.986514744980652
1.3034459789062436 0.9666754518354237
1.1943284493685655 1.1172903976625141
2.092240608742563 1.8166673077006017
1.0971847708823657 1.0984103963835872
2.1720709987924884 0.7234510354440575
1.1876433349049837 1.2269612258003033
1.5659240024879464 1.3520937555479953
1.1599116313172286 1.0612357635957186
2.1035974934367263 0.6876996075332753
1.2396247928450084 0.8333158353055575
2.1206364601306436 0.7356262860097975
1.0285331728708493 0.9892519137192616
1.1480393508429618 0.7081866184855989
1.8648744273206233 0.573142845716512
1.258531199454505 0.9977358082116138
1.7406093856642855 1.5926022228152497
1.13305158638754 0.9824351830697375
1.4576863216553413 1.1290707222861447
1.568560233313463 1.8082350027037417
1.353702756579016 1.1122017711853962
1.5250876773615634 1.2254945761380802
1.8419972311973531 1.3482151709508767
1.7755055519498195 1.4957120401348138
1.0904280217064632 0.9588562754586546
1.1937846119643778 1.0108127402270592
1.3795032445444502 1.1352318798180767
1.0472952886770823 0.8617395493682422
1.1941291269158938 1.606705976406386
1.407942385668999 0.9881493311826035
1.4617007017953123 1.0223414151901165
1.6576555681770817 1.1308008075489822
1.3766930715340757 0.9772691749626351
1.6205047077592438 1.0008606660667865
1.1255771421634937 1.5346491378510594
1.0471530901563024 0.6136787980779734
1388.0540116807144 0.00474472622906047
1.236434064867728 2.0069336639418047
1.0762533116926467 0.7533145073602739
1.1620145713698429 0.05517200095727065
2.5170030888528174 2.9839472751843594
1.2617694604465697 2.1636840358982887
1.0619418525223143 0.8715033088728178
1.5590146974628212 0.2526856462188666
1.4523324187475515 3.1357963801190474
1.2413268280935152 1.9243817878140748
1.0840612633996638 0.8561959609021649
1.189260609477116 1.5779450491709124
1.3549879324454872 0.9489296027409062
1.573426123875453 0.9539916663363667
1.0688394075696093 0.7719464902595193
1.2416616987950913 0.09296743553437314
2.177466649364999 1.771454663657523
1.0933702302189705 0.8914046969097067
1.658002752364144 0.313213301987916
1.4432704908306349 2.3711756713249836
1.3771906392937732 1.2029538936020032
1.2793551361094775 1.9119156398928467
1.8855086750691983 1.355724508704759
1.5506943658954413 2.048586418354561
1.0972003821059115 0.8979423790654606
1.6931129023140812 0.3848427078327016
1.6360086362130453 2.1639993004982374
1.1005382756769206 1.0572100167229292
2.035441510576622 0.5956896477753053
1.3209175333111562 2.240900142495752
1.3045398188811892 1.1717316697056628
1.7972118208232737 1.3098112973090412
2.2119672968180293 2.39509945097337
1.170858793401841 1.9239013059055554
1.079958370646799 0.890851064890547
1.3026253670681613 1.984649765932686
1.1745483494123665 0.9975365365876486
1.4725850967204803 1.1192497254425873
1.1019452162014236 1.5152849113739846
1.3739039352253404 0.9689891338630705
1.4583279783275416 1.020141607423816
1.6093653388692188 0.9895676056258469
1.903188472234513 1.4323860897973986
1.5266045525150238 0.9541412301758367
2.0418917284766596 0.3382657833521484
1.0766522446454907 0.9112432987824991
1.6514505760214706 0.15739097187588824
2.8185826348020204 1.8731501307799971
1.5218932524183102 0.7722762114647077
1.4176338233520065 0.17052900554727157
2.0337927891952035 1.5328633137390524
1.3379901219646237 0.7803022467316238
1.7148319026414516 0.4206527600943957
1.0490310666187004 0.7560171016314328
1.5135969613744957 0.6015182616025103
1.5192605433360966 0.1898392129715114
1.4239628846770185 1.0318466443356407
1.5759877180976074 0.2595194087356246
2.47137163963733 1.9307487400536019
1.4363635671750736 0.9366884602339789
1.9565226198330654 0.5591218583586237
1.18132063847186 1.0165712476706386
1.3608756843937013 0.8027073437147202
1.6527100150935523 0.31841564955790674
1.5454038267483643 0.7846018181575127
1.8760397641711881 0.5147840659115595
1.1637217495191396 1.013079901912991
1.868109317646141 1.579285045851365
1.1133755056717562 0.8652517573907645
1.0794771522930475 0.9316890936694011
1.1640417586721046 0.8415476326482635
1.092498183094442 0.8501348602368075
1.5529230892152612 0.6954603426737448
1.6475588909472059 0.31435388019985033
1.5646397173645703 0.826510643536466
1.2832959363215017 0.16791291641067518
1.6389374097318135 0.4079178214294227
1.5087814370412318 0.3305408317867428
1.8575592420700027 0.4144805811294111
1.399074711203394 0.20486795012822218
1.5845435430360224 0.8420200819626609
1.4221114560507406 0.2444705964967277
1.509753502055109 0.6698019365059233
1.6470909823698336 0.40553654833508507
1.6074249839435328 0.5828083836144996
1.6008443956785539 0.3466411918637607
1.5901469466449694 0.6135751263183997
1.7413321747986181 0.49038279527594164
1.9399754484132608 0.6125169890449174
1.160186825248057 0.7348931759512141
1.225268804792747 0.7652679598734178
1.5512428613090314 0.3088988953351084
1.7316300980914219 0.4700879029640499
1.2307784501198962 0.1473577551346731
1.4900252141982988 0.8786566173751977
1.152804126240191 0.11712244566010778
1.3266662111768621 0.23411481484960758
1.2318585927751078 0.1612976826507148
1.4133581418409802 0.7511100142186022
1.2815372616097698 0.1913585244713042
1.4690825821512206 0.3273725694199514
1.1476218765111945 0.7961761887662542
1.5008588859500567 0.33794607082285866
1.5827380780964848 0.40178899801072376
1.7143870417942457 0.4650814893355693
1.2493637204781571 0.6733628012158068
1.164385979286477 0.1278819963298503
1.0278238867412408 0.04146183407453823
1.1354752037254987 0.09282255941730422
1.3283488434800896 0.5129643683065522
1.1607382761756513 0.134413551011596
1.2125173847424469 0.17096795401707326
1.3959826697419853 0.2820461232995555
1.2952697467214929 0.4571130700907499
0.9862522308536804 0.02592866649673973
0.9714543052854802 0.018755390612786818
1.137738049188679 0.12484834920752082
389.29024625743904 0.001309295016660556
1.3287227633715126 0.9145534541837753
1.0839741367535458 0.8969129084715424
1.7649706779576695 0.3584755563516464
2.1116332774068916 1.8537735363223111
1.1157375979237845 1.0781711339870612
1.3932256497497562 1.8440580387216334
1.974761597048035 1.513598749007682
1.5018026645891986 0.6828061329371327
1.674778782971595 0.36634436990959507
1.1174135928318951 1.1437942993833854
1.9276451415495028 0.4908538878661501
1.8177252056224067 1.9843620692207167
1.8679980510359215 1.6649683342249548
2.0603391023338284 1.6740719489346088
1.4297772933685844 1.2507778305476722
1.8681824932344275 1.8687764679772836
1.7997286510056547 1.6310445582548796
2.3776299733713255 1.87310991563655
1.212457415979543 1.8185779438648053
1.183991483307341 0.8594899421409676
1.8518776298764656 0.41619878378143715
1.576417601244246 0.7775130921769942
1.7568259009523501 0.25238817621439946
2.7165654702862687 1.9753448952153576
1.1668390877537331 1.1710148311084283
1.9235432253441433 0.48861397050817956
1.4798035368507358 1.1846956799798298
1.6748592435614356 1.0423495148508817
1.453088017240978 0.24744675858337017
2.7405805709426785 1.9003807210464962
1.2908346610112025 1.26630729610147
1.9444264750439126 0.4861519037568343
1.4228929089660118 1.366447872964188
1.229454018712315 1.2556610004077728
1.441704171092728 1.3807385111116641
1.7842247455912108 1.3240230164172078
1.4718318202866674 0.8857923016830795
1.6528813807813263 0.3465313102047887
1.681168457009699 0.6745173948545147
1.570665364172675 0.3367910166002894
1.1560484286449555 0.946485479594698
1.841860314048532 0.49520334718911574
1.380073671712744 0.9875084540936461
1.5168091834344941 0.3024818374686028
1.3084944234618459 0.9717148954510653
1.9724559454545778 0.5562311385620339
1.0451102269024783 1.0076908155706705
1.6682209876578349 0.43443955989584937
1.4794762338898886 0.30126732832772946
1.5856142853105495 0.49938067281095483
1.4455187563469571 0.2905039140962927
1.6600869073491555 0.4095496804528028
1.2555475784080161 0.9350065750345296
1.6539047958972737 0.4113201022675167
1.79569489633688 0.49981976078411905
1.4200598291909177 0.42564237463264504
1.356296713972331 0.2342737706621279
1.4045580944574265 0.28747523171243583
1.57606280973959 0.37276774103362664
1.284139452608588 0.20752051054685058
2.09681599906346 1.5095065832546706
1.2490622931478017 0.9912342390095152
1.1269299578004424 0.9548735696061414
1.855487350955094 1.6466745393374982
1.229300576388308 1.141746681739124
1.8221947959168605 1.3590212473056598
2.1641378341754365 1.7806016289652102
1.0627599324328716 0.9792176278816739
2.3222383011268937 1.469452903650368
1.2241299591357504 1.2570345328857422
1.7600492049579533 1.4756397576980582
1.430563520829201 2.083133024521127
1.6740052961120409 1.366709750373445
1.8406302698967045 1.5262890950138603
1.2594072984420692 0.9495335622713219
1.3078518714052112 0.9999685346672573
1.1946820425112732 1.1174879936047386
1.107971587622865 1.1049015908356512
2.1734348293153785 0.7474592848136121
1.188377291160637 1.2274670541204107
1.567648287918955 1.3521393362410161
1.2745794380698738 0.8118137846688985
2.128165848379684 0.6851039961283344
1.7239737466442038 0.7836139853192269
2.3229712861600076 0.8401368190712587
1.0605393407116348 0.9879496374783605
1.2049357636172817 0.6715911086159851
1.8763292885822764 0.5804754268661285
1.262015389665971 0.9984217357463926
1.7410718016649738 1.5925706246847935
1.139832642626219 0.9766811755478988
1.4682411698630125 1.1270112617093972
1.6138910171342984 1.5120286291298528
1.3680498497872882 1.1182200105551074
1.5255543905105216 1.2245190336589886
1.8439900326785783 1.3469776774925026
1.8117360380817233 1.4493982997707988
1.0904282916818484 0.9588562743894741
1.240701938744217 1.0133877663921345
1.3887068439932793 1.1361390297642155
1.0486237298124272 0.8625792002569551
1.3621750886452024 1.4222286005551978
1.4086249579075736 0.9886200775938064
1.469875096296711 1.0249220285097236
1.6596829063134915 1.1318475920913817
1.3783224484998697 0.9772922557834824
1.624499323259069 1.0033340849505112
1.3939043323471205 0.23514614607209394
