87843.29685364691 1.0257184204595606
0.26755882159405364 0.4950005434192124
0.16166749743656877 0.36046659702839395
0.1340367155354729 0.25362236650850223
0.12248809714791736 0.19596032898199153
0.14641355763699032 0.14728556981534072
2143.1692189008086 0.07901853541571363
0.6114231062088253 0.87437316321426
0.42083836858292695 0.6187197312342292
0.2048098749043823 0.2790031862453109
0.16150402169726638 0.19902014223782713
0.1607322950637009 0.15903464338856962
0.2333840075222719 0.08921756422392403
0.7449465059447528 0.9302180558221083
0.9714139886341759 0.912676918412745
1.4685168997978981 1.1052421543492155
1.0018354828356062 1.0489209875911674
1.3266982877511042 1.0303617405554668
1.4454724153103102 1.0143576487414738
0.7081282033299161 1.0002529346195348
0.42358496257837136 0.6653437454412185
0.2554451470853284 0.3789476595420414
0.1783359672099238 0.22773323655911598
0.17002550961257823 0.15338852630853128
0.27517656573423466 0.10610883812071426
0.9035400199863421 1.0160830298342527
1.7951545465121808 1.6436227442879958
0.7736897236300284 1.0073862996333887
0.8680336588791197 0.9903886531425475
1.1033683386207656 0.8795696928395698
1.9745882293459003 1.0340379907053732
1.0667102712107885 0.9983178414891163
1.2024862124061007 1.2031159820778567
1.3374945377926806 1.1059775956606241
2.2355954112434495 1.0762437573687231
1.5138478123004944 1.0942970169508204
0.5262804106757211 0.7965466517047973
0.278160074577963 0.49329421457990713
0.23738712534102277 0.3181647089867861
1.9777921013456612 1.092604209684332
0.2920596782468291 0.49588860103623056
0.20064989033538672 0.3316989666921862
0.8017755460293873 0.7328063413948592
0.18529501417225352 0.17035323484761705
0.7762141896181132 0.21124542263402274
0.49728830431236914 0.6669758825465074
0.5917767739296831 0.6963152843753759
2.5313863306276696 0.6831372432252929
0.9018735438710621 0.7550727072117172
0.4179386028662239 0.6021743119249787
0.3298264440628585 0.473291152870671
0.18879439421716654 0.2340987109261023
0.17043385491606666 0.161265646177301
0.5316844717666123 0.6212644395692712
0.6538460278191058 0.7964218039242366
1.3525885270916556 1.0249289231240488
1.13758126595141 0.978059731724721
0.19355964821822597 0.36192934142256694
0.24847689080971014 0.40723206635392384
0.7344067863898043 0.5053912444201107
1.3608509367472394 0.7258197567486084
0.3779310093790481 0.4735574910936061
0.17331987071639432 0.22551343265331666
0.17745876834990798 0.17025156233326807
0.5357439915154684 0.5206356993055921
1.1537886674092488 0.6231390037960199
1.1951696730278738 0.6607477293870975
0.3177470425354494 0.42846003683361866
0.255182011725252 0.3181411663544782
0.3950662165831878 0.4167365212064659
0.6016664949611633 0.590208644674429
0.19043432712131364 0.322627340456119
0.16563838149286633 0.24918172728466212
0.21414472881197577 0.1708875022662286
0.21813075945048277 0.21696570812849159
0.2403380309007252 0.10355670922406997
0.7092616239843962 0.36220308315870386
0.291770005545408 0.2920648448917539
0.2590741069620536 0.10347914534339317
0.9569983582872164 0.47643499170675674
1.1808470454025852 0.6493373177550452
0.13558295395791117 0.2061106302670958
0.15375539561697335 0.15806529102779565
1.6347449486386783 0.2634777883881091
0.22644184452293092 0.19553054026410052
0.9156335456069666 0.1562889752267282
0.3004768941310154 0.22999151394513329
0.9153948987429354 0.24207666689716112
1.3151549697855578 0.29396485289635244
0.1408707785400546 0.141513111911133
0.21700400380186619 0.10760730271540021
0.4219600984514891 0.1350008136657488
1.424296451736378 0.3311329064399601
2519.3981661033863 0.07858551241890487
0.837081710304235 1.1411966348744884
0.6830347162818886 0.9459611981778384
0.5106948894133063 0.5931171622418963
1.5869616207861972 1.1199528211130665
1.125957239993606 1.2382233465734482
1.7500395602730991 1.62451157248869
2.851613102076859 1.770345002079507
1.234288118945091 1.3634750607025987
0.5736693074888032 0.6088766854323197
1.7893609807953161 0.8413807647881979
2.843267973694589 2.0788013504837006
1.9961888756785227 1.7759691050855406
0.5323606586777131 0.7628121816664821
0.6511045402621323 0.8555876436007309
0.6282277132854619 0.5600753782165386
1.3251417682942708 0.6814987080732217
0.9832492829162873 1.1372723334422268
0.2526875808621717 0.10413431945026132
0.22394964547939866 0.10169209482704755
2.964630397296445 1.7563174815557197
0.3418398915124233 0.4512328577107152
1.611929560942046 0.8152738764240469
0.4289737924102246 0.48259408315759544
2.2659579253562594 0.7121499297146683
0.4613555802162688 0.3072388544946453
0.8417430449981069 1.1054022634484326
0.8489612452840096 0.9545815322083467
1.5098892442316862 1.1562860817043024
2.1462453306678433 1.0130565550004318
1.1328652186087562 1.2000120892188804
1.9056318812188837 1.2825450590487044
1.3841535378387393 1.381744054207382
2.28638854607623 1.5869611760854694
1.041292758113546 1.0543667017771616
1.7550643737758276 1.2156671651767426
1.2044283716071047 0.817971149305216
2.049166438150224 0.7638869989989183
1.0907589524197052 1.1068514472413378
1.3493405055925671 1.1060783277332646
1.7834279047809294 1.3019350507067902
1.2586857329584409 1.0546971156545308
1.4980264621971127 1.0841166627352843
89764.6817561738 1.025715730510778
0.2683568685750767 0.517970352456304
0.172964696431204 0.3811211864849374
0.13730616036732807 0.24841092635807177
0.12250615369070722 0.19513500629638317
0.14774677161856548 0.1482910287666376
15061.39049849766 0.10412829117847529
0.639178055961729 0.8497748130462194
0.4681356743881108 0.6871915798263206
0.2056843605005937 0.28676086490389424
0.16289805668086166 0.18679798744538928
0.17278349492197165 0.1375258416046151
0.24794452344959872 0.10279149153459291
0.7652028576223483 0.9164204686525912
1.146710142104232 1.1269427736777795
1.5024350678489182 1.0545080955662025
2.8241964447857306 2.0656196418094264
1.4636359309307996 1.0266493051705747
0.7282737163869883 1.0319733789359504
0.4315142194256286 0.6621888513548475
1.0103567942478664 1.050862935248206
0.20489914183122632 0.23020623628603698
0.17303353222552065 0.14989583475457424
0.2798379501208484 0.10402593591208142
0.9131706960728936 1.1127807710817392
1.830617992017649 1.675677129102112
0.7847169760487539 1.012581910856495
0.9173674333298909 0.9938118337439663
1.2053490025234666 1.0170023353840232
2.2066110981507894 1.0946057022800388
1.2538086977602307 1.3028234393365845
1.2458605818756778 1.0826215593921424
1.3838609480331447 1.0833303228560474
1.5876727995340083 1.1111886111940845
0.5264001178881399 0.7963186788683743
0.3735422231107871 0.5513229396331266
0.2394986249709114 0.3193004627655816
2.16687072689147 1.529559342216409
0.29218645404258436 0.49676324378603265
0.23857517201052492 0.3913044106501583
1.3850105799376544 0.733270226255582
0.2526631521595092 0.11904880876572162
0.8260803018818428 0.2405089317479008
0.5149475117251898 0.6264262710322046
0.7327464706389273 0.7930769815713552
0.9632768877906827 0.8498575911500232
0.4327469254656373 0.7233080876501081
0.46818877790955504 0.6151623809802036
0.3053048943446263 0.3977518949375684
0.17171473504485135 0.1630719791166365
0.6613779355720611 0.8181081557176164
1.361159924978832 1.0160944517730357
1.384484585455062 1.0191594617868052
0.20016490184880925 0.3462732315562164
0.2578823211628288 0.41160632378136314
0.7716846039466181 0.49519409306278767
2.063709629219699 0.6763071498543414
0.588004895422025 0.634769602069654
0.18389234909940197 0.2292218163596703
0.1838819257741148 0.1734813950337521
0.53590518182745 0.5098517288239888
1.3796578340215508 0.7643444827067897
0.3250534985079609 0.44875343531102796
0.28059972896599367 0.31536376305249847
0.4864452262429096 0.5434476529174954
0.71804470848212 0.6848519469301348
0.24320616280134233 0.3587172445097949
0.19114441215411312 0.2494805783731071
0.21577621218321563 0.16256809184281243
0.2632256929102102 0.2881921526850598
0.24068884645105507 0.10230989651866484
0.7347375427469993 0.34546359258692994
0.3006228585192482 0.39436470720257033
0.2596525569165139 0.10280899166502289
0.9815765027991379 0.5440279322031285
1.2271725709494592 0.6483052541012851
0.1358350359513782 0.20544408210873766
0.15511815189274825 0.157738344294779
0.24694673141476814 0.19053763679899405
1.529072341406621 0.20580449155912567
0.3045324636304024 0.23075461185056254
0.14122356824775661 0.14104558232323583
0.22839302128695388 0.1073848851205898
0.4274178129401381 0.1341681863237893
1.4264002444025925 0.32910570475156
2519.7934314616996 0.07865632540938769
0.8418877446573596 1.1466790247610252
0.694800913026427 0.8607241118488148
0.6238215291355027 0.7596396742801601
2.2572975707786416 1.1845197005559611
1.2021452489959312 1.269875981933576
1.8057204051191027 1.6840305105289564
2.881474147202074 1.7696101575369043
1.2733390011584427 1.35166424967232
0.6139488233028705 0.6059855374343519
1.9931076707043807 0.937147132018467
2.0092271289287726 1.7693112606825454
0.5844872897547528 0.8238524949432631
0.6915568328084054 0.928606672030645
0.6608640373740904 0.5598275680959899
1.3447252418583173 0.6910249694803369
1.0250145382730267 1.1576917678573064
0.22394964547939866 0.10169209482704755
3.8684822414613276 1.7435447568761613
0.47593263054350154 0.6950715739609732
1.6574484373113738 0.815105981514745
0.43488270623289477 0.5034170705151568
0.8260445030953945 0.4592675156937847
0.8442525811887598 1.106759535627543
1.1606641080277917 1.1016215561076446
2.5999063076602247 1.1919927318773194
1.1396991800574916 1.2039244643843867
1.4827397140005663 1.4559178507820336
2.291011479362989 1.5790821334211993
1.0860142080703636 1.0701791022451945
1.3087174355018645 1.0400054857263716
2.2854568142268548 0.7629444802562451
1.1260776184189334 1.1072790255399234
1.3977157260867237 1.1179287283460582
2.679807363128673 1.4348113667014433
1.6987818339013585 1.1059507985277377
227681.68246730012 1.8885727921578142
0.34074072390276033 0.543232149903231
0.1876232914286308 0.3496295673130259
0.13823262385655533 0.2472470761157219
0.16036646676928717 0.17526982777620398
0.1516251806951562 0.14026893305972768
15779.861261757203 0.11511034833783727
0.648073842600893 0.8401006293948224
0.20568914256001433 0.2867242923569316
0.16477194463185657 0.18505948276411005
0.19212372214532897 0.12078286948635017
0.24956314105503635 0.10315490924457948
0.8283532483604144 1.0268179970109867
1.1494366855634863 1.1268288581951418
2.0606428836786286 1.0489631116103166
1.4678147121953296 1.0343031319738794
0.7289066408722524 1.0329743821917465
0.4379920230172584 0.6730592476162192
1.2005190526889196 1.27578159573831
0.2060776248760265 0.22756441179350173
0.1768635681912199 0.14950513290915513
0.9567649566073284 1.1685571294147852
4.605904022389902 2.692211620436103
0.7876399742812028 0.9779857289131213
1.0231478460878871 1.0565974353153549
1.2964382311428753 1.1088525398623144
1.3417232080683288 1.1622176011238068
1.2461951433179117 1.136916343086035
1.4365146836161604 1.1028420729917052
1.7523327033130665 1.1150112769916545
0.7343213008319047 0.8870217036972855
0.25476758488012086 0.3362427543914136
2.1914033445692804 1.5355618387800773
0.30489764937372005 0.4987155087011802
0.2407340112637837 0.3990309814273041
0.2725831405112181 0.12006514273340098
0.5165357802989212 0.6704345538866925
0.9839976454645926 0.7197840220922052
0.6454730259793207 0.9403272610037303
0.7568027517965591 0.9037020195814456
0.31354607940926593 0.40748844249158334
0.18744719803197435 0.17877456822050863
0.6787266490475445 0.7908804731561742
1.7951792620103433 1.2373858800350002
0.4027021672706201 0.5807399837118628
0.2585054508454713 0.4121061995283473
0.7824481611623856 0.4970382714323204
0.6067228100476668 0.6889912518123452
0.19158994035995458 0.23839868466000896
0.18882042369338026 0.18327553428034324
0.6732387140825498 0.6590150845488136
1.430057058336442 0.7283682306503686
0.3446323774892243 0.45684883646906277
0.3220875666101862 0.2766623894191225
0.7242555275062943 0.6751638796101176
0.3471740370793601 0.3642557097308718
0.19193195911600391 0.23079893430814374
0.2213739579496165 0.1509301946051482
0.2919155340873721 0.2358482834768714
0.24305983069193543 0.10732171384887541
0.7559264723136929 0.4887236345599466
0.3497347389117744 0.4194707396654033
0.2605197531063671 0.10383347000579268
1.527964360491605 0.5816212180498164
0.13917431417983 0.21522650745721844
0.15760937352028045 0.15902583481136287
0.2589950345410845 0.21591267747253856
0.3331216299922883 0.25527185011310677
0.1415701963676867 0.14085221343791346
0.22846506597396699 0.10741751685206369
0.439801936702477 0.09785036780214776
1.9135268361192748 0.3760856911158502
2521.4409674720923 0.07863769793740097
0.8788985308523491 1.1377588316739464
0.7167188582807547 0.9621879311603807
0.7069813071482234 0.7938078807748233
1.8825373039382476 1.802701401747096
1.8812537957973992 1.6558116522204904
2.9843721164322288 1.7688814422622943
1.2755381513366744 1.38073579652327
0.775631687792903 0.7346860853100246
2.263290501855107 0.9195455183312861
2.2996233109665623 1.8130950364839244
0.6420771167723742 0.8449007609949983
1.011020532173174 0.8391897607631675
1.4115390461376696 0.6453996369542725
1.0313089166480673 0.9382110610664895
0.2239844414921051 0.10167600870645738
0.5567963818531578 0.6177447615020324
0.45694208841584777 0.48790447303581097
1.1215755278905741 0.4726470308190863
0.8598233455714008 1.1072569206571314
1.1839268986255913 1.172223853215021
2.6040492824402066 1.2279848477957573
1.184053629685298 1.2342874327558655
1.4938930022631935 1.416839270036218
1.3303054707086868 0.9680582070877226
2.3026324247360037 0.7630092365992706
1.1389649437761575 1.104900598363065
1.4015308719544768 1.1265886734165922
1.7591049255270517 1.208519946436454
0.41859750286256214 0.6554336161030955
0.21125533058976387 0.4328437039388148
0.14528366729023737 0.28101064243319823
0.1606607783988901 0.22750164395831168
0.15420550143807837 0.1414057241493534
31566.006841976217 0.1541187830323642
0.6563390832045473 0.8497325499775292
0.2075620921162631 0.28263009027975594
0.16598499279820841 0.22392797379623874
0.19270372729937776 0.12071440251913682
0.8338948222421563 1.0219111338784237
1.5775071156105778 1.0255135212110318
0.7630616915035682 1.0263778829113939
0.44698352920904005 0.6637738098780135
0.32243005643006434 0.32785286019935994
0.2061755465082909 0.14449645000925454
1.0021350451687654 1.229066435949739
0.7894553559234925 1.0288442122542656
1.1416302377143301 1.0470482571636404
1.3284130424101472 1.1248241963239647
1.348502261969558 1.162997186642804
1.4681461568841625 1.0865891954794367
2.264632901872293 1.0606969533575639
0.2729629862110257 0.3613218704843408
0.315288504078004 0.4907928811265122
0.24084540642986002 0.3991379369654103
1.469100081005414 0.7173643870564546
0.5289056606241075 0.7610916056957112
0.9930549127691692 0.8814302020967055
0.7412631385131705 0.9880851983716803
0.343972258238719 0.35264647494629536
0.1894647300012572 0.17145893042788868
0.7089040421149344 0.8625988412599903
0.5513866883899547 0.6316226575290538
0.2596255945614846 0.3285903313013419
0.79648287624966 0.7432265857987774
0.19636140181664496 0.24062534368654495
0.19337364364303955 0.17610568358165257
0.7077479253019563 0.6737143780944814
0.3478117782425151 0.41952359431847713
0.3551064334609848 0.45400428615166555
0.8891239261137752 0.6031327543431937
0.19420766375336568 0.24599785010728029
0.2241221318697496 0.14678753106795794
0.3563647346078046 0.3692595087738917
0.24899246719145923 0.11369299887675012
1.0098900757089773 0.3081749976386779
0.3667650285008948 0.4081407464084794
0.27740002885388215 0.11466936168238495
1.6550976620291467 0.502117921984306
0.1521976800624443 0.21114462557734293
0.15838110523479818 0.15772952723602385
0.2605438950297279 0.18960533740014324
0.333304995325462 0.25536899028337223
0.14157066592250683 0.14097842235004912
0.2831044455822284 0.1282017173730538
0.4733596504669819 0.15225207726741832
2523.3051122804945 0.07846152906931643
0.8859661170791048 1.075478750669876
0.7704171516754805 0.9768904789832111
0.7572822151776099 0.7617081310038021
1.9060711389558769 1.7192537398163386
3.418645329547159 1.7156523618811979
1.295771672036865 1.3798253700798022
0.8077090928506835 0.7709988574776735
2.307289728922755 1.7760815056301156
0.8546711630856061 0.9390553629824204
1.7024086211670832 0.8579433222261748
0.22418772005683638 0.10156690076038244
0.6382449738616494 0.6181813300917056
0.47892720215580153 0.4670353995217563
1.4026637787976082 0.6298608021630314
0.8652352289084775 1.0785160832426284
2.613185601185944 1.1701452478621317
1.193448012745041 1.275818782452518
1.5941423407691429 1.377579946155883
1.3418391179187616 1.0140812802586363
1.1637587728992012 1.105487679344683
1.5024523082509271 1.1015426345671593
1.7850438687407142 1.0830019022072293
0.14332113879888728 0.14074846468665247
0.1658166766952098 0.1978711069573227
0.3161915807032658 0.4956446370230616
0.8304862670325796 0.7656532612129667
0.4522975233133487 0.6293145548746526
1.1653320557373528 1.1802838149500878
0.16923265402229204 0.17959066646152105
1.6849144275930132 1.0516711844236153
0.19746976910546252 0.2440713839543393
1.1669080098798783 0.9557115499248157
0.49096347391558426 0.5012120326100142
0.24827041458504823 0.39899046490130696
1.824094167783327 1.074492263028983
1.3939967211603654 1.0050390689050732
2.766203870552718 2.0383896025053736
0.1565688724269742 0.28573909736551784
1.3534289869395826 1.2150903031416673
0.9619568111329481 0.1915583835689958
0.7299260129404147 0.8751748303094817
0.942843412059644 1.1335956203539235
0.1603992335870148 0.15114654071560224
0.2104877495559577 0.22220973141099543
1.3473337838757944 1.3872635844987564
0.25876454515526237 0.12842390411999466
