1.4939475084090443 4.051559020174301
0.72354177556033 3.057240033107787
0.5817083083210978 1.9980660393414504
0.6649251333634051 1.4558089989536496
3341.444360761656 0.9046421109659616
0.8948259640033343 3.8627209543692786
0.6623891191012412 2.200434266821996
0.6365113597037892 1.533567410176641
1.008744008291495 0.938794274936324
1.1384122956162452 5.198940704998753
0.8941006573883957 3.8605305541301087
0.8513138081418855 2.1567646723183205
0.640780026939162 1.6007466061748197
1.0121158612172516 0.9553853278771584
0.7291389400406463 3.026225794579406
0.6265389300063631 2.2400060279287795
0.6310955743211646 1.603392323126759
1.0368497164127917 0.9632079045389909
0.6067292537351935 2.017627813803071
0.6514505016118891 1.545145708531776
1.036569172747547 0.974789359852845
0.7110934950853189 1.4872627242835494
1.0505806818818306 0.9820362995513939
25466.399412473293 0.9921781411237434
0.892499873902754 3.7252304599649118
0.6304435851257527 2.2723339665546893
0.6628301423518621 1.5462825841969954
1.0064313129665161 0.9264711745350249
1.8320798806903582 5.1250495451079345
1.1956224630788697 4.220034164342425
0.7211535555898272 2.810098415275527
1.553247432195442 2.3239915240187003
0.8925259531361973 3.750064192069602
0.7312400529456324 2.8158807643812085
1.1203670569104809 2.070564708236717
0.8361547368352893 2.625189557878721
1.0455205133348513 2.1015283356134598
1.2702974231332909 2.1263629291436144
1.2229854327956144 4.952754817695297
0.9076649273676379 3.7152839559767195
0.666410175295643 2.419038469641104
0.6229259344400881 1.6074828201964793
1.019549296348127 0.9548617784810662
0.8843490658788635 3.8998335444467154
0.7245176224417366 2.8157278967790242
0.781897428536977 2.7283432726966517
1.4062223350636787 2.2741753024328406
1.0228127449897284 2.0378392427869465
0.7328996471035135 3.0632101343180143
0.6831234346216168 2.1732028896244415
0.6571702350166392 1.6166203536682597
1.0246785949932435 0.9198160014688251
0.9895509853641211 2.5946679333140263
1.824731154411443 2.3596167771884424
0.6033588718234021 2.019468135529401
0.6643391309356924 1.5570051607121644
1.039574425792331 0.9613218075639789
0.705317364622012 1.4754301906960543
1.061080448664156 0.9812830763281097
26161.506431710637 0.990989057730171
0.8655405473171848 3.810443264310494
0.777552201270756 2.6442581137118646
1.0495176543972562 1.9221617091338161
1.2446737398142602 4.021824823834082
0.7278649590197255 2.771588257074331
0.9737243941446722 2.031362305354544
0.8820218004283022 3.811773440143375
0.7039621653506508 2.766413575667184
0.9237896119426092 2.1027874490642606
0.7753071979372512 2.6417453196329026
1.094688490392256 2.1297435499078556
1.0544298557697909 1.9402500792848993
1.3010654047404657 3.9065608075610103
0.7159831661429704 2.760619465444346
1.0500545343200405 2.0999141862961035
1.2165259574586738 4.142147199098458
1.0595562588400869 3.710026437848729
1.1711391909458249 3.4961910295873864
1.0887051721225556 3.666778464433385
0.7229263494628759 2.77630884819461
0.9516682984185105 2.108176449279915
1.5255773197428297 3.4724986972572136
2.17622224444095 2.9599561011519655
0.7355725633888015 2.5515815387968765
0.9355285858941795 2.038361544251434
1.0277465095692624 1.9162224602881395
1.6161428920779133 3.9469437984851443
0.8764432253744747 3.7741127848955545
0.7272647765287592 2.6743256828386635
0.9989693291476571 2.0154408946750957
0.883160112600819 3.7952775277789157
0.7150946448035769 2.775367432144999
0.8997764343154809 2.1018767707413177
0.7319259874297097 2.62555677578198
0.9950212508129904 2.108302726032551
2.1548994055528103 1.9251904912539142
0.9547789817048551 1.9728006899092216
0.8707130286033883 3.7846232760355383
0.7253088455547554 2.7487193829597993
0.9364242865171564 2.089247730881766
0.7332201251448731 2.64426960989747
0.9460186537271118 2.109339194141187
1.810842496628611 2.92033425901019
0.9584261597210271 1.9749111406998403
0.7745212640847021 2.989648199247643
0.9721953259524708 2.6713814585595475
1.104433744456331 2.053460222380701
0.8038039234448593 2.629338302918153
1.2341872876152449 2.1559734233771453
0.9895287153218295 1.9792086603027779
0.7517434379332536 2.5548220546190423
0.9142608680867064 2.0222188147071547
1.0184906094945636 2.0331157129996558
0.5682619969707092 1.9859128589526365
1.0892459074943814 1.9628992766250297
1.2078925761917219 1.9900242073929553
1.1647469742940824 2.031995320195135
0.6512225852008648 1.4440076097576284
5.183681837829304 0.8945020075169208
0.8576997180781151 3.8047277668348762
0.610086100472243 2.2628353083147053
0.6411013033994691 1.5254010412987318
1.013541108882263 0.9517423219582326
1.8735102518253368 5.020279176530968
1.2888017134461522 3.9045802095839424
0.7656977509426581 2.8034866367263556
0.6126688388092786 1.6333638488826916
1.0101008274138394 0.9405941580021386
0.9040373121315609 3.7392978250803184
0.6997740754255952 2.716677747585023
0.6045727032837791 1.7112028622458588
1.018671314935524 0.9522122596570426
0.6293323196838218 2.2534833868220194
0.6212503594932501 1.6501050373636668
1.0256952287472687 0.9663711561657073
0.698759163395014 1.585515523295801
1.04068739344945 0.9483961749344307
1.1173256235476146 1.0434083846223152
1.855287288593245 5.0101732334203435
1.5482331531041322 3.942710440276819
0.6763922152708736 2.695011444298821
0.6159339784102829 1.6513873529645897
1.0059850107209236 0.9615466899003415
1.0662083183688282 4.712301728979629
0.7523568331284163 3.050967316782458
1.7508864877358037 2.2463141151771966
0.843867531906696 2.9178907996500647
1.3432558599578759 2.280894514465487
1.4293741904492694 2.2367732719522193
0.8718567066712514 3.8035208593683296
0.723286673535925 2.73584725330974
0.617841792521801 1.7034667570672006
1.0213124339017017 0.9272360812230125
0.739677567216108 2.8305473511295896
1.6440402527684852 2.62376884893578
1.468252858713392 2.4435182477345907
0.6307653099279813 2.262979977842647
0.6194981402208474 1.6483598661506818
1.032486735825248 0.9600234090148934
0.6764702257935266 1.5643673112626382
1.0580262604309307 0.9698541948741649
1.1238545059397897 1.035065303976531
1.2310859116819903 4.062321158428926
0.8054459747357771 2.784686769807105
1.6275496421627549 2.170382049719822
1.2048142551847076 4.134336229163699
0.7435888072398164 3.0263771858212696
1.6121572482969435 2.5018369592339993
0.7406194505912413 2.770013987520585
1.4090140111946243 2.30927770866261
1.116033251333164 2.113059452094013
1.3634815619422527 3.8948573046021293
0.7436643098440633 3.0543830957158686
1.1079705106242492 3.5139160778484984
0.698315133703195 2.777362559245633
1.4012666217270018 2.367133735510376
0.9267481385171807 2.0301166225167937
0.9339360512741854 3.6219463026753687
0.7822986976241751 2.865334587911229
1.6744986584404389 2.3015072461112402
0.6947566624329384 2.76891574276271
1.3850407083080136 2.4808655729906244
1.3978778884109728 2.074167860542534
0.7138510538202897 2.7993599280878
1.5664015982091612 2.4417764181072155
1.2798235511823355 2.2434726577364943
0.6538415400856877 2.2136222487198376
0.6349947596212001 1.523406331483476
1.00319539147738 0.9297423878036871
1.2075152205424742 4.953780042690625
0.8675392667297632 3.7774381359327918
0.6596732278408001 2.516246131709156
0.6394783525257982 1.5842669733371282
1.0144282121218717 0.9704152469342933
0.8883487383263163 3.8455939188843002
1.0304020069191662 2.703672218057904
0.6144826070250407 1.7039437991419288
1.0226931731085365 0.948314655467885
0.6794128678161743 2.365240899851867
0.6094381735860052 1.689294850858019
1.024446080856827 0.9508732225728032
0.6563618080842338 1.6242117174702286
1.031399702687121 0.9727867249565239
1.1120946285191087 1.030567477758212
0.8652724170176025 3.8656253294697502
0.6930606542517388 2.6601694208021396
0.6077321794221503 1.6977299840981466
1.0131267969293394 0.9594521029614573
0.735882909029358 2.811544166235549
1.3818656053789704 2.370135600691739
0.6388018550971524 2.4157528020507977
0.60862005814947 1.7038865322557262
1.0396224466299366 0.9739285830176274
0.6597563848228241 1.6216278709072918
1.0399375231892505 0.9500370196016448
1.123816326480962 1.0381204472705967
0.8852985240238326 3.7250515081217763
0.7257688468350686 2.776831308848271
1.1122149421196403 2.1526268990930815
0.6959009064832911 2.7573201047506464
1.436337955063861 2.445279742818456
1.2059240382174552 2.131329096592435
0.69394457922944 2.7601583262704574
1.4330105349600666 2.294498694014624
0.7065374877951993 2.628223083018482
1.0826530794791183 2.095669049462317
1.4442294836912082 2.1871776587034084
0.6224925773879042 1.5902071504452577
1.0019116985401502 0.9420539151215443
0.7201935991559177 3.055138646009148
0.6099728086150974 2.2623430205705977
0.6354562635031317 1.5921732864331244
1.011059234186215 0.9625706002981788
0.6022740670208385 2.2766536466322
0.6168753201143814 1.6377681192108648
1.014634619784231 0.9671733002858489
0.6539620332565633 1.6309803927881155
1.0171386725645426 0.9306293200877731
1.1034571926495036 1.008504958031506
0.6133324488673051 2.269105504112859
0.6053503573153224 1.6355770243459729
1.010554293090838 0.9533906103022461
0.6455469476476516 1.623408048078613
1.0374302969458475 0.9749296304635962
1.1155455755649832 1.029639351748712
0.6237365996030431 2.2459495311594746
1.0209820312240134 2.0625348156957903
0.6310994331287296 1.6020125369517526
1.0013419219868338 0.9290204510644875
0.6062542691478807 2.0098216866517316
0.6728010981999875 1.5551642092444995
1.017066743903608 0.9363412698901088
0.6712115178755969 1.5579038194060213
1.0040600373878303 0.9334158819905014
1.0938614530535467 1.0176324094950342
0.6720402758784995 1.5700780244575414
1.0250523228573711 0.951864591238516
1.1053900820894051 1.0272055731869083
0.6437811331680193 1.5370808601646462
1.0028576944918604 0.9317793017237221
0.6808802010479746 1.4487377527832135
1.0068027280978604 0.9484017555162935
1.0900319235315592 1.0332375087543821
1.096934840229272 1.0097357063985875
1.0127881059912027 0.9482644857872106
5702.01049191958 0.9020687303253102
2.0165180356091166 4.881026525831599
1.3632086714159741 2.302287693953483
0.7827815338977925 1.6756870086576647
0.924676309325081 2.1019399918291235
1.4561543658154106 2.4135598607909747
0.7867120691621743 1.5171584377927045
1.4340307112028536 3.7595768778406273
0.8049174424610007 2.6180716192537585
0.645290906575384 2.256608527871428
1.0794091908784036 1.9765096765708763
1.089772007343983 1.9634839553000463
0.7590477382245956 2.7182288862186956
1.5725521017176098 2.5158920545313013
2.0903227563978968 2.9552947488776353
1.2853187889377566 1.4951820944604293
1.2766149261565993 2.95324232258566
1.0598911488524734 3.8144452313490396
0.7360578301090095 3.052445385353823
0.9064415866243277 3.107895499746563
0.9785928661238494 1.8202450565690913
1.040023974687688 0.9756768278727717
0.6531438898742629 1.7477860468830475
1.204027434616325 2.8689542175511438
0.8392292557014521 2.8957657978989304
1.2229413968495457 1.114869691315833
0.721984305279906 3.0568937751787466
0.8703479951420092 3.760898722116856
1.5401872446494416 2.529033219842771
1.3201698637965582 3.2516669305185335
1.1546413405130451 1.9738496931681768
1.0527172399791154 0.9943092850196009
0.8719559006719738 3.78755041302556
1.020028953302816 0.9850520460095786
1.1034738966414015 1.0085434064485705
1.298032342325525 1.273218774106499
1.1035671900127044 1.0167309758413903
1.0267016704499698 0.9504283841681134
1.3880248731677916 2.111586725926478
1.0397768029129713 3.6271909717224355
0.6767054314937659 1.5948861109356052
1.2225943313858376 2.173537061041081
0.9016989643524511 1.723568883279345
1.0298060563055282 0.9986409779050839
0.6789996126923619 2.687440443946184
0.7387839756811386 2.8211270978610967
1.2936676659751853 2.129220300004085
0.8911472028732847 3.7937854905836677
1.6171119018321196 0.9843008000548665
0.6386215045995454 2.0454004789379123
0.7782020131356214 2.8289782022635537
1.0328696018924988 2.8348782781458635
0.637904112193544 2.2312697538475468
0.7321177884120484 2.6257636996561744
0.8996034853715275 3.795182950224589
1.7164317932282738 2.2322308947692804
0.6136193204297414 2.2591226301478646
0.6805175076926755 1.5558010559377593
1.1110606087623145 1.037477942039721
1.2612773734975118 2.3366287630559146
0.6472493500030767 1.5337383087125829
0.8072136540337206 2.7870098208072513
1.56248225021407 3.926460215200023
0.7818968301945524 2.592133677493235
1.6456492050631024 2.3043733509251445
1.0567820300015303 0.9739669376366548
0.6901182976047635 1.5850165622495804
1.3801069092790064 3.895304573965703
0.6523654835141995 1.5502491207919094
0.8908487900079306 3.8457971033879628
1.0447369408074034 0.9562711817639955
1.1436362421904014 1.963497047429906
1.0216328882334924 0.9544065934133912
0.8469766220698162 2.8050854808564365
0.6140322615168362 1.6939738232106234
1.1429768891299323 5.192032020186261
1.183635015499481 1.2566628893527598
1.4008804247296864 3.9905051769168742
0.7123579441905006 2.626138487534811
0.640274229391727 1.5379191068130456
1.0124987254869753 0.9582281787110426
1.0031411035928666 0.929168961938668
1.446890836151555 2.937597214879483
1.0234934870536274 1.3968046306751563
1.2779671806002426 1.953505342897702
1.2318765750726075 4.870231669569792
1.1983438980221868 1.9028059542463394
0.8447375068662019 2.897247221418404
1.099107621264866 2.242793951570519
0.6485286796350153 1.6323224954617808
1.1800034185837016 1.1924254044562
1.4419969684402467 4.023022983246422
1.0343995723501225 0.9676811584710981
1.5764953473399246 2.4677228010935353
0.8327209294843498 2.8712341990693195
0.8877340816746151 3.41734325923271
0.9467104968211112 2.088268584172713
1.139264796087427 2.232015351622481
0.8453672974056864 2.0731886263016355
0.7525340428324787 3.050543038931975
0.8142570530025615 2.648300867171244
0.7121625899874215 1.6067780685955948
38233.29163511521 1.048479518224199
1.0882040567983893 1.0016183196091404
1.2392902270699198 4.055413568414034
1.1255012821826098 1.0381607437493814
1.1879506945293543 2.8616263523096226
0.7476760219146524 3.0887533027640472
1.2247847146810025 2.0335977421693316
1.098728032571972 2.097539697617093
0.9758275548768166 3.8434169307915282
1.1972556156785439 2.9677075212868074
0.8159833215621913 1.538881752216891
1.0528849707577013 0.9986890825508437
1.1556655590337475 1.1395516064976423
0.6368703347376703 1.595672841389407
20063.833991543146 0.980861633724533
1.927942881825485 5.144851400309578
1.2044708378990903 2.298976353576225
1.585495445928735 2.6068557077246157
0.8007759793577597 1.5235145128286587
0.8084091599476144 2.2620472814274004
0.9166643051685578 3.6983061132555934
0.6832000202334739 2.1731629704646833
1.343591478278548 3.075000618156317
0.725798620699459 2.7597148423667495
3608.6047197694525 0.9062160831948691
0.7045660353663368 2.322036074972523
0.8871344082410437 3.8307336607680367
0.6305410303239469 2.273557119978955
0.9246372479195096 3.9435885958325168
0.906039976163156 3.7391099438150484
1.003204833891758 4.022719651206591
1.0184153775140794 0.9214316649611679
1.2741083391402959 2.135038989866942
0.6933293727016409 1.4797896528567933
1.0760623036958261 2.572316547551752
1.1646569920632173 1.1667317273227926
1.0245726017571515 0.9345064180271339
1.2817639313038276 4.016597217805686
1.2234935336198198 4.951327301291152
0.7277741287399134 2.778411179582266
0.8098016669462146 1.6694053415511223
1.570092892111896 2.0466194305778056
1.2915964977834489 2.7758712740339906
1.6958422398982567 2.4415503244869723
1.020397105331709 0.9511017416615994
1.009202327950788 0.9395170964744851
0.8843849010987299 2.7331116396734387
1.5263905544850251 3.4709764799942784
1.7714523592295182 2.3161564813525786
1.1648863320045115 2.0319908436041345
1.2214517388667205 1.1943035656071395
0.769139942022429 3.0448726047555423
0.7395258223380898 1.6821399976957658
1.3209873117834352 2.9371772023057323
1.114847772833584 1.8925967723529888
1.1168272146432456 2.1140717579638073
0.9580981780938805 2.5827019197242023
1.0181112223804365 3.87956238740359
0.7260256164009559 2.747235711253885
0.6344822906025124 1.6489545696985106
0.6623258853665932 1.5494998214853626
2.135936087289678 3.0505963531542317
0.9534715171017177 3.0446124283459515
0.7412102874636349 2.7488254912146624
1.3396535740891595 1.0578911403732763
1.0746869228174143 0.9954336866546896
1.3650066138455728 2.489545479852138
0.6230241449275289 1.6078761969056476
0.7006496652894073 1.5577691454351987
0.9317667820597634 2.025052992786745
1.1970254900238504 1.0821134267389723
0.6692525035715755 1.649385851733328
0.6083274670392613 2.2777856204557905
0.6140279657198322 2.2831877372881206
1.4569757346933152 2.2531160718572076
0.6963749153417966 1.5927133359169416
0.6163286570198154 1.7120204875112854
1.047499043531586 0.9911996358520405
0.7030293220221742 2.7188932247493804
0.8694582980352964 3.844804806355386
0.9907426718592021 1.730804711324978
0.6639184265810498 1.5406469378687928
1.3450020797590063 3.3621152783268515
1.023350942926319 0.9415367314521998
0.8884779347253795 2.1277904075777476
1.2939030470933621 2.1607051126033148
0.7337947467963056 2.7244368358460678
1.1932968610171968 1.1826169406798406
0.724478705257716 2.792925198511311
0.9247798365243949 3.6992157329791016
1.6473994279482942 2.4037913294105016
1.0290918681888774 1.9312438966411893
1.2065477637064461 4.1379495912468505
1.0822443983180554 2.249687177744452
0.7347093817864432 2.6427576292335555
