24565.64714541574 1.1776014592914028
0.2279149650863586 0.4656657105294827
0.11628343027687225 0.31855190516224857
0.11241549612818577 0.25167948552513975
0.13068731129640548 0.14153896822332895
0.1314672934433442 0.1403517338762208
355.7099969067226 0.07908205291316489
0.448271491208189 0.7856790277002467
0.2566001654353462 0.4600027773060977
0.21150709716637445 0.2615900488097513
0.14255468428239082 0.1692078735650263
0.16106291141135387 0.1450553063650285
0.5306438983467967 1.0037278099196871
0.6374811668594216 0.90759147391131
0.41021813363726123 0.433691643826405
0.1861826567757602 0.10467606628196141
0.6640442046500775 1.112761168060756
1.011566414937796 0.8761056554077861
1.0235130701002317 1.0615749064744717
0.56318937543712 1.1047254881063975
0.35346221904882563 0.7240042680893951
0.3118333497772366 0.4505824897500936
0.16475412804805944 0.1865090398503348
0.6813113329036129 1.2419686567064498
1.0220282838863588 1.3184140638239592
0.4933568950680898 1.0994325054539456
0.7930538449248172 0.8621002398200756
0.6680426138289637 1.1698699039420206
1.0695889383135626 1.400423949415101
0.6670526649509771 1.0529713373083527
1.0557804210273873 1.0635844652418454
1.1465222749817858 1.1369607628795322
0.998472195520882 1.1038756541681214
1.9931845432329687 1.1097716238342135
0.1843524065995316 0.47461716471052506
0.2656628015857937 0.38673705789564844
0.4582503694354229 0.4897859876024557
0.33333886119019207 0.5976775659104978
0.1944212031488394 0.27606213839169713
0.28677686544925063 0.5246272512723771
0.1773516777067683 0.15785039206636503
0.2108957731903891 0.10323407656638965
0.5369003975483615 0.7021514819285577
1.1305701049400945 0.7215886689757852
1.3147023077302447 0.7305857245952818
0.2991013877381187 0.6344297527263176
0.18341774878536748 0.28055498237568655
0.2855552196822577 0.2763272633269791
0.20389684600834965 0.1406365227587258
0.3676976497200766 0.7007458721829741
0.4328254654939658 0.8079024085951337
0.7676765294195935 0.8367729966982477
0.6939709130630727 0.8412626790412525
0.2036405383699421 0.37539673273417556
0.17275915784319204 0.34288721038779957
0.8375989499333789 0.8797476235230586
2.4026122232734552 0.8242198298068997
0.17013019180552683 0.3209105558717013
0.17840139590500464 0.24924280013245464
0.2709116724883456 0.269136142444423
0.9001036241520088 0.5389416718709048
0.19910819964757712 0.42097696114072874
0.3005200784820175 0.40033159330780926
0.4054923379389923 0.551879565837042
1.1931249058818163 0.5918504287832493
0.1336231440383126 0.24160459262911682
0.18787124491628077 0.24179084965506417
0.5113305955886438 0.27652024579632684
0.14342398959611702 0.20352785021254916
0.14763756142093176 0.15681493062685897
0.18150549815927391 0.18707119055591231
0.2532870652173403 0.10952821556537647
1.4166681838229518 0.3361519678831551
0.17158535277159304 0.28985355500458254
0.18896507093771256 0.1608023150195566
0.22599985680655277 0.10215763973676162
0.8524440289552828 0.5039987848559011
0.1567071674063202 0.18319171718811475
0.14662113017140166 0.14531396282548692
0.13892573132818403 0.13529446423543046
0.193042436624721 0.10797198504351517
0.8495432969096044 0.1742883414339464
0.29603646258481386 0.23311331869171323
0.13218333137409602 0.14068939064749808
0.18941062915045437 0.10921791956594434
0.19167096826065605 0.09461304640482354
1.0780603294700757 0.24765402869785183
26.815421694960836 0.07839082657149761
0.6167571135032311 1.1577510413207122
0.48282635725798334 0.9733304027972363
0.8479086777493576 1.0520289257249629
0.7102764587954028 1.2805436024576198
0.8119675417885528 1.0854574005488098
1.6379266789514795 1.6610927946067537
0.8064123106665451 1.591145787364772
0.49249395231065984 0.5751096006920142
0.18107331920357633 0.15762414364762672
1.1301333142942858 1.8907290897155957
0.3643950565743402 0.8126746878425073
0.41448658629816126 0.5620869010825562
0.4317951518957609 0.41065364736490356
0.4451420657023677 0.872766965723363
0.768490768878776 1.2055547383903031
0.20674733544717838 0.2470842082453697
0.18937807487071745 0.15938173362349728
0.21630652099455924 0.10286195739850224
1.3581150111302458 1.4911861272390865
0.32775219882821294 0.5737955735968301
0.9942546217295631 0.45193130151545086
0.24583787470666213 0.10875242901548754
0.23148530989064692 0.24922651947620938
0.3105249012021215 0.22050597212785988
0.484808033172876 1.0782991634940715
0.8089671723162639 1.102884033422078
0.8549563136661754 1.1735687692620909
0.9471907547565941 1.4494702931953745
1.4820509569760756 1.555419084506014
0.7575158920942937 1.055746458920404
0.5826970940120523 0.8135626376383176
0.9888929582490552 0.5780658287236584
0.6698833429346982 1.079562458482848
0.9835336157030216 1.1664241623354814
1.5080308008038474 1.2365321124917537
1.0647829240096907 1.081246409536596
26244.865763649137 1.0025765266684834
0.2304004026477753 0.46382765101609186
0.12547159124181095 0.31838420540417084
0.12425079913390004 0.245179237736929
0.1308457530245743 0.14142949742087052
0.1339963447409287 0.1415443072122986
403.7978613991142 0.07935033770500921
0.4486078238280268 0.7748246913555898
0.2960267166823643 0.6734222866101115
0.2117331407909787 0.262183644205351
0.1469190426583819 0.21793948757828926
0.16571420769708256 0.14910539425737923
0.5433829361498528 1.066724831172984
0.6394066818434656 0.8050895745165159
0.491821601029689 0.5729005180227247
0.18644163234322075 0.10519665179204268
0.7288661653271393 1.0856580913123683
1.0667227443860017 1.0293142174736687
0.5634929126510798 1.1027520180660468
0.3701656321656505 0.7282706683219038
0.32541372471152097 0.4683653659141528
0.16510833586055915 0.17626517844939338
0.7110178749403303 1.1593965673992055
1.1943429113959014 1.4811674582622496
0.5072590454471291 1.0291227015041557
0.9365464274360525 1.1939042713274919
0.7142530477070159 1.1099997484144897
2.210234009196556 1.4464771168034116
0.7436880541011621 1.1083605120951463
1.3155640212385513 1.0635640221872287
1.2043177395482654 1.169742730218256
1.0449995871536069 1.1087752841604677
0.19253735980047554 0.47536821781231103
0.3108303877196214 0.5543673738449506
0.6713124481498165 0.7333224071642559
0.3868552588696925 0.6804422787415731
0.20161059006041945 0.2714954737892707
0.29909953471607315 0.5710599687915765
0.17801777455131138 0.1512616696350616
0.2121617060010505 0.1046603727033224
0.5371800238387633 0.7022914850258104
1.7394649210093525 0.6790473308404985
0.30372553931352697 0.6233873737170513
0.18632917948339808 0.30069063463412476
0.6244790518311096 0.6374757130246621
0.3751732594823887 0.5730403096813721
0.4329929610132211 0.8223657405311657
0.8074550357668384 0.8620686088993917
0.6963181439938658 0.9020063190923908
0.2100586354470136 0.43594017708790767
0.1736146939959916 0.28820859359318957
1.6303510996698796 1.0710712425339628
2.85542395524243 0.8253683290114333
0.18328240893582198 0.28602879043169316
0.1961818682591772 0.2951956944831488
0.3490113523272277 0.39438157588761974
0.23571746113488068 0.4407863272732793
0.3122676889996966 0.40552421548426404
0.40691180837978225 0.5518795785927824
1.2283412160067064 0.5915286404397674
0.14197803057792796 0.24110180507480816
0.20147319713763157 0.2698639525981013
0.5944058073632179 0.35699729755283377
0.16715197449565689 0.22657750034272217
0.14771010703733173 0.15662752340178862
0.2613468407028294 0.22733256975315558
0.2536997729544238 0.105661259859528
0.18149226333677718 0.28966473772753376
0.1903236298583943 0.16184733241364824
0.22602643444208875 0.10376249375984395
0.1611068373222002 0.21240838792273317
0.14786214644500997 0.14897496427884696
0.15360977563367428 0.16085727943799258
0.1936111150619291 0.10824767206001688
1.296114983223004 0.19444497290606305
0.4089415633267948 0.28369008320811556
0.13241998724062673 0.13999690099840068
0.1953746345627243 0.08230834017267244
0.19331416482369107 0.09495224918582584
27.378461534640348 0.07841938667035803
0.6255801014658677 1.1562126518055427
0.4912492408598824 0.9723245473147789
0.8732830906214254 1.079419174887112
0.7405868431412564 1.2835511187361746
0.928813982711981 1.01155952552003
0.8276748391752069 1.5965214602459268
0.5190153407456668 0.6690836435624199
1.181269564460317 1.7994681368862677
0.3703872328822474 0.8119403703268908
0.5700659012473034 0.6828026895335313
0.43472574943696674 0.41067575915227017
1.4770348258182842 1.501140234938356
0.20805016136643834 0.2463483960710871
0.1895805821081365 0.1592327782212684
0.21669679309726714 0.10356230114106313
1.3937403241494974 1.4163216758372141
0.3372818783284445 0.4652467126802792
1.068351799335833 0.5264130367782135
0.24989852508843635 0.11668609366426874
0.40666439457184456 0.4678449723150179
0.8764906831153404 0.4538226180851003
0.5115525810137683 1.1101897406878412
0.8313369524209713 1.0772004900001682
1.0648728866722088 1.2366747745429696
1.0829606217854029 1.463922992477778
1.5481057492717532 1.7270177154976507
0.8358193196839422 0.8674867062395819
0.7719318184365057 0.7543198475807513
1.002238287028269 0.5780180466044236
0.7445710524596755 1.1489071406048361
1.001534523609807 1.1666897800257754
1.8404550392782382 1.2161729850757967
1.0649291239074414 1.0812513969025268
34025.862916363585 1.6275200730468706
0.23041349201025085 0.4444834637366331
0.12599422457057954 0.317761576453467
0.1397449927747078 0.2641523286711166
1.0642162384263085 0.7226505427528276
418.22389688581575 0.0793497050772266
0.45042475494967166 0.7368696321162373
0.3158201277486009 0.4983196428488838
0.21184303417550862 0.2620447297261025
0.1470620760460542 0.18653263721771984
0.6123945678269338 0.7453483163341764
0.6423431366022958 0.8499608097436997
0.51812000358438 0.653836843756508
0.18935936995427194 0.09728745982112041
0.7298245054076988 1.0267285835334483
1.0685407776657898 1.0928034237341848
0.5650935149491721 1.0847611994499706
0.5729745224752585 1.0749511972673904
0.3254758516555202 0.4812833581278271
0.1659876696954634 0.1763109799662082
0.7267482423078255 1.2948956209063618
1.2547169481695486 1.4811466389124837
0.5115866810744713 1.08768928215771
1.1199397567803646 1.190578808047565
0.7480546055975511 1.1699686776624532
0.7677763001676265 1.109031292949615
1.123587785728326 1.111098282095744
0.1958268936323159 0.4970810189089721
0.32999144337235964 0.5763910058010311
0.7022594240270532 0.9424884166568506
0.20164676627770972 0.2771925609547067
0.32480680036039894 0.5479604202408518
0.1791216330673644 0.1575016465368287
0.21381133186305595 0.10457479950044346
0.5441640704736297 0.7056431338004773
1.818764905541647 0.6570635925639389
0.3041400221477364 0.6240726781201502
0.2146489921142598 0.2740604551381109
0.3756793049030487 0.7236597624599463
0.47243489244085246 0.8493408984130029
0.8173386590354923 0.858735750475625
0.8357677476367098 0.8631186291651332
0.2272263198727821 0.3465368881574155
0.17476823191661975 0.2720927989829074
1.8077607340182886 0.9071821262849882
0.188488084189858 0.3518163956178214
0.20001549164288895 0.2700391302098059
0.3548871571066402 0.40028084575965883
0.23717537330764232 0.44148958497125623
0.3677306299947929 0.4372330773224013
0.41355320353937947 0.5538027518805719
1.3020436267731275 0.5662821326809659
0.14215132263900915 0.27775697162688257
0.20732206784684049 0.2483209240573726
0.6434275013671272 0.38486199955502043
0.1680514934073723 0.22710392303082227
0.17955810011799384 0.16814244556458824
0.26181622857788095 0.22392301579601226
0.25398376155015145 0.10535708877135784
0.21293297162777672 0.27848351421682793
0.19032401959186007 0.16184911878085384
0.22627918647218714 0.10256683843196565
0.45319489058922285 0.37644884170606807
0.14992620655288366 0.1478955281982351
0.1547438370425792 0.16098559055136577
0.19630020456997416 0.110122296508382
0.41085068669901004 0.23498357890577434
0.13262436335139813 0.14089743886160627
0.20810153557854028 0.09959868650104597
0.19347594399711318 0.09516000428404481
30.17566750778367 0.07842465938931006
0.6259062239293203 1.1576618106333698
0.49187789967757123 1.0150740507107576
0.9029047005712938 1.1235497713278018
0.7653596350909425 1.2766501619439028
0.8412863463629354 1.4662683265754868
0.5972322016038343 0.7157934944180879
1.3530470076315368 1.6925069676427857
0.37284613990929294 0.814069639757407
0.5791673567601503 0.6828237385351026
0.49506345638159255 0.5260893322113522
0.18959007833647795 0.15918105473012384
0.217182008491765 0.10498643799713298
1.4700808475695488 1.5014449550169464
0.3389623720328918 0.4651677491775959
0.2574190548712703 0.11590754700984346
0.41548124733012604 0.43000243906357555
1.1609995291759687 0.4825070868537678
0.5147800244971186 1.1039614008827687
0.8792652278524948 1.0832490197485969
1.182535336999297 1.25750484099952
1.1943292778049013 1.536598683624177
1.632399376808488 1.5138867542580394
0.9656735672763597 1.0734642659724267
0.9250618709599714 0.8442474277462997
0.8414781831565128 1.0872406486377053
1.0759714056562268 1.0821551460895629
1.871734855163379 1.2006317863244158
1.1415184752319092 1.0843001929433733
34297.612631312746 1.5307279396842892
0.23478066812716133 0.41369943243407264
0.13509884214483853 0.3111073069570704
0.18598509488251574 0.24113219612772124
461.3883221470342 0.07948832394652766
0.4776390706382399 0.8985932842933007
0.31813567635885337 0.5022407604546599
0.14777278030678181 0.21867580380039853
0.6232992566443192 1.0724993672257612
0.6451017965870984 0.8243563571043588
0.537140843864533 0.7076744304384153
0.7822734366985442 1.0582958638338753
1.0817456604646258 1.053894408563612
0.5750525852180848 1.1026296410193854
0.6257523302159005 0.9010086399576915
0.403664072843605 0.7740857604384811
0.1668728009711059 0.17586014307080294
0.742457167420542 1.1071030323204063
1.554111638131809 1.6524758833553594
0.5200709566371948 1.1189998081460713
0.8036416009327423 1.1331668812404634
0.8414511803836817 1.1082999110508287
1.129536476846764 1.1080582353599002
0.19936678517851125 0.4749358874639903
0.3301589879697016 0.579560799622362
0.916398191159661 1.1212020338257664
0.20269787004605733 0.2857903999024585
0.3708003217158595 0.5107573368189573
0.17924023848776732 0.15759831762625598
0.21401518100154776 0.10449701967459196
0.6071068459173704 0.6785373544717878
0.3054660837453199 0.6244766091889531
0.29765822141399884 0.3889447961318734
0.4300479488320435 0.7525621713540283
0.4744116943438962 0.8525973457915749
0.8310307331474948 0.8587369376835583
0.8505535277568028 0.826482963367865
0.17607534744117304 0.28752274628967295
1.8663969510587237 0.9197944113509675
0.1966295747334724 0.35644379153479844
0.2187113457785947 0.2862884072565508
0.358841170075606 0.34747937318672223
0.2659228117754583 0.4399359809044667
0.3771050200222983 0.4264620955764475
0.4200624588748762 0.5524570605686114
1.3076171540609378 0.5662567713929008
0.15564857284104097 0.27999423819101205
0.21835707118196634 0.24917432940062664
0.7624603312552412 0.4832643073523805
0.1841464090736103 0.17476649102455347
0.18169411623773374 0.17317604427971608
0.281733442355112 0.2359417547409098
0.25411835411280487 0.12786664943816006
0.21810929773753915 0.2742183112632661
0.19048064317020624 0.16191779792074884
0.22628611503687845 0.10376647478615883
0.1529589030179253 0.14978892058502333
0.2950034541676857 0.20471533114832605
0.19783872672577418 0.11101475891473848
0.5676991705321249 0.2282583780666245
0.1327450473279076 0.14095461472796111
0.20852652124743393 0.10000585494014141
0.19384406025265358 0.09463385802965422
33.5770303716385 0.07843946792840796
0.6559883713868095 1.1428172680074955
0.5000308058038162 0.8988784873972644
0.9675209932117534 1.1188598070777582
0.7837706627200374 1.249784389915887
0.850277129531513 1.7185104492625116
0.6253720874554094 0.6582800043330702
1.4175179393541253 1.737889157629973
0.37394348027967655 0.813341967389084
0.49591966049329006 0.5274326198061443
0.18973287361358862 0.1594947520504179
0.49980223852023564 0.13025999331119442
0.35073451460119526 0.573790064043104
0.41600818140131235 0.4302362864202628
0.5245808096673884 1.1240013201084014
0.8813776850659769 1.083751236822436
1.5389204976087 1.5506979096708229
1.6446213593852814 1.6541293521426723
1.0764407880795188 1.152646145364721
0.9074436977030793 1.1102300686230142
1.1766396706416 1.087894634798171
0.9194646945409471 1.1497773512368232
0.1958244232160094 0.16575261713476497
0.3905045452980994 0.6852598630539091
0.6258169240033116 0.29211679135856716
0.39396504489545225 0.5543728606598297
0.2190194703743014 0.11933221682509909
1.0931514009682766 1.0862599665274215
0.19277898170704338 0.23618748515690613
0.41661733822212443 0.43034747074226465
0.4366321271272287 0.682532616319373
0.19969319930341867 0.09515627326347509
0.5318711718664764 1.0885040405380626
1.0921210783969209 1.0479659556665204
0.16693385781725673 0.18393243398074471
3378.5463158724347 0.08627263294180154
1.0956176348564628 1.2043082339224669
1.1381232949886047 1.0682129240560059
0.19752412359484783 0.2827520943023413
0.6609322257586729 0.7128354681718292
0.7319201124921428 1.559220506358369
1.3577484415723589 1.2098710219001785
0.8534728656622885 1.1034004030594302
1.6514143059736484 1.57656905627094
636.5860401917106 0.07991372187856943
0.4794478495124028 0.9189848816123836
0.20316913550142315 0.2856544462884174
0.7936978490944743 1.1381576157530418
0.3189635325573853 0.5104116983171763
0.9436091647795564 0.9461333610747368
0.9180676696201878 1.0644567634384727
0.218680389759833 0.18512023149388263
1.1477630761853597 0.8292119884321123
0.5257966227975297 0.540364411339
0.4338433336016888 0.7364479558843262
0.22970088031674873 0.23880986796205866
0.2502451732040718 0.11850845831559141
0.5645416023628982 0.4741608851605449
0.7501104755884087 1.4456914481491074
0.5102898689163482 0.7987018045932481
0.3374846571470835 0.5794951328520936
0.9854249806078232 1.150744633132996
0.26837458918965656 0.4703490144638492
