2.1989306448176045 0.9944106419871368
1.4372117770836743 0.46215544151404353
123.42895619914518 3.671542361662894E-4
2.6537533968555342 1.2668805402679846
1.5370748711986666 0.551704905202035
1.16627630942879 0.024962451665194566
4.939767344262304 2.6704744772289764
2.7713137406238255 1.4016962427204889
1.6246195777386707 0.6193532902513504
1.6497475446969139 0.22399974871208628
3.8695237950365273 2.253764555310683
2.567793106031742 1.2623687802450847
1.764295687570553 0.7927931269840739
2.2109108436992697 1.0361514628977337
2.001639101285882 0.8717846447268758
2.1846108919231426 0.9056953099093327
1.5386914664378035 0.5521913457163732
1.2653037436407342 0.06972933784650182
3.089122483523345 1.4249754741668412
1.6896833824223367 0.6843529787566489
1.746896554040001 0.17643162801446233
3.869879027614644 1.9449351424366728
2.1790146004780677 1.0304517677078135
2.681192523427713 1.4716651166932315
2.7616063946916567 1.2796445392887517
2.7662904435804396 1.402117412266077
1.6269756023703792 0.6388717588011963
1.8320781788584233 0.30729822460510003
3.1117626209129265 1.6062634847019233
1.8035193496757846 0.8476903168215546
2.3271210557102697 0.5263199551097317
2.7754820222865595 1.3706621180593466
2.209717656661201 1.1240231640868572
2.99036544527352 1.2913717428876734
2.569202420126869 1.2655447346187436
1.7868422440482972 0.832421343025581
2.5733738567539373 1.2835495614112475
1.9699773571783266 0.9778729556459915
2.2585983636711777 1.0831276985571154
2.2094409220835125 1.05578974069022
2.0578882182004854 0.957403115242683
2.1538320878445028 0.9864825356252761
2.249729572193539 0.966651674421755
2.537052524959581 1.261285017290124
1.9740668836590705 0.7061249236240863
2.1677656135196455 0.26613452886513694
1.6902870757794064 0.7239954872449545
1.711525136266447 0.11190213869383123
1.8050963342965805 0.6614512991912727
1.4825166916381844 0.11920514435406503
3.027821534793964 1.3963921301427686
1.690771851411756 0.6568593523838286
1.9713740884027877 0.44828511842114455
1.61971697122849 0.6797851952221677
1.6918713978861897 0.6208608984527915
1.6054049704545204 0.12007835702339442
1.9062205230056608 0.7348408419671368
1.670802487010688 0.16631144355451177
1.8802250636373457 0.8520815611735405
2.1635247470232626 0.4444053187270789
1.9030931778003577 0.892707638476956
1.7638844981648467 0.706384163597265
1.7814925080464963 0.26881832589454785
1.8782132718881763 0.7850406751693113
2.1383516288869626 0.4898328540089266
1.8350121986918215 0.8843555953410107
2.932034786667412 1.4448161536294906
1.7170333405153242 0.7417714481492701
1.7514664116069554 0.812798402565182
1.8113204079178882 0.8215502176863734
1.637261394262706 0.6937993721074843
1.898816781869279 0.5127668165480539
1.7885977161912767 0.26474265061178986
2.0057272420725196 0.5874526518540893
1.347393237703229 0.13461445242995645
1.6931645483190065 0.5120307925731455
1.6738290784540761 0.32308055184986384
2.0481439719767818 0.34785446882153526
1.5183981110829416 0.17841817337980082
2.09233752578868 0.5424573391277729
1.5332395047188134 0.19706570916219557
1.7709222680460128 0.6635040654270743
1.8519747346690725 0.3811782045671352
1.8155132829944947 0.6342493643725864
1.748571386341835 0.3033934270156448
1.7829279750292388 0.6318252421668362
1.9652783665154425 0.4480173427287545
2.2583939030047944 0.5688624025993304
1.613097459209866 0.6325809076424096
1.6580841513869442 0.4815371681754936
1.7165690291672338 0.2524300530944539
1.9967968091825319 0.5575044879473172
1.3114957984488795 0.12711601462293443
1.6957710734017775 0.4908058327427456
1.2029549953081602 0.101809798411578
1.4521040994843009 0.22963259345875414
2.1758481170779778 0.45175237101537635
1.3093275277530911 0.12739933432683023
1.7854400107590171 0.4477489351723734
1.3807988124012867 0.18739762609097987
1.5943623507908766 0.2900400608195281
1.6235046623819342 0.5748464808464548
1.6521063567935423 0.31302416259311944
1.755841044598059 0.3728432191741071
1.997610474487274 0.48754938121079616
1.9253751220941429 0.3855756391401073
1.2469924077094272 0.11475365253883363
1.719204629208361 0.47260330884856977
1.015508330699355 0.014259738260414047
1.1382456175439222 0.08343837905663977
1.6092871231442007 0.4331014178948873
1.2349093761777268 0.12224468793439897
1.303273043001383 0.1601972076252221
1.5361974296625105 0.2726960081551538
1.496583034446061 0.37710244664626486
1.0233990934475707 0.024074652735531745
1.0014985151629374 0.015470093577654226
1.203544523414042 0.11333860997675234
137.43668139447527 2.916952419001139E-4
1.8605516855816027 0.7363945865360966
1.6935453339915016 0.7218490808425787
1.9069893625808367 0.23213081902742294
3.6934613978179307 1.7467795759689497
1.9646171270784247 0.9425955249795539
2.728941287684541 1.59039319236883
3.0075303426249604 1.367858579122423
1.7112050956351297 0.6099440592955547
1.8060772621541088 0.22382330273193285
1.9607174849103048 0.9517622050189494
2.150648414673537 0.4607410976433119
3.188343903783064 1.7939810186314271
3.0659372821351063 1.522229274688562
3.0693113028282113 1.5534514591951663
2.270895078754613 1.1338925946085954
3.14499673662778 1.7516847246574279
2.99051985490408 1.5256200448528656
3.8704203482187918 1.7878687581050237
2.937262010182394 1.773399701964871
1.6970847277746568 0.7475402720336848
2.118733706346484 0.39308298077897663
1.9141694013168418 0.7393527052513241
1.8087928679987446 0.2298727071368983
1.9148068990054612 0.9284833954893076
2.099253495635899 0.3258961514136579
2.2404088090390184 1.0091525318129015
1.9504449798669474 0.6782496255469939
1.52923569829196 0.17557303945185487
2.062879723147717 1.025850425087092
2.101765659543839 0.3378126324971809
2.4208744893779732 1.2233788217961432
3.1841395508108645 1.501054015305693
2.1378409992359217 1.098590863411457
2.425443329109612 1.2583409499243101
2.587186068774521 1.1156576763650674
1.7580660931138579 0.6974160824617729
1.786496646852821 0.29073468743416664
1.9193138012450837 0.6872345368057441
1.7062210316702662 0.2674043045296957
1.7444590306295065 0.7282850624840913
2.0717234392687147 0.4139865052395111
1.8757690395053026 0.7328613727673661
1.6062189305295052 0.21471012399795206
1.8443030250148078 0.8398086745773543
2.232977189337328 0.49306436545597176
1.8399117850447948 0.9164691216385144
1.7176451112990454 0.6412930316670593
1.608689223171468 0.26683953373051417
1.6690535614088087 0.622447695160709
1.5726825569118885 0.26309381652184965
1.8667112012066842 0.37842445040085926
1.6539971820098978 0.6269586911666744
1.8331860197963676 0.3577712287484818
2.0698931304139943 0.48597228904960654
1.5493561455428624 0.45632316189539435
1.470812025573077 0.2161772097783149
1.5237666656783941 0.24430030001855912
1.7439135246822253 0.33663496868925147
1.3869601818594515 0.18805031024090635
1.976648759039619 0.928580054406827
1.836333159020517 0.8886521499585646
2.78378660558054 1.2863878757774305
2.160238963782714 1.1014099599403118
2.8807300173388866 1.3667969377935651
1.79785769495374 0.8228330616028194
3.089311934406962 1.4273106121277161
2.222374921774259 1.1773104997676196
2.8495003774490044 1.382236462610297
2.791611503089829 1.5028121168660307
2.633407202196768 1.3104556253135191
2.9782334986495247 1.4724855770639302
1.8272718351795258 0.8822760671103307
1.87676011904364 0.8607172332664865
2.106722767712733 1.0857885897464037
1.9799967710315682 1.0113701335427374
2.5742217345267124 0.7258951337737545
2.216298586631387 1.1843836593434829
2.5638260200943987 1.3180507534163037
1.7414304577321575 0.7466673043097174
1.7479541616000587 0.7879547588186507
2.5018182993466027 0.7066119605123521
1.8569065991545597 0.9242938575094227
1.5893572820687607 0.604900989176276
2.181629060501607 0.5582152792983865
2.290760548067102 0.606506991828091
1.9488150482400313 0.4635811429588337
2.6198798726928367 1.2237087113778413
2.012120317772938 0.959991706572736
2.783671606967944 1.3296320124159657
1.9242892018720525 0.9586170043843736
2.3015051348172744 1.1269236418670663
2.5727687879462797 1.250050544131368
2.1803546476684703 1.0879628570739552
2.419514066006485 1.208668429496984
1.9085508125358643 0.9327317891538774
1.9665609864754385 0.9876074144799059
2.2272534683938066 1.1155422006972715
1.7774496813183278 0.8466273083624432
2.2129449689715086 1.016895987295118
2.1156989154833368 0.9772443130674958
2.184986613735483 1.0199967798303287
2.454384625011973 1.1215704539790532
2.075884737947294 0.9713412124641394
2.199478836149609 0.9931934525892849
1.4408024913423512 0.46707705435316543
136.22458717932935 4.2009767897327466E-4
2.73167817622125 1.4589841228862268
1.537672471074632 0.5582339447234963
1.166434229998101 0.024791632039769033
5.042360779594935 2.8354061330646982
2.7738694464233276 1.4111396465118953
1.6253279403376284 0.6222055248603624
1.6570592701196933 0.17085224339155208
2.5714950408654937 1.2686568024187497
1.7663891661538564 0.7686388451661607
2.211637630878978 1.019315487909796
2.006586751287281 0.8711131215880532
2.236062800945544 0.9321995905920797
1.5388120170805515 0.5664247665243768
1.266482066626829 0.07036168688385913
3.094749275256298 1.462924852297541
1.6901000379996662 0.6913434904774902
1.7476014435715714 0.17503955105232666
4.019076446604365 2.1895147189615427
2.182223840291128 1.0599032556933516
2.6816405002251584 1.4705946970406891
2.7739157770686607 1.297578874953019
2.7665328792777943 1.4037572858915353
1.6271088230705253 0.6388585957793274
1.8401804160797082 0.29969812780827765
3.114266455176349 1.6543191239770552
1.8043084276740777 0.845112814747069
2.340465372791866 0.4759858533521325
2.7771254763894637 1.3866383430785016
2.2098063325279647 1.114289489436533
2.992196404068857 1.2920170814425063
2.574851292900214 1.2943525035092098
1.7869877490640094 0.8320340339564282
2.5736707626209645 1.3073406628598025
1.9701027959191195 0.9777190068377856
2.25995646966524 1.088747530945227
2.209580749539226 1.0432229288589066
2.060043038872896 0.9584813709439473
2.1588122684214 0.9820525815805834
2.2568581477234853 0.9601100701608023
2.5372710526663824 1.2572496659768848
1.9741481043566218 0.7064199513689864
2.169038950932737 0.2501958405000029
1.69086010445606 0.7302734835953923
1.712103104688385 0.09605987120966455
1.828576586564755 0.6106775375910822
1.4840649767238872 0.11915908414376357
3.2386002625606354 1.602454432092064
1.6921488328269398 0.6491800247327557
2.006991286956759 0.46616307566606974
1.619718924332577 0.6820896281725245
1.70307695752908 0.6231305178461491
1.6055451412630979 0.12002055980787274
1.915675385855696 0.7485148596649037
1.6713617757454817 0.16818121298350563
1.8802476269033224 0.8520671075455609
2.1670387942222487 0.42138124137315874
1.9037131411063615 0.8936563800416633
1.7650961454255967 0.7096533890759862
1.7815008079811396 0.26882725504469995
1.8786429633301158 0.7983026718500132
2.138398795420475 0.4898311860686584
1.8356951820144776 0.88224707127289
1.7174450516523323 0.7438302058833148
1.7531624769485215 0.8098049809316585
1.811352838145575 0.8220985990641475
1.6377465704860987 0.695764663905294
2.000846632349836 0.38471444971467866
1.7892239118423305 0.25202543003736594
2.006621525211676 0.5859292961681186
1.3750141476869444 0.131451832481869
1.6963383052443435 0.5192154460436638
1.6743514686636591 0.3228703307767354
2.0500968893871323 0.3468892451829616
1.518419102290908 0.17756645432099583
2.2141706739185976 0.5002113970305859
1.5343746021488593 0.20200820181482695
1.7764466335122377 0.699125442810857
1.8641648289541901 0.3865979634030071
1.8350589150267345 0.5735735889433788
1.7494170490764165 0.30405074442882396
1.794218547754381 0.6067371158797263
1.966601286127164 0.446914482785548
2.268232868996009 0.5707147341555312
1.6136781983240118 0.6231716715557619
1.6594606118590292 0.480282121480803
1.7170540933793133 0.24851162352277556
1.3114982387259033 0.12881199402279442
1.7214484083817119 0.459445386648886
1.2033020715623122 0.10167481153458367
1.4639594977766643 0.2350601958169612
2.1985437327225403 0.46985401257763915
1.3121808334040281 0.1321744590505644
1.7884603679902855 0.4535046163673521
1.3814552971284353 0.1873844977853179
1.5947037190707611 0.29003989347541503
1.6407559001961451 0.515214307821611
1.6521075018739635 0.3129591078491237
1.7560001639897522 0.3729346985277926
1.9976283210131023 0.4875499487485821
1.9460717575710893 0.375874758301766
1.2474934197816754 0.11052653683975613
1.7243642734261142 0.4721754828315836
1.0191042782252189 0.023396852880328625
1.1385238191407991 0.0835273105854903
1.6097142123974963 0.4325452681996813
1.236774069940199 0.1238706167516507
1.3043530185933334 0.16393307763372242
1.5363574005374272 0.2728130890108582
1.5022111439444026 0.3388021671662831
1.023582624779752 0.022883705289734126
1.001543003925074 0.015477173225598072
1.2040807681388148 0.11337144035587915
203.66414301360373 5.243950151295889E-4
1.8611838356837023 0.7379322067529304
1.6937097173249454 0.7219688952966212
1.910287543631744 0.21738686968754556
1.9652537357934718 0.941268918011881
2.729001107463648 1.5905137634113313
3.009534310867215 1.3708967225284552
1.7129715825010179 0.6047794619974836
1.8073663325186073 0.24555458415445552
1.9623201989676873 0.955779268418423
2.150951185475805 0.463470351307047
3.1890780362555766 1.7885839872511349
3.072450524063348 1.4696803796049105
3.069320290845578 1.5571716214155598
2.2709127419025976 1.1338722699099866
3.1455731533721663 1.7521217974691479
2.994225193196338 1.5285159477171617
3.8714608080772788 1.7876653673756207
2.9386028152321253 1.7744129558956132
1.6992881749366369 0.722604479716698
2.11935274354026 0.398849718650514
1.920870313637283 0.7571308970913927
1.8111933532647675 0.23190622681270312
1.915786217553704 0.9400419393277021
2.1022360355261442 0.3318061329356933
2.2422612286136108 1.003238135114781
1.9527715791264462 0.6893573204698534
1.5297922777108814 0.17387266629706588
2.063435869147245 1.0234754136458555
2.102131789318701 0.33734206923409144
2.4238550026862944 1.2196382777965147
3.1900108630210715 1.498749516588542
2.1387669361856076 1.1018543361292135
2.43005234789387 1.2122456442528495
2.587962314184309 1.1151684799475057
1.7662911122763179 0.6514828476147778
1.788924712389961 0.2874793752071238
1.9208908612210023 0.687757387412393
1.7063024221401752 0.2675456570192801
1.7446578311559247 0.7254618882461787
2.073091511113262 0.4164643697188404
1.881262017599267 0.7226258399943557
1.612701033382932 0.2762619192084594
1.8444969986265782 0.8416000073136701
2.2344350401565114 0.49256238510388817
1.8405399951437447 0.9174716740320178
1.7675052365216173 0.5616876300080833
1.6089209719561155 0.2671363048650361
1.7191540771940825 0.7481515549687693
1.5732548049021557 0.2630793007442216
1.8708697188119063 0.3469018961408315
1.6568550420215324 0.5982933331950677
1.8381304712887507 0.3443865078764466
2.071633984457171 0.48744815484353865
1.55773197059216 0.45850525676086257
1.4708569387225803 0.21620970588101857
1.5237819837586193 0.24424578687040716
1.7472254588819585 0.3441139537405393
1.3869653015150591 0.1880332195252721
1.9766696105663586 0.9301009834279463
1.8365007772193378 0.8904693448284273
2.7868112974456025 1.3260469000921125
2.1602539027282 1.1012525875069286
2.9117801639054997 1.3832389830042668
1.7978818716617795 0.8228985103416964
3.1082627525236473 1.4525055159391589
2.2242681053276745 1.1911563407851093
2.8497433264640195 1.3825708360390325
2.793350346839576 1.4971831243271472
2.633407667267078 1.3104546369163586
2.9783440394328684 1.4725266390908482
1.829384018401834 0.8884026149282918
1.8767988157868194 0.8596897455345809
2.107208984096987 1.085349552123306
2.4270868012995903 0.8207268763518675
2.217475379988027 1.1804342608681668
2.563929816914818 1.3167422022386028
1.7418195796787064 0.751437667738134
1.7483010039903562 0.7889943055243909
2.6268206586488727 0.7392878097588089
1.8569836244980724 0.9247297158125429
1.5909430925467165 0.6077310311235515
2.2249104776529887 0.5799257669990178
2.743402425787191 1.3382535846879149
2.0149903548240786 0.9608631890530206
1.924440703486475 0.9586973875695327
2.302291895934259 1.128879608340425
2.5863361570570174 1.205268594764852
2.180370864993108 1.0879170362500779
2.419980010942976 1.2104234170322186
1.909236636638976 0.9300247290284622
1.9665944901171164 0.987644494706232
2.227288569782976 1.1155585511968578
1.7775965994704666 0.846740045837149
2.2135138711183506 1.0155347637242296
2.1182781914315116 0.9732580953110581
2.1852948943438335 1.0201561921596582
2.5083618898745472 1.1687048356927534
2.076070210971321 0.9712517370636375
2.0848241560692573 0.9489819639644543
1.6198431466164185 0.6822263146925178
1.9121035673549835 0.34067114195086906
1.83917854340259 0.8850771030894086
33211.839459839386 0.02363241414950743
3.003804275293918 1.4835062884790562
1.2500557191436417 0.026204519323025224
2.0086239857028514 0.46118008136067384
1.9677838391440732 0.09469370859318121
1.7107015893160138 0.1347235937570468
2.337642527193024 1.30348663845157
1.8381746844826359 0.6009073417580926
1.922657981103364 0.7036558530000876
2.4140385061719947 0.6277291008164074
2.326821851544938 1.1448412493254163
2.244404366067127 0.28199378070230463
2.1233088204718933 1.0965567968528402
1.3331146718983788 0.11206342559033908
1.9730756865967904 0.9476021247940487
2.8204936128408753 1.5586100885407885
2.4126315656555932 0.9970815360555406
2.2400545585769143 1.1337009363592796
3.1925486522516033 1.4864249752411143
2.3741071886496403 0.6742656818909083
2.0552426793377743 0.5613387028555616
2.65062039530323 1.3345540700934517
