2.575475007944748 2.732428154302697
1.6918824446150182 1.9137590448078314
1.633466601793414 1.590906324110353
173407.74264801788 1.0312406783948223
3.150838188741143 3.1433237652808126
1.8220071313033355 2.0341934503371366
1.6129606012761248 1.6314999214008445
1.8237233808017466 1.1949025403488343
5.477843513341041 4.568520711536479
3.0675263663624905 3.066652782197089
1.8978352616896483 2.0632446105569757
1.6150161244843226 1.6865296979807627
1.829980425929178 1.2205651779074775
2.5759475454180065 2.763504920254884
1.8016449885538672 2.0280659725080286
1.6029496319897625 1.678085513469656
1.8307944236014393 1.2262457888980052
1.7106795228388831 1.975621438057617
1.6156156168134048 1.6343047372858726
1.8322508897851417 1.216024330663867
1.6796786838844109 1.604525540327848
1.8517172329532774 1.2372334053220826
191084.03964331263 1.1023151373763658
3.624436383740149 3.3355426649890823
1.8179094930378863 2.0200886117516994
1.6089324075687628 1.605243795228481
1.8270156495367 1.2245613567361775
5.967556559282624 4.709391712091165
4.020581019765129 3.6064751963493062
2.557594972357613 2.7186857139959013
2.6860385176636403 2.203571257920871
3.0449645191828436 3.0421050372684233
2.5598403805900043 2.7249739228217447
2.7665613197411494 2.3687369720980804
2.5933696780097186 2.582092792031542
2.7026033388426955 2.236786652363376
2.885166551432339 2.1703191064712843
5.452134324645858 4.482653453583771
3.5841722269106615 3.4743596498162983
1.8841630962590818 2.069669628045743
1.597831327365303 1.6687794940745964
1.822717647187742 1.2215059623099893
2.9883285160938975 2.9739910892296573
2.5327379049560537 2.7191876266040973
2.723966403327774 2.38180616926516
2.5718150521986134 2.6827928940291303
2.6376238571917296 2.2663376878127086
2.9921534226460347 2.2027246091018973
2.451799810914838 2.6903778141104002
1.7758801925215328 2.0402554738571728
1.5889011836628777 1.6571178632732118
1.8149767589132424 1.2077066302335937
2.765431781344402 2.775879994217748
2.740668624243623 2.23396499505043
1.6815986343903155 1.955399257408565
1.5949309600330652 1.6168983373497
1.8150141480666442 1.2087865112029132
1.6567386951235452 1.6022676193372127
1.83086555602301 1.221931773915715
185652.82751358245 1.0816798582212663
3.6318494719218513 3.445034334479544
2.5458624754324592 2.6413438223141212
2.772741133806109 2.1482720701427924
3.8698869477473767 3.5360140284601385
2.535240943623265 2.7070934314291057
2.6813566539980878 2.227632207519283
3.0006023493991316 3.01300489985015
2.5177666945386985 2.701028873715943
2.6288381629692696 2.2357882999972576
2.481487330033586 2.583468561774055
2.653987785312259 2.2267823226673507
2.744429061675002 2.154021272020951
3.8626611842738736 3.527071673477441
2.5411107324661035 2.707696954896569
2.772671424199032 2.283102348217599
4.071578989956994 3.717977909266037
3.7421115589868243 3.4915842931118704
3.789570057210275 3.414796430775593
2.96732466575995 3.0192623269088017
2.520999665248552 2.6897289742482426
2.6184394494966297 2.2790885241502474
4.003777252828824 3.599007769726362
2.45103944219046 2.5467710577314073
2.664658914589692 2.2607162382771246
2.7251747084267617 2.142211189096872
2.9090265592877182 3.005928099310202
2.4720258973913216 2.670258521958522
2.6669482483067757 2.159934981020241
2.852202398585694 2.9770739346594706
2.440856869747962 2.669772761726433
2.645905066115646 2.2331421894767747
2.433073404308392 2.6041710731172016
2.5590623516252604 2.2224958461118907
2.6553909007026224 2.1993736566708812
2.839871487454352 2.986793435611447
2.4617581183596853 2.685825634816167
2.5852987629400572 2.2470212918002637
4.020350441295621 3.400496836333531
2.4252085714906877 2.615848721490061
2.596808496838963 2.2570757890557323
2.6449163237253446 2.1777335159183426
2.2593578438237047 2.5500108511789623
2.437243677808161 2.527043602204109
2.648508921613109 2.166568663865155
2.397101468399856 2.585223255157616
2.6232699375527897 2.2516539027433558
2.636454763745202 2.1865367654628813
2.3830738472008903 2.52084471405746
2.6286373632787177 2.2779151562084468
2.703937817227059 2.2463415479403364
1.5629973772283965 1.8954118812726732
2.6341258682197055 2.130325147306308
2.614158584027723 2.1164436584155975
2.6334800961496216 2.143119526423844
1.5073219991051092 1.5303801029338522
159842.90977546264 0.9590495509497375
3.1275339336270944 3.0118547355678857
1.819142110634088 2.010931046460658
1.6110916497202479 1.6206154964625046
1.8252484951840815 1.2155759536671569
3.85524630994781 3.446069862715129
2.057965468859217 2.100541948799258
1.6017259264620198 1.6964777592035347
1.8252449419798678 1.2029780383758761
2.9835316639394267 2.995240932571894
2.0508310917772725 2.1523974234548433
1.6081699646439684 1.7324360516560566
1.8225841704835193 1.1890950605893833
1.8114897762270823 2.058482473436895
1.6011056466388465 1.7094566846977997
1.824229407473754 1.1985620285596346
1.6540462644978198 1.6293207227173876
1.8425138411656532 1.2424849937403746
1.9053354335585646 1.2437442718741007
3.790738235652689 3.461511500609597
2.4474205360002266 2.600963801306166
1.6007694634551874 1.692285781147766
1.8202790683335837 1.2085388879989472
4.117482573559443 3.7481964623746524
2.662299337347666 2.760225501255649
2.601872493049517 2.7629057886070516
2.8321914492508737 2.3627857360441293
3.007007907614049 2.9475222255854594
2.0325434044078565 2.1691418789261476
1.5918418650634347 1.7260490482197146
1.8142646534293818 1.2074142549676243
2.570157470837859 2.7225040193474626
3.038173933536468 2.594171675737954
2.8737095932834666 2.4704037107035832
1.7952417355269286 2.068522471515261
1.590901589933024 1.687525626274191
1.8111394029619434 1.1993552592716448
1.6357117745998 1.6441840398351322
1.823299206497281 1.2254412909892403
1.888370884189945 1.2656186789059998
3.8882921764911185 3.486626115724912
2.5299737061669823 2.6894986677375456
2.92226677929444 2.2176119288784752
3.699961113798491 3.464824588852648
2.621023468202355 2.7168545039692185
2.8989280851629164 2.415691734523528
2.4977253936180612 2.7032981917820385
2.7841980544170233 2.5468847626205364
2.6259270400371344 2.185712090349625
3.8908049732569623 3.491320167029497
2.612924422498236 2.826732853797883
2.9836191550855955 2.384298788981291
3.7812058693581934 3.517177398574763
2.4890677927240943 2.692485396393486
2.9237396775457185 2.559482666354093
2.6155602701187157 2.192862775197606
2.796065904592548 2.933787301628958
2.448408522886173 2.679937570787697
2.7730614011952484 2.4318630866040176
2.436181569902689 2.676121449892096
2.749145879008594 2.5417229995500694
2.611338530594054 2.291957254489827
2.437191079466273 2.6609609781492995
3.0612866330558672 2.5065436793773705
2.6108606344228087 2.2621049005698004
1.6856172431904755 2.026772154096552
1.508810349467312 1.6103954709055133
1.7017414938939575 1.2106472150548921
4.8753882642908515 4.195114322666756
3.017488104775066 2.9788539197346013
1.8965620116094526 2.047135628136611
1.599399163861838 1.66241801272376
1.8204336727228965 1.2013989103369824
2.97884745606133 2.9984734383419207
2.036100937957759 2.1176478630376727
1.5950214684031154 1.725528320962161
1.8143714487393177 1.2158204725861725
1.8903597361236353 2.06975155683429
1.5984406459410752 1.7193788497424467
1.8142631785638978 1.2173820866959097
1.6387878738266546 1.6933469155685008
1.8282100875389933 1.2047435195368434
1.9019918935713997 1.259144059612508
2.986317299783988 2.9945198977101217
2.046079022681128 2.162661384897925
1.5926543622583997 1.7269337337840853
1.8129530129149969 1.214736063382951
2.573359939597191 2.7098742098143616
3.0627087878971673 2.5682244058344885
2.990393137464755 2.5439028070643515
1.8778228341019148 2.0944923466270504
1.5931112517092019 1.7335794804698341
1.8142712605200553 1.2225531803582061
1.6264219619932114 1.6754519815124143
1.8214467698637806 1.2200652831722705
1.8874870175004874 1.260149074889525
2.877084782861102 2.900910674293007
2.4778835983914576 2.6429015728823706
2.8458408574798826 2.3495640245546054
2.485263430892529 2.6972050507689125
2.672200432823585 2.258167345268259
2.4843564054006415 2.68226081885157
3.0192001059758216 2.5832628332918137
2.611360078855705 2.1908750318538
1.8093019932976677 2.0359729412914986
2.771222334206434 2.4148389809217967
2.61365957327343 2.253975512288549
2.5738443387648595 2.1973640836124604
1.5160406723845152 1.5918955877665224
1.7210280341079354 1.2117758474519407
2.4007693037381093 2.599859657183565
1.7898821699641774 2.014115955066078
1.5887746256236515 1.6599970192538758
1.8140302935218302 1.1935320835615844
1.8028316237791135 2.0269364449393166
1.583178889946052 1.7017211232872091
1.803226094258539 1.1969994716843424
1.6360036601388215 1.7010694395206858
1.8204629714575815 1.235361884529048
1.8925994512671496 1.2720634325154032
1.8056371127669482 2.035897790424377
1.5903522844625662 1.697864780689535
1.8109222207906834 1.2149836667596328
1.638552491960414 1.709823498641163
1.8244404920013246 1.2303001100678022
1.8890764860066103 1.2572947986370848
1.77659684272359 2.015996392848021
2.6024775324738094 2.1578274715617143
1.569327877983061 1.6832092775726146
1.7488358584933934 1.1960585259068084
1.6611031032028112 1.9021127223576393
1.58952116786423 1.5959523719434845
1.8097379135864213 1.2001602955669348
1.6230459199237792 1.6343174614507603
1.7976607829024156 1.209955537671286
1.8745531667451876 1.2432817815875945
1.6414659949582804 1.611534686379375
1.8204645446448815 1.2226566107621117
1.9004146825310975 1.2210291510367173
1.5797446667000625 1.6009567245551315
1.786263731310261 1.2114263600358792
1.6036514449418018 1.5354816213605855
1.7985880758650485 1.2227878978287507
1.8578683970166507 1.2473769797170042
1.879875736327457 1.248940852695552
1.7933347185861466 1.2299858097727676
169975.02889252838 1.0111856205193703
1.8913497866412279 1.265041746886206
2.8690712595446914 2.72137821264569
1.8243667432776225 2.036318425927338
2.436471479952168 2.4073908773278188
1.813690699113766 1.9691598155168035
1.8116726238089402 1.2122517957521401
1.8625509986470312 1.236619710888791
2.1726712762784546 1.4849438071474592
2.751939907328226 2.4872317638651236
3.966368943320999 3.4890814878532197
1.8894224123240932 1.284940674853408
2.012032872538387 1.4246671476290091
2.6934690058721094 2.5190690655911605
2.4818361424327335 2.583771538320511
2.3897292545945032 2.502785200888198
1.8405983474117154 1.9542490936876395
2.7736341465496404 2.2985065502023665
2.649615224865063 2.5551834958302226
1.8295411716134853 1.2295027098812983
3.0338761283018445 3.0467470554287517
2.72995364144319 2.197842186997506
2.554896461232173 2.7226709228759263
1.8488627435847653 2.000106071600675
1.817625225323277 1.145086466867971
1.7494264626681977 1.2079339715990327
1.5891226652029622 1.6387487064366468
1.8495521046671755 1.2902016860208787
1.9420699319877857 1.3820720770163288
2.6283964283708188 2.795726901878919
2.4258749448016848 2.6168165196042197
2.8438656358860475 2.3862641718499535
3.0024168640545277 2.435010454111201
2.064371747310247 2.22181793859463
1.8572117159845418 1.2433061764156355
2.6746614736741945 2.278364134925662
1.812430561168467 2.0594621380694873
1.8302340956235972 1.248005293773961
1.8156611813490227 1.227853827991155
1.8143548178133853 1.2240994116923625
1.654234830392201 1.6488098418376582
2.9072590908605407 2.890564778340962
2.6916537988781055 2.3100820553423036
2.7719050367757414 2.3913426145774856
165857.52414593575 1.0345914375640295
176175.50116515163 1.0426248087194199
1.6475572250361483 1.717980451308199
1.8843724595754283 2.0736836905985503
2.719041501672776 2.2957125829334206
1.6020605316564414 1.6323071531851383
1.5908292452494022 1.700310971235392
1.6257196463489545 1.623831722964995
2.608873062397475 2.1711574320552547
1.6093053540318067 1.672128758649495
2.5422662809438954 2.7166486647087176
1.9900290506107066 1.2514298708709233
1.7639784781090433 1.7926279509896994
3.039209130209192 2.594608363490753
3.7912641733568213 3.416852531434893
2.512113105734512 2.6698925162983236
1.655778103344364 1.651114339722693
2.046488461933266 2.162952688061341
2.0492842990506923 2.1367131036336597
1.5955486434293087 1.723615738489748
1.8039373552522113 1.99843968394326
2.9195597948134067 2.447003057612612
2.8008704182765802 2.2407550304431094
1.845713072345696 1.8864616149563769
1.5202978141844943 1.6421604123814342
2.6181172936392803 2.1396102636049017
3.0331547767201332 3.022063171079706
1.763986737006444 1.7015188469778675
1.8525123994271675 1.2451475483732926
1.8152068767852207 1.2107760016035305
2.6463072950569537 2.181359492441611
3.233241140150436 3.2196193525515233
210997.4625452076 1.2441704813570003
2.576659276110541 2.713781859769517
1.6069542503148968 1.5451529342334482
2.8232333463481774 2.9247649321610334
2.4598502168986314 2.61871823149021
1.8263667943802728 1.2164844763645895
2.716323186663735 2.245314490544416
3.081139901973204 3.0923039721351406
1.811187956411217 1.1969187078435397
1.6840400268215059 1.6018849313012553
1.8747166621082358 1.2487069929595354
2.6904143238627825 2.157405156161463
1.8306434254865653 1.2177040381565367
2.6081070322748734 2.6265940432867536
1.816274533446476 1.214597147237366
4.045901583822534 3.5467467904313095
1.8851498749399855 1.2737444497552601
1.644876233622695 1.6666395170370591
1.82869976995272 1.6994355470193063
1.612387649749288 1.6956539030651745
2.255974659600983 1.2764391735662495
1.9061152372331398 1.258163616727246
1.7256337430622668 1.7266176953473136
2.6508204773398516 2.188292866881162
2.74610721562893 2.070260948668769
1.5940707620282886 1.641579753284371
1.5977806089008282 1.735875627806343
1.8192484863419376 2.014833926874353
2.8905439453754807 2.6367012778301784
2.725291208183169 2.2836622568447758
1.5938434984352023 1.7360333907041838
4.172222541706299 3.7027374561150985
2.4129848396979514 2.624392804632926
1.6924383181711526 1.9141279032112541
3.0155666095915734 2.3043904484648436
1.8950536670136688 2.1506590968829893
1.908227329718061 1.940366502132207
2.8480134688623058 2.596751412864696
3.7176866163275992 3.4278952290503764
3.073190344766363 3.0712687391246285
5.173906441892952 4.3197443129503705
2.6137592064335724 2.2468769188631534
4.069279108888207 3.1588914943213626
1.8208217716438968 1.2144441410972706
3.5165673264429085 3.3716744895093047
1.6727364565932894 1.7374967151206282
5.607508889705075 4.486543245448464
2.4839395503831803 2.688080096286953
2.729534360707919 2.826165562987124
1.7918679056354057 1.209123385454781
1.6150827551097287 1.6487635582410949
4.047882647429789 3.804557670795022
3.0136242429065696 2.1472368536034563
2.6833071514154083 2.273105741897838
2.67401977611772 2.761221691759138
3.944029981248613 3.597821656394922
3.7912097717525772 3.4666937014769528
3.86969614009913 3.5767778242749877
5.465999696904463 4.503423831676652
2.743634161661477 2.376743905286931
1.8322769678699298 1.2176308676411765
3.9389336459828694 3.594918958874554
1.7387004752363122 2.0607684830174597
2.9911253569877183 3.001726394634016
2.661703770076367 2.156241937339295
1.9814064551704615 1.7193731272390174
2.268182589242919 2.4992579975613896
2.7344473654562895 2.276176061852579
1.6006533618162708 1.724538133392177
1.9319441380797095 1.2229595204390455
1.7019610306568682 1.2114450175801872
1.8165301636671574 1.3880891390830887
2.627257382595201 2.222574641790528
4.069920025983909 3.3939770217405876
1.662898730368008 1.8991152771714228
1.6143207653540694 1.7098297320130469
2.5158382998683297 2.5905662328637282
1.5074228231247173 1.530327819161882
1.8249222205769386 1.187323505198164
2.4475350975619827 2.637531066553011
2.5626300463889744 2.7255379152018575
1.815151821332503 1.2148010871480603
3.0304000971978824 2.2918394481546467
2.7359191637839135 2.287568732775844
2.5239656480898347 2.594363164335163
2.7458006586516994 2.1584100106568918
1.7296576310802974 1.5025045532727035
2.643701054055067 2.7476243381433947
3.04866415260936 3.04015208575693
2.5605571183071456 2.7230662975140736
1.6394027159432403 1.5193449584424834
1.6016522537005016 1.7095733451207387
1.832306689167945 1.9701963928303519
3.743649473908922 3.4951250712679016
2.5229783936967016 2.6939791788721696
1.8859755692778264 1.4158924279633107
2.881851899861616 2.4857229981694653
1.8355906361454937 1.2264603365449904
1.8498946924132182 1.2913168260965897
1.685664062907045 2.026103115497617
2.995071209363933 3.0271561411001424
2.0469183930431782 1.2694334390193662
2.7252632721781707 2.6591691497840264
2.5919006138571663 2.699650111794484
1.7940352794354597 1.2343558742364726
1.8907556406787287 2.071851556559441
1.5929263906608373 1.6606021660033432
2.4448817872194857 2.7041704883287543
1.8632290404401535 1.1886165928132624
1.589979952283128 1.5938010423199747
3.9301744694616616 3.393893255721368
2.4546683491752206 2.5553260462605376
3.995944658762999 3.5963338464516372
3.0466882974483696 3.0438826862939026
4.095814458126492 3.6830632918921293
2.4887434846111 2.6767284074033193
2.8695673829163972 2.4378637391384643
1.5941309691933216 1.7265080518002245
2.5789886101742914 2.66245233600104
2.771133011821293 2.7285731220327727
3.8750203516306474 3.520106250284201
1.836126151007806 1.568801411429381
3.073641380347502 2.572748303739699
1.8965858555097532 2.0473203002922866
2.615831329894203 2.19942573101533
