2.18236647894001 1.0401383184833972
1.4353350941622534 0.44761757698715665
396.8820521366666 0.001167263977249422
2.5391488496932535 1.2618134050414958
1.538865175107015 0.5537656302818816
1.1764727940789674 0.026166916736310938
4.769949011915706 2.5760978203591645
2.736611195895226 1.3419717907254904
1.6210477454843195 0.6314375679882034
1.6613296753121845 0.1908024913974109
3.6396421442382696 2.038761048872569
2.531657732339376 1.233126625187783
1.764827910159379 0.7798945660117964
2.1758708243820752 1.0458880781893578
2.00895213550885 0.8905663375149103
1.5375190373488705 0.5585718412878042
1.2671050366255119 0.07287533066642166
3.064456840899215 1.5556912183239673
1.6889553093795 0.6919750047702413
1.7636956989730992 0.21071704173253503
3.0391561779264595 1.4878996784542813
2.196933415825658 1.0287622303774235
2.66371787757216 1.5033046432430317
2.8529923425092663 1.2678664002980395
2.7652475628951914 1.4515608833561569
1.6208784067350948 0.6345992791553929
1.9312689166459784 0.25097061741296073
3.0684829723771205 1.6069718391819756
1.8066417319423056 0.837369476508325
2.742243009679192 1.3063278264500497
2.235937082495985 1.1055187231107588
2.7126229418657286 1.2274807437427637
3.6332106960704085 1.998995389296526
2.5596360879687796 1.2485265562896688
1.8056752510667669 0.841364146963357
2.5445556726375456 1.2450092730030369
1.989178913528381 0.9714909597901524
2.2894341771049307 1.0770960629193445
2.187661873593351 1.0470622887972716
2.0851375090110316 0.9422061696293496
2.185818104747362 0.9814223096544206
2.523907822948223 1.2377660044497383
1.9826934213527034 0.6800880185756389
2.2224446073746136 0.33586143520611406
1.6894311153738082 0.6899780126771691
1.7189714329703656 0.10323408239758161
1.8057732895120273 0.6326719456222973
1.4858125206755308 0.11331533605856377
2.8229751876034133 1.2858512754886497
1.6647957838085616 0.6620011581693909
1.9646147071871374 0.3815139563069574
1.616459692951821 0.6849769320342027
1.6824912962572496 0.6384976928503653
1.6145446563179284 0.12542990141064264
1.872356519983796 0.7970311715046132
1.6724513631051088 0.1636902114453581
3.2377745234157573 1.4950916940337662
1.8507219106477284 0.8435868708802325
2.173760640697698 0.427962291411236
1.898661924282346 0.9054384427608769
1.7491399807939056 0.7246168204150674
1.7900716403795098 0.29704973217071895
3.5975198798954136 1.5353587018082622
1.8677264450582485 0.7848891939409404
2.149062899657999 0.46533336570086775
1.8242383136897902 0.8896896267585327
2.7001358988265776 1.2468621283544445
1.6973345608552342 0.7495441674056638
1.767797033324639 0.8302650798092477
1.8267738894174899 0.8245712763127442
1.6273906194793955 0.6941487130359238
1.7897074321571458 0.7382671250812078
1.783063784087596 0.24049293543237932
1.8991614059636688 0.4873116517722607
1.3501575133333263 0.12794180859734433
1.6037811235999602 0.5841924935247664
1.6736372554880496 0.3190333033715167
1.864435534311783 0.6407171086540904
1.5203184129591594 0.1641395940992364
1.9259908753935264 0.6651173738715344
1.5313337326288408 0.20217366771653955
1.762263062105395 0.6630545621212043
1.8470347443327693 0.3880694271806994
1.8536351382157659 0.529228726728284
1.7554394284863237 0.321676935538322
1.7503675586598468 0.6400327302626903
1.9782738600926928 0.4546408870893275
2.3338909434466677 0.4817368386925311
1.6089415482826182 0.6419377913732673
1.725090783554044 0.3642306793649769
1.6972843361157266 0.25307317678077357
1.923786936265055 0.48123127871630084
1.307701756853144 0.13035110989548593
2.115239853174849 0.41651493848458904
1.2094782132432562 0.10546012993668626
1.4482976980047693 0.23035291307725614
1.9288534887097217 0.39820411272402556
1.2999134287684577 0.130761382485934
1.815384451056829 0.48108259220190697
1.3763972841430554 0.18798456087033355
1.5888782867962812 0.2909670771611014
1.6125462947508882 0.5403384166537872
1.6390819668461896 0.3127516478383441
1.7507011928123921 0.36939740044933833
1.2308521963280281 0.10934716114503203
1.5749160100525645 0.430625915249013
1.0161137418040487 0.02105579428163889
1.1312241923531974 0.0833798618058132
1.5633036241945553 0.37215962580106915
1.2211427950999232 0.12282422985342217
1.2959343957383191 0.16594742374100382
1.5261424885336305 0.26995894387961417
1.4388359545832174 0.3783625352453353
1.0069808837486598 0.022256623351434024
0.9877370955995809 0.015937862856209663
1.1914663081759482 0.1166524178604453
130.62522305118966 3.719160364871755E-4
2.5953516411555952 1.3003062545955435
1.8801452881666645 0.7234968478091701
2.183382111596316 0.31301429247838125
1.6910589206551165 0.697541424636702
1.8775705621115915 0.2042842364758658
3.027988047788928 1.4151953163292763
1.9791838616163038 0.9493310119987929
2.4222619967640315 0.4634317310024948
2.7222990098897486 1.606058043595958
3.188574278622376 1.4549571016367278
1.699523269413571 0.5955444526387212
1.816973216871055 0.23127864126193798
1.9571343583584675 0.9653801129382299
2.169218682205245 0.451697659365142
3.161511107333411 1.8056839917688496
3.081650705098151 1.452491957475858
3.0399348262369994 1.5380639156183324
2.3019210014351783 1.1220253520955064
3.11817866236625 1.7538929571195023
3.0347230053170247 1.5124360203137128
2.9512779511854066 1.7656950731826946
1.6803356206568585 0.7046203257935608
2.071663386157082 0.37548893000329686
1.886639487907691 0.7698101933481751
1.8178110035409212 0.21895884598478504
1.8957999686807745 0.9453036915816646
2.1112889234169847 0.350131202114613
2.2493950935832836 1.005595774028489
1.8850233874983955 0.7291979198240053
1.5425822254108343 0.18746234835349407
2.0350908019316005 1.037769045782283
2.1182154221306377 0.3519495778821532
2.4114903333369444 1.228501042070438
3.0647276630135654 1.4169109584610398
2.1454945709217634 1.1194018351237478
2.43065619528093 1.2302889943715396
2.594832132419027 1.1126782980127028
1.748406868223999 0.6866039919828885
1.8001785518836457 0.31579736666709357
1.898476137729302 0.6823800621139624
1.7084066551063604 0.2851702554165306
1.7130984359564256 0.7324686355084362
2.06769662124922 0.4185299951413732
1.8390889011781906 0.7228801059706673
1.60732235471901 0.238865518846155
1.8003206771778473 0.8207291254242777
2.2379314146330835 0.46147080735077706
1.8246417786111864 0.8982379784830676
1.6372923010929659 0.5863731711222901
1.6070217107877376 0.2656031525822424
1.6797669384977794 0.5645946676516711
1.5742607944643894 0.2682507147600059
1.844794972988755 0.36717465763927104
1.607551678801911 0.626855443997193
1.8320887474203396 0.3420322873378214
2.0242711252852024 0.4262103564715463
1.592032435541781 0.36127715914969294
1.4609718493294437 0.22052148627627224
1.51723492526637 0.25570712135600315
1.7325841505672406 0.32951104145838717
1.376642504159579 0.19455670725815818
2.7903353238993196 1.309846789106645
1.996937564574199 0.9316806173153016
1.8369974631937822 0.8914212879977907
2.726567216628988 1.295237381376197
2.1802969645647927 1.1189628715716937
2.870404859368924 1.341232637666663
3.0963604655504824 1.4472215408791786
1.8034617275598173 0.806343729966524
3.0459471101505673 1.4125679560931301
2.239014972505025 1.182821269625646
2.8734857647542693 1.388556365781152
2.749934381959444 1.4958380980485266
2.6703449108511945 1.326880807599156
3.0371289296519253 1.4994384490454244
1.8195327747630274 0.891309586969245
1.8422926922580714 0.8511403314930289
2.119058283614659 1.0948272116256703
1.9682821189620692 1.0222900161328357
2.217900096683298 1.1833886007884264
2.5906347691223064 1.3061298245834796
1.7114586762534938 0.7501969719630108
2.882526287978089 0.6445999265831235
1.7145029087747836 0.7859778762924243
2.4438159586389787 0.6666391213205343
1.84360449316033 0.9341609501478428
1.5523458723333667 0.6233627246995722
2.6244203240163193 1.1593463264029091
2.0260459350715676 0.9673607641322057
2.6223333037665704 1.0945712313613316
1.9362553261500917 0.9576794270366975
2.329000865393515 1.1255779137949864
2.512308887352871 1.2151638269870952
2.2087022262604297 1.0682976329162026
2.4425592625478876 1.1990774949460774
2.8650387418499754 1.3314684549942921
1.9033154678964737 0.9310542598307061
1.9740009723809313 0.9864362296336893
2.2479054013722966 1.1157455582337539
1.7742831522315938 0.8452232680118238
2.155461482724667 1.0333762266736723
2.1331777757763395 0.9796385182117157
2.2100751463897295 1.021507713742036
2.468611779512857 1.1176552247234042
2.0986419662065408 0.9712637553498121
2.1827552845270444 1.057153530034104
1.4362534575531507 0.446146018653418
414.38989361391884 7.575422199043169E-4
2.540362995605695 1.2422991064479088
1.5393356231326651 0.5431935436299116
1.1769176289882153 0.02227760749032566
4.956538347207021 2.76229739395192
2.7368759934207043 1.3618488282624504
1.6228098835674414 0.6362394568112693
1.6636198981330186 0.21072987915810437
3.6728144289135214 2.0786947747143674
2.627143661073754 1.4760722998508888
1.7667506803158384 0.7918054940556828
2.1762243259341227 1.0572820494136546
2.0095762238174903 0.8899331762168123
1.5379393727274666 0.5661070998256916
1.2671720078943527 0.07093147079672552
3.06452696185832 1.5578552907445795
1.6892482078910627 0.6920642422359187
1.7638865733248548 0.2084883174676342
3.039908733728969 1.465225664722802
2.1971166216676186 1.0380092103253746
2.6653490667381288 1.5059109040251508
2.8607476198394037 1.2561007884683737
2.76570531712201 1.450570363696589
1.6208788378400185 0.634596756153696
1.9769007798787492 0.22736295510531768
3.0710480982552717 1.5849676349455
1.8093827971902532 0.8445450128218226
2.742433997576481 1.3061315879020818
2.236072871545484 1.105476346049599
2.715220434032361 1.215607192425026
2.5612986646023037 1.2299425544050289
1.8070344880485831 0.8462073382321949
2.547061067798512 1.243938613797192
1.99082886235059 0.9762556856098205
2.2939805873285457 1.0800430870437558
2.1884751208954283 1.0302873236557717
2.0872056075048615 0.9427937926852077
2.214401369512943 1.0016411046954545
2.524027046258902 1.236194420666221
1.982712467676751 0.6800794082022462
1.6923173999088499 0.6976685042159793
1.7190038554634497 0.09993836063241202
1.8168528751952928 0.6028479767625707
1.4938938615028752 0.1056341431343761
2.8422691956168387 1.267863477979736
1.6648354030430492 0.6522792429680242
1.9677129052938733 0.38614875378833463
1.6169025693475392 0.6854273276986951
1.6832315461685534 0.6456474458671659
1.614560830521726 0.12545183394567022
1.8801555884809344 0.7840989643792698
1.6750619655705474 0.16532109499578912
3.267125158127237 1.5130643268214383
1.8537030822260134 0.8474733937419021
2.1737713219368318 0.4270583204051951
1.8989090292979038 0.9038422451551185
1.7546477000931677 0.6932604289041564
1.790078266620248 0.29703059129518694
3.6028445076142788 1.5285383647804915
1.8714338599089744 0.7908429698082471
2.149897270771114 0.46822943170565734
1.8253544431998274 0.8897534475709219
2.95445915903271 1.4237467818870924
1.7007896598645142 0.7539067074593009
1.77720811756079 0.8342181386654312
1.8268416382906048 0.8246552989212858
1.6294315328026077 0.6972351821200048
1.789941699713391 0.7157711909278879
1.78336311876713 0.24190131234198686
1.9593497481718147 0.4448521556253106
1.3505686163797685 0.12823136947212663
1.6049464786592123 0.586341754737016
1.6736721774289074 0.3191005728974607
1.877608465855938 0.6202278439218697
1.5204895489891217 0.16447395918119345
1.9285538343742796 0.6660822261012835
1.5318872506311916 0.19540097083247482
1.7731552497718197 0.7925187560450933
1.851365547047303 0.3915016624503935
1.8581792470551295 0.6918369705157855
1.7569191278985772 0.3196498405649073
1.75127948953149 0.6536643596450202
1.9800871832121052 0.4555889703549756
1.6105429876800041 0.6418011378462982
1.7250908483140726 0.39253857220777216
1.6982913912075541 0.2487855277300834
1.9856744882318043 0.3721584337034728
1.3082158023295718 0.13104710294756428
2.1261924964991654 0.427387073058175
1.2095792027638774 0.10549911566501964
1.4536932842238386 0.22022175216627152
1.954786335031669 0.3854988859343113
1.3005314649393696 0.13161351183517167
1.875337434721314 0.4594449547595868
1.3773711487616689 0.19196543330438515
1.5907023726297504 0.29414326506882205
1.6424769749830315 0.47400602696239774
1.6391490832276112 0.312735727231168
1.7509310924284494 0.3693957947610791
1.2309043142925635 0.10932006621080478
1.5781675644112414 0.4265079028482492
1.017783977833298 0.021934574538693335
1.143105195159273 0.08659577121193597
1.5664726678254755 0.39910003456468196
1.221175391382979 0.1228469965571713
1.29652584332628 0.16661055828396412
1.5262286410960524 0.26992981308201774
1.439469356197201 0.37721964266135205
1.0165221580266484 0.020991472738006466
0.9918629420929019 0.01698262115192773
1.192248726096371 0.11733358641981076
136.42680242762157 4.304259019693132E-4
2.601746528306323 1.2993399240353
1.880510121815847 0.72547500215592
2.1841372439117963 0.3159647627332201
1.6910848493840824 0.6971974029586161
1.8776792227135295 0.20367242727251494
3.028266550186216 1.4213925660876674
1.9797694157667274 0.9499735946758984
2.5468783710027676 0.5318124991172418
2.723026620381117 1.6068204552070076
1.7045428891026084 0.6855058734441344
1.8171401363544555 0.24136208393377478
1.9582449673172269 0.95829349835143
2.1693035338977906 0.45177206338383175
3.1615897570300144 1.8094191927447312
3.081887814333321 1.4524879137539963
3.039975022637484 1.5393978703913023
2.336729384972099 1.1321417372603193
3.1182156626782014 1.7537394722834416
3.034791007696768 1.5124691676253776
2.9550924713858597 1.7759233171899804
1.6806197173932713 0.7059911978217177
2.0728780433492293 0.36580684025821725
1.886810125244912 0.7648145340525421
1.8182385994984256 0.2193635168254649
1.8958484400088496 0.9421916034259157
2.1112953152878116 0.37084558277622215
2.2502414306815965 0.9987995841532773
1.8949417857116075 0.7120441606711786
1.5426349718964212 0.18752034173650656
2.03549066173985 1.0387905274827074
2.118228334997936 0.351943774138172
2.4132811226083115 1.2367763263356677
3.2241015243488924 1.5271631785468516
2.1457887394344146 1.1196725371129355
2.431050500171461 1.2307205581361425
2.5959593603184814 1.1126347207639997
1.7485099119677887 0.666948251235481
1.8005128402174333 0.3158967311254541
1.9678502221629408 0.5709200908008153
1.7086171112164499 0.2894367949392293
1.7131377773124647 0.7215486529520525
2.0692939183634977 0.4193300065472623
2.0049894621566544 0.5471311025045248
1.6098924757224422 0.24814689077907381
1.8025494888572888 0.8214648853658283
2.2383014211202865 0.46358209435186193
1.8255795921173519 0.8981917138297906
1.6432305355086565 0.5792902317931704
1.6088485527559175 0.2660258006638428
1.6803064206859641 0.5748116459508195
1.5745016154302123 0.2685273127329829
1.8448665538031008 0.3683592560451787
1.6081089711508028 0.6266780990898324
1.8322418805626173 0.3421305311889777
2.0320260642781434 0.4554457936994814
1.6109051970834116 0.31726305565022417
1.463545539281231 0.22608557264293844
1.5172643855625596 0.2557281601406771
1.73265759827425 0.325722097322863
1.3767108453982633 0.1942795301627295
1.9970748078731817 0.9311156078068781
1.8370270178891235 0.8912474562624277
2.727692477014509 1.2760530931415435
2.1805295104281015 1.1167453000973613
2.883149027154414 1.3448218846924738
3.1133298931724642 1.3950798792333827
1.8035667300807816 0.8079336108585793
3.047810658996698 1.400674118564425
2.247416044874184 1.197025257502723
2.8765144514698293 1.395394675727744
2.7507113951619147 1.4984031131592184
2.6703692175451605 1.326897573838599
3.0535695547383574 1.4830246785460748
1.819902808090433 0.8918199350168029
1.8443178716676039 0.8542487423070155
2.119742306841516 1.096232111152037
1.9686264674180416 1.0160299437088143
2.2222807139288374 1.1981360045837555
2.5907277677061913 1.3061619605279544
1.7119870316954326 0.7534550281139576
1.715227021655294 0.7874949670797027
2.445231096499283 0.6671815891528472
1.8504644136429684 0.9437714869248965
1.5523620096161888 0.6229356233923651
2.026113275020519 0.9673542312388421
1.9363214339574135 0.9582688504917575
2.329131331522838 1.1255729134937345
2.5141767837306537 1.2138861403960792
2.2088421960688382 1.0682778700409652
2.4428908359638664 1.1978477814246327
2.86645301222626 1.3466351113326827
1.9049548641831402 0.9311035192499537
1.9743447268853396 0.9866866553422879
2.2484589229627443 1.1184419320767396
1.7744213536217708 0.8453144279833573
2.1556605326677762 1.0335359240364066
2.1336888680108776 0.9799103314396049
2.2113981980268935 1.02139928751163
2.47143189844903 1.1197213562823654
2.098785154631452 0.9714301117327148
1.7012304102202338 0.24780129964050981
2.003874637169371 0.9315164310462754
1.9730136885308978 1.0244716760290502
1.7165824475673122 0.24547418707810537
1.6879723586036683 0.19326941403411207
1.6589213724772764 0.31726628972944765
1.7246623027548351 0.4466941922737076
3.224651765890134 1.5288806502442283
2.3623872743652097 1.1232221292298226
2.0642039305378392 0.4909349004429737
2.2957337166474523 1.1411917882786198
2.27082584144427 1.01399534537914
2.7198901092695986 1.09658606363356
2.9041473244713236 1.3218454901875392
2.2019190075377377 0.28896011607852856
1.9803014104422607 0.45635419842700287
1.49842387149753 0.12456962571303816
3.06812868072997 1.5714429328967416
2.2834344697338746 1.0164286362816086
1.6931421665128614 0.6990926367573491
2.457902049542997 1.2084348158171103
2.2740948559402816 1.023721900477063
2.5962417635326136 1.1126131942572215
1.991397651906939 0.973324886362461
2.1777040278035695 1.0526090709784512
2.7290670561727772 1.2764566539183049
