1.4417582916092493 4.135762524017486
0.731085709608479 2.984068938469435
0.5740307139903965 1.9790399180879557
0.6568787232523229 1.4330920468450177
31.751876962111204 0.8906461205744693
0.886882717067821 3.710214199371564
0.6069198138520946 2.2613611630093207
0.6464185439864961 1.5185540672967617
1.0221655484508778 0.9476851660470719
1.1252674048203293 5.1420643390505205
0.8721758465970789 3.755938303904128
0.6980076015344256 2.3184930922759355
0.6674045863333785 1.6025202421853906
1.016185437428141 0.9230382883681123
0.7125255281884039 3.029506767631635
0.6196080601841608 2.230752944448899
0.6427576485825074 1.5882811541779833
1.0238110053104867 0.9412434878949321
0.5924055168018688 1.9943986384804537
0.6597484418294919 1.5288680877244003
1.0456243500503908 0.9517853981867571
0.7170891503313761 1.4787706942944512
1.054692219227328 0.9684678319543708
26747.878998944725 0.9978253606778078
0.862649245198652 3.7594183304126343
0.617960801232797 2.2559527654486144
0.638017462338483 1.521921568334733
1.0057610959738184 0.9432521493596284
1.8152627669430756 5.133912019907257
1.182060608713352 4.135279967344429
0.7539085855828941 2.7714364179739093
1.385181615876283 2.228334312218083
0.8565760960544153 3.7547821281322644
0.72589179350648 2.782755740063071
1.058988946145119 2.1793728710980895
0.99380093979799 2.710480214354734
1.0197555724983824 2.0391192084721332
1.2536461644888115 2.02557129073179
1.1497561889186627 5.14436421553248
0.9000856762105611 3.6929560004558537
0.6852043118326859 2.3101324518871995
0.632295992733722 1.5984430869310293
1.0150641132322935 0.9169401837850862
0.8437432804401096 3.749343941578813
0.715906373235607 2.7663897744267363
1.6243348125724815 2.1657910137561345
0.741899970693557 2.6877117905314742
1.1932197213040627 2.0172899117662557
1.0853277738587153 2.0351279890285316
0.7207978739810116 3.042767759688005
0.6021377061397402 2.2375043317669587
0.6441101380164973 1.5942714645428135
1.0201430359570294 0.9540959626357162
0.847162730546775 2.655135462843453
1.2181823918388013 2.1823993071436805
0.5836879122209607 1.9947076897089735
0.6534506410386398 1.539142212669154
1.0382423780747043 0.9219293533052939
0.7212884738357908 1.4895848564629999
1.0537834745230255 0.9573316298490688
26623.265978773496 0.9939051226946604
0.9029457728237342 3.862863623463988
0.814083027340833 2.635780261674485
1.1946935749216008 2.0423554458878774
1.2233059420624324 4.032266484968661
0.7045971336526257 2.7368192309782975
0.9595341903105042 2.0178158743833725
0.8593166499772471 3.749158214244802
0.7080612909620884 2.764755617080845
0.9479643333717298 2.1154398201253155
0.7952130159478883 2.5777186871624274
0.9796224968527257 2.0630750942298786
1.0289149238921318 1.903541666278901
1.2327816869181265 3.9821159453228026
0.7446946150340997 2.7550079696687
1.1779885619555963 2.0209142269802047
1.1751268240187394 4.1406616947353045
1.353390615948412 3.7585212428388317
1.4059253665752716 3.2188275689934294
1.1154797300103718 3.8707592630079244
0.717596992508596 2.765121419482318
0.9585167760863939 2.0841591255772975
1.5893641736938187 3.601042514310739
0.7579011912908178 2.5267728781990164
0.995840956087624 2.0414581824529456
1.0561538185834072 1.9299741642770967
0.871263419415377 3.804845795212498
0.7587010705668382 2.61542255920481
1.3487577129376662 2.0983140027260703
0.8973170245776415 3.656070152105152
0.7126575746471657 2.744169118947715
1.0428288319409902 2.0995974369586197
0.7347695400031863 2.619974151836058
0.951916663555805 2.1284463485402485
0.9639349054519034 1.9799640984101807
0.8765202807612871 3.803371313219288
0.7132932810992938 2.7495068654874526
1.1984461707246812 2.076594925645649
1.9224645280495651 2.979972269975528
0.7143226580279795 2.608226129145678
0.9048113617952224 2.085152391290616
0.9645875314155303 1.9796103856782075
0.7390027530975262 3.065407058906505
0.7517374896266431 2.578851047176601
0.794669141976531 2.5385686914005756
1.0866499530452787 2.0654423928228702
0.9946925504752132 1.9730882345526983
0.7273241027451787 2.511093407930601
1.589723814288348 2.3923151418605793
1.1663879033345177 2.0413542035492993
0.568780149632903 1.9613094556918973
1.404493215153856 2.128279401132314
1.3046784664722828 2.097717456454158
1.022516891708809 1.9088232172066206
0.6592148626604188 1.4387126416817944
2052.8973070129096 0.8993741344276763
0.8617987841103978 3.7192156429208696
0.6046930819436986 2.2291522179760017
0.6485785061530966 1.520850466207496
1.0103984539784374 0.9494860522429504
1.8285922391554346 5.0571786311694575
1.27170720513391 3.9200821075096743
0.6898899656425842 2.6513964946496626
0.6238438198273139 1.629055742381421
1.0207602372191824 0.9469946258944099
0.8554963284514268 3.736884653731192
0.7527088659737163 2.7236127685251157
0.6205505468864927 1.6933273526363948
1.0106701103681746 0.942619115245713
0.6105924077861468 2.244500896889089
0.633486012244697 1.6463639171035789
1.0273308744943914 0.9566309271777482
0.6857804209388761 1.564392279579227
1.0482583666882301 0.9782615907473601
1.1238655856500381 1.0128480837666205
1.827663117029307 5.122117895838841
1.2734746946618558 3.9036705190834793
0.851938826295755 2.835419871445154
0.6142425526136809 1.6198406450787552
1.016251103248531 0.9244473411936647
1.014403223221235 4.561745193269158
0.7397004119713192 3.0187232799136754
1.006850355445057 2.8231745630089735
0.8460308115465132 3.753802379014086
0.6851427064659298 2.6643879913679442
0.6062963302149247 1.6965046789840472
1.0178222032341246 0.9453434145283879
0.8474588656927593 2.8984461854820838
1.8034750190709827 2.1803317891694025
1.2082797743950442 2.30312889335583
0.628507104529343 2.208611783660401
0.6171516215794802 1.6424103095732618
1.0258428914948858 0.9390146774196779
0.7119627367159207 1.5678228158262788
1.0506779588049862 0.9738079505113882
1.1235571822821624 1.0283124371155221
1.2147746863018916 4.048068638583578
0.7196186326036677 2.75560693414684
1.2336250056271876 4.086790880301503
0.7541140663854934 3.029155857425427
1.384333643729156 2.293728420176804
0.7219267088402367 2.7776594554479273
1.5702349368112527 2.3480272763217584
0.9633904366775611 2.0190560715301875
1.2379253515584967 3.9830789628053127
0.7324792866794994 3.010384713079713
1.4131812307918266 2.135920683639071
1.1121772613802587 3.516505875365616
1.9133455077895967 3.004344452219196
0.7092816666447981 2.7765747916624175
0.9693575079663974 2.0252681930939924
0.8486227287794023 3.767049795229453
0.7121553886877244 2.770887399234903
1.8791371524604221 2.0392303045496374
0.6966470176345878 2.7466133378750195
1.732758757092863 2.6805798838439707
1.3086991946325222 2.3358997252064
0.6994992478845683 2.7492495281006635
1.4369601124780673 2.507096802102342
1.236035714690916 2.177000779067365
0.6038581483733954 2.244520918292606
1.3134248282152345 2.1500889085717643
1.510528834580235 2.327502918745436
0.6495099610830152 1.5256462061406635
1.0000360737705603 0.9386210518401957
1.1897609672551308 4.973669621418656
0.8584086701684303 3.714748504686519
0.6600996665892103 2.4099230612241636
0.619649256814182 1.5775156575840619
1.0054452455299911 0.9447369693569106
0.8781073655253389 3.7217617381485173
0.7348213289872148 2.7231216223339465
0.6196380479676029 1.6989391769604665
1.0198946623740797 0.9591348941774871
0.6286567894051505 2.3983525648517134
0.6269854527074545 1.6815721121818605
1.0241990733309247 0.9519562249408171
0.6606818507841162 1.6202751778770428
1.048336240480606 0.9543329249509469
1.1200616999246464 1.0126700632188785
0.8523844850973104 3.7750779797583744
0.6895835544965243 2.6624260231222054
0.6139544303949462 1.6839521085592968
1.023887017457734 0.9350343707720332
1.0411307881824259 3.0587280480581214
1.3126265782584225 2.2915821787966912
0.6235094571437094 2.398567179705081
0.6519777802445244 1.6644658977998104
1.0289502166372833 0.9558464028965892
1.6164487882825913 2.5782168595015316
0.6615081039085527 1.624999278672561
1.0509022963032506 0.9640453417655315
1.1207227981072136 1.0134654608297375
0.8553474331812934 3.766810523375795
0.7059438338671643 2.765597840618945
1.227965928163827 2.306568586812804
0.7089929288288846 2.7568532886134154
1.385285205856325 2.374919587479601
0.7209246361327107 2.761553775447439
1.520805996273049 2.07057388544759
0.7620667270092862 2.243728206915961
1.467493490386027 2.083595479669098
1.0899504668529154 2.1462834010608014
0.6193672841077982 1.5921573931204718
1.005566174602575 0.9316692865565117
0.7244527291511861 3.0421506688191764
0.5999450105255977 2.2489757301184583
0.6345245333267764 1.606557399867712
1.009049850076093 0.9536557767137331
0.6148761058394627 2.251070903885712
0.6379373679259827 1.6516252648783536
1.0111904733547439 0.9368208163789945
0.6761772348609703 1.6419542335977928
1.0323226928904925 0.9450223772316376
1.1099884921120458 1.0074356709836738
0.5997393519617437 2.2468501785123616
0.6165056970435028 1.6353034747901907
1.0110322550641146 0.9393576017198275
0.6753142460476422 1.6451655791205833
1.0424617576186175 0.9709632782480337
1.118704296159407 1.0396485825726816
0.6596412512275903 2.231103965208213
1.4270565804383248 2.350249172946553
0.6223720436244651 1.591873448784606
1.0126299113743733 0.9362128000180876
0.5947692381614348 2.0037827880962538
0.6550772777779877 1.524098522753309
1.0470846943105656 0.9496394250404623
0.6658745988136814 1.5437328017813607
1.0077416617923503 0.9431708980620503
1.1002541742366738 1.0092574559655818
0.6958689548116822 1.5748505586974773
1.03260346839393 0.9511031225245794
1.1120883309825411 1.003130397331717
0.6492194838384876 1.5364376241631907
1.0247581916832127 0.9622436097073487
0.6863408983040069 1.4540900294661172
1.0115502496278783 0.92391649398063
1.087028428892912 0.9796684935161294
1.1084130214228358 1.0046492524731203
1.0158904090108603 0.9413105899722403
1518.3617403665548 0.8959197136858212
1.1293202054494305 5.128995998469544
0.7880069957218052 2.7137105114526925
2.0979550834368403 5.064936086207595
0.9784838213672031 2.7003296195566984
1.02367886029786 2.667001990162317
1.1064931093374812 1.1071729920239954
1.0323462094258282 3.634053260343811
1.231573009446076 2.243544595552089
0.741087825107615 2.309277825347225
1.1165185501866728 2.133596927548913
1.4495652565258732 0.9786938553051552
0.9440086972304903 1.8123724642678085
0.6372190218719707 1.688391333893487
1.1738644122009303 1.1503368434837506
0.8791721963234304 3.7611010050456173
1.0554703854573955 2.751656934445416
1.0499628921717061 0.9520864777141427
0.9143367458697371 2.830668515340368
1.2507833897401492 2.194365205513251
0.6641813659888828 1.4444383283173252
1.322845939212533 2.2867656530694616
1.2711396694408648 2.6566574908260963
1.4269278739029154 1.2489535210867762
0.7566526400729385 2.802667133732406
1.4336056027555006 2.189468869531093
0.9895053490184625 2.1340593024148777
0.9973720332910193 1.896308546075069
1.0239615734907344 0.9363401514955247
1.3823257621320881 3.4140686422950415
0.9502441610528443 1.546903589625443
1.0669325517704182 1.0063892875751954
0.7002841009650556 1.5965476427315357
1.0454334091241004 3.8027412125126885
1.1573573465123252 1.8960610449559163
1.212352775298029 1.9147272644895104
0.9052924541473433 3.6817850776437475
1.0261457119934434 0.9457874774645754
0.7588300790817469 1.5879536339053928
0.8841524030538976 1.738776125629867
0.6109402345749996 2.2321416986983684
1.3038252809427333 2.1265071594717537
0.6617770870549745 1.6148058375139955
0.8218185875855443 2.99050134309165
0.9598620908987011 1.6143790976796737
0.96502366356897 1.8727777463847202
0.8539140776619635 3.7592035873810334
1.3196960611161723 2.93891037495845
0.6978431182618037 1.5780624806276942
0.7131202419727073 2.7719871148238164
0.6426201170998742 2.37119781518952
1.0074362972125626 2.6385767097911828
0.6629468747945937 1.5068252426784157
0.728404206953351 2.773456946161204
1.150970690067202 1.1704478529173
0.6665559902734113 1.634969145031258
0.9003296284270939 3.2944696335659476
1.016217662030566 1.488422227086092
1.612829832512452 2.3159609478925898
1.0362553817289757 0.9662980565575794
1.0081099669432214 0.958822630205862
0.8718512521303944 2.5739812400516753
1.037802481112652 2.0918596241423875
0.6319432265972107 1.6476927679709963
0.8204656520370163 2.84823140712061
1.1580036668389766 1.0503526181157532
1.0871259361751147 2.0662903076523573
1.3684451058966602 2.3995237635583155
1.0555340489357807 3.6451897650087104
0.7237636043076244 2.141493909188585
1.1028235670277577 2.1351471640170097
1.8241555136009806 5.072799651563063
0.9217430972463438 1.8472486478938
1.5889938629574871 4.163717778327323
1.0946075894830154 1.1089851934533896
1.0244980755990103 0.9425772309662467
1.256438779421186 2.22016999951314
1.3189450776955798 3.9098937143369628
1.3096738104909313 2.7889364531101792
1.3038859492912418 3.9459036324565506
1.8498427633284247 4.125755495140726
1.1522370145918144 3.7708863882293846
1.2303158356374522 1.230499911177798
1.1050099946386047 2.1441304674563635
0.7615312611612173 2.6329496550560285
0.7842707793985381 2.6043634858805857
0.6813338445539329 1.8901446882013007
1.1669059606153345 1.0236967686422047
0.9124547189898672 2.6695933694463605
1.2466679589202678 1.2169756326975807
1.07138067874544 1.0114681482628896
0.9844384024194159 2.9362887901521124
1.0256413456037385 0.9526881198060697
1.0138548703316852 0.9563413688699065
1.13163247750888 1.0706188117896744
1.2382356678177693 4.063832129981141
1.0125280040130873 0.9548480908856426
1.2527537051137556 3.937963279850149
11947.170773766404 0.9413114488700027
1.128100887426956 2.519391940473771
0.8867344370143941 2.892377555321032
1.026382577118189 0.9222727788980732
38370.48868602962 0.9428375154744633
0.8794005725522009 2.6790982564132477
0.7588927907340983 1.5609156045001136
0.7344910936493529 2.7941870391227086
1.4463998822322397 3.8835694205838425
1.1899113032138724 4.965575297547985
0.8728710269137937 2.0712656460939467
0.6588519944046728 1.4402522491190979
0.9118909818941962 3.6497120323700045
1.0539649602703869 0.959969314956695
1.9224799326489035 2.977650054620586
1.0799932847996891 2.7467352513130514
1.3229497795382081 2.634270126346431
0.6913890474657575 2.649709785081006
0.761885632981821 1.6569393765038793
1.4092638251760483 3.665126775783934
0.8803670629224636 2.919245669196733
1.1328108051964636 0.9716229931558205
0.6726596835622416 2.27860212933098
0.7070085182022297 1.9803841165370126
1.2545615862320572 1.2096001341016984
1.2878478461815535 1.0194576471258527
1.418597205534927 3.242289179442719
0.8001137700478581 2.5366032549668236
1.8289883708028742 5.098290635357206
0.9720411057381592 2.024624421960284
0.9619624423669635 2.017874049173539
1.1286795442970585 2.3739412817882215
1.0750588316842005 3.0427114412699465
1.2582561168190158 3.470746736892846
1.4903598428564582 2.381979491637866
1.144094201025216 1.1557109329038269
1.036191439946536 0.9498919011954604
0.7030202839151025 1.5853078537083194
0.9308550992328395 3.0762412981399154
1.2246351344209703 1.289263800690804
1.8198047128342276 2.4428697533379813
0.7291080268994564 1.4974141862923898
1.099444935625882 1.6561776798786862
0.8867106785054246 2.9842875548898524
1.1199602314944401 2.4441785619346414
0.9956276138494473 2.8889504944827182
0.6138120834235847 2.24328192892303
0.6193566569442429 2.252002364879028
0.7588562363437179 1.5207306602666528
0.6878204509393268 1.570860842710457
1.0171946817225177 0.9113697381063158
1.2117585578861991 1.9469721387076675
1.8979187591128874 1.0898257978444252
1.0567242672787471 0.9661098959404737
1.0605890482671165 3.564799607408027
0.9520051709495041 1.7805950614126365
1.6505061600584887 3.843410917127817
0.9599519695835148 2.0835984925127966
1.270555972438837 4.926655644916688
2.3644935826820914 4.3926640477879
0.8640691597305715 3.7426990023711677
0.8486596930280785 3.1192381545489747
0.7653329972437829 3.034151732021806
1.475340443494137 2.3098178474334725
1.119974552111706 2.6880162911662753
0.8996998923892212 3.7472836648339323
1.1570024747349634 5.075314294277238
0.9670985706657939 3.938697699047511
0.580321439478646 1.9496462573503428
27327.020952872244 1.0013715787599227
0.6432426878322961 1.5906436146943572
1.6877698491698074 2.3250173993253513
1.2606029129751315 3.1341991206850186
1.144746185607074 1.3670872244083523
1.0136253604416354 0.9258050680569283
0.7446617057580418 1.5118101039504739
1.351277517907787 2.537214071582633
0.6702317997298342 1.601499782411502
2002.354959715168 0.8983053526119873
1.1485307984911268 1.9983891216751628
1.1385952435537339 0.9495656739098903
0.7891368410625228 2.552679795821277
27541.384005627246 0.9981707610141328
1.1285643531286658 1.7005584008869026
0.800995963873418 2.5510563963681645
0.575174050180459 1.9813237321708381
1.0707485455676573 2.1727520017970163
0.9554020427712206 2.8814492014147084
1.4407318746327835 2.1736408144796737
1.1623677054509698 1.0532807299660867
1.296104548170474 1.287845703933502
0.9900866417483931 2.079358216032966
1.1283218721798414 1.035002933498331
1.317745479324103 2.527199562185314
1.2454265897495447 2.000889625498906
1.0662361500382287 0.995770244057878
1.2536537163467134 1.2275800695627246
1.8769435625039783 3.196452258065336
0.7292517149753908 1.666042892928328
1.259070913867688 3.702646404513956
1.1671939777551774 2.046154178612653
1.029643122138308 2.883701128023058
0.7454150818346106 2.754804246751109
