0.016565889119076006 0.6071037849732752
0.01628325057791234 0.6178702737154897
0.016099313046584414 0.611693388645866
0.01655412715209251 0.6068252697501882
0.016522387148499403 0.6165526137003846
0.01615767358679355 0.6208199205107054
0.01638631089316285 0.6055226588367518
0.01653888977720573 0.6154692749814169
0.01635483460199055 0.6097484876308811
0.016279492821875276 0.6217267830038522
0.016311994997634804 0.609013981381761
0.01604575338730916 0.6234686318067506
0.016472047611910054 0.6124966835342464
0.016411870756384086 0.6106132440035247
0.01632374185605494 0.6129768338505729
0.0166044952247359 0.6076685438325834
0.01657903870324603 0.6145850115161057
0.016243051808119722 0.6179125803289159
0.016253071382606385 0.6090415020109329
0.016269891943406806 0.618475420538264
