1.4914664769158827 4.099741339756761
0.7222608405793727 3.058381208845624
0.5775067025477905 1.9975395900448358
0.6703377020557377 1.4526914303648895
4064.7119488158214 0.9080461032862794
0.9056478473774707 3.863664595669406
0.6247832039058213 2.2921331657436537
0.6511089889783425 1.5438431093184195
1.021188471775685 0.9387198899233358
1.2270750164662414 5.1122533137830395
0.8702382474411766 3.8684739605803116
0.8098364907140742 2.2444313510532345
0.6236613501994277 1.599800370097542
1.022784154647622 0.9387420943911204
0.8118024312497486 3.139644441936373
0.6266842387739743 2.298339050734886
0.6537145651875448 1.6283858580040602
1.048614920441513 0.955130147460311
0.6326032906496933 2.067488206528651
0.6693372932774067 1.56313230513316
1.0672882416487477 0.9851270558550982
0.7404326313175928 1.5113547670928045
1.0774008738170209 0.9645498477489196
30941.564540484396 1.0193653309372797
0.9862340357984857 3.8836156473083627
0.6416149398437797 2.2836645085845704
0.6529711772301944 1.5339388509057084
1.0191895899513173 0.9387514265230343
1.8524824903500823 5.07335669822756
1.2305652307785333 4.184239149193473
0.7375034876228246 2.8208231818898346
1.557684210001789 2.1776923074136505
0.8984016646997929 3.863804404941493
0.7505974770175744 2.803611904401224
1.318525517674216 2.382910696283841
1.0164527637750982 2.6963801959006233
0.999488336260187 2.0817464124901077
1.2154338976496863 2.0424150033953583
1.1785855557012366 4.93071233013031
1.249077133131775 2.9918593462829417
0.8186912640313698 2.3337318070294226
0.6339929804637918 1.5997365661727823
1.0142223523243006 0.9490964305943932
0.855582540608874 3.7601518277437522
0.7206885314671111 2.7719773690884346
1.0704348978162819 2.1561628546355722
0.75386211407258 2.7271395069000794
1.081787972459997 2.0442262936035185
0.7373611328228099 3.045718294377169
0.6385582303679423 2.267389902720878
0.6213142615893354 1.6014106476651713
1.022662170021909 0.979468301024641
0.8339599539964019 2.5967867375706835
1.6727059620355824 2.09832975859994
1.220986862353756 2.1203746593293142
0.590613244683595 2.02191531076096
0.6940446794479083 1.5473780534521029
1.0291245310407109 0.9736338562170854
1.558601059057033 2.194097634018285
0.7090448817337451 1.4868066167634386
1.043628912110825 0.9779371021830132
25767.80013247657 1.0025311069213365
1.2036550662611172 3.1681006479220626
0.801282601001927 2.654641583307326
1.120258186524579 2.00229385001699
1.27738942066342 4.006826635396154
0.7475552210217838 2.7974113094274453
1.2817517923545927 2.084549027745175
0.9155832802817596 3.8897617829005178
0.7212859955741499 2.8122192959363446
1.0101424625373276 2.1449429557659467
0.7637258401673007 2.6107875076729514
1.0411412434299283 2.0770375225112114
1.036961596187619 1.9363228134686208
1.2642682525975513 4.096379353296599
0.7303697517055342 2.770650011192279
1.6507687665004673 2.2046812655140364
1.2243589254701224 4.090466203285912
1.1988268302067995 3.5248969102253627
2.0840109949757686 3.0267615697369705
1.495278302818047 3.5301418424090176
0.8785764827440512 3.8326851601514402
0.7363130830567673 2.7903478230238377
1.5894349478764538 2.3022023407798926
1.7793003372269967 3.6478234455433745
0.7511662308796053 2.5652142239523315
0.9468931345882614 2.0427998189326497
1.3259571245596995 2.028808575511701
1.547040180566068 3.8964054405996738
0.8749849418924107 3.830978207405856
0.7515962141445013 2.6666204618872777
0.9949465900724923 1.9756264395116525
0.8855925238625671 3.85472973049718
0.7350389662531134 2.785572528652589
1.2048389546827698 2.145489465243219
0.7639657514111702 2.668469781319952
0.9406443760162648 2.098507384321355
0.9700102733079085 1.9895966736783444
0.876771806072704 3.8128994626130543
0.7285370005732377 2.8053908115566384
1.3735943472756773 2.214969910555452
1.2882245748157457 3.4677472083577365
0.7315025843447425 2.6320108113227367
0.9130689691252727 2.088494646003106
0.9550459695862697 1.9771246724189067
0.7356811757592848 3.0361864364710556
0.8182970835955808 2.615847847842907
1.3904277038942259 2.302251684635575
0.7492512022808271 2.5481815672133967
1.0200427445416667 2.077949585137309
1.012097442110931 1.9828431752314772
0.8292069123698136 2.6422801803516087
1.0787117111832982 2.0811054641499416
1.1382972602736405 2.001453088168395
0.5765217885144435 1.9951008282057416
1.1443387976197834 1.9262902245245919
1.2846669185150157 1.9138054681398757
1.1271293768223447 1.9289059864586169
0.6673433352099675 1.4517405324715356
458.9496636298702 0.8973110970105099
0.865904014862993 3.8180926951196783
0.6191144176111859 2.2771920232378355
0.6655543103353592 1.545416320865935
1.0115661237597728 0.9453054991252167
1.873175395584925 5.165825761375847
1.3824897506541438 3.9169059072410066
0.6948402721637694 2.696919252678489
0.6307666272941514 1.634085525207458
1.0194884220573206 0.9174771595458173
0.8908006302517245 3.8812552592700196
0.7736658265591614 2.720271310634785
0.6409443830584661 1.709562228667074
1.0299311078005802 0.9591570946089872
0.6390094950784291 2.3245869927225193
0.646295883759517 1.6621237538913796
1.0458572879580859 0.9540821227627044
0.6917807290473689 1.5839532182329417
1.068610251903148 0.9752633539849597
1.1481776476507797 1.0482712275294042
1.8534311336656297 5.080396553843684
1.2699180068713831 4.0064083949877505
0.7318123138632124 2.809090823266339
0.6334751310881105 1.6454441477526827
1.0110829168405502 0.9333395043866392
1.0706380743909074 4.647684599868407
0.7327105478498055 3.067427898581627
0.7885440142480112 2.8402146495569234
1.036630812592495 2.2426414380585786
1.2043350349878814 2.2820084575937605
0.8494250180820978 3.7788739186752665
0.7859879260246552 2.5822401976456435
0.6247020161960289 1.6992510827437264
1.0189692838065543 0.9545105234662324
0.80966961236138 2.8815833617845272
1.0771314321371166 2.227703013640556
0.6062247619618046 2.254479538574459
0.6158265770846744 1.6500999882786769
1.025128178038607 0.9701108716488858
0.6996238378479367 1.5727282037012973
1.0359826693216363 0.9683038422845168
1.1135205324270814 1.0433941735325394
1.238103677566265 4.080474601822556
0.740429963573378 2.8208623553366423
1.5032008032630497 2.3528602083370025
1.3255588014247717 3.9195266422066615
0.7967467776950479 3.0242451680636506
1.5936963908058916 2.5659736387015584
0.7497302626112776 2.785242200576382
1.061121152617707 2.1135138522430426
1.2461579439093275 4.0254464857614884
0.7415999843094658 3.0296861022978634
0.9674607088126165 3.6018936394953704
0.7553902958115428 2.790840374347283
1.5908571011485344 2.6603095973338027
0.9441832159948682 2.014250992120961
0.852124858671896 3.78877668973454
0.708238557704137 2.7798312317104807
1.2342473041208628 2.3040564711103797
0.7100156288791876 2.789394337323597
1.4815561553808787 2.398465168542553
1.0185292862510482 2.1139985346018637
0.7086190475635399 2.7919382804744
1.4819927717658365 2.3842262374671335
1.3175001529407862 2.2788296135945916
0.7054963615780896 2.2078416969365233
1.4480382763614479 1.9989273454207745
1.3198925652984717 2.167645562551438
0.6576624284648528 1.5436811605605205
1.0074231992569402 0.9373424360593308
1.2559797310087366 4.8322166688296235
1.092131128111629 3.607420666472149
0.646747420068249 2.4578031838475956
0.6416865871263047 1.6098345323598648
1.0330157359878496 0.9636933562915097
0.8621450951397082 3.807782910528764
0.8436000806616188 2.6834355717916583
0.6212515783684286 1.7009486752967282
1.024072178816521 0.9646881342324979
0.6531287430936268 2.4296778052028887
0.6207821411258114 1.7109258610529574
1.032589881216428 0.9751688681629183
0.6952081922755559 1.6258303733517987
1.0670601964444208 0.9909487579708942
1.141367780920962 1.028588566961187
0.8613905572843473 3.792798380100381
0.6907998924390009 2.6547286558129777
0.6178141503375405 1.7067903569785932
1.0131324989397983 0.9481331373843314
0.7937907861209231 2.875994163590801
1.7170731159596524 2.697359596235988
0.6383752008193969 2.4374442432396934
0.6078718898471603 1.7052691180420023
1.0380286828139718 0.9752883131154662
0.6908644137055592 1.6417788895577654
1.0365099911471887 0.9874938582235788
1.1125047266888193 1.0325102976195657
0.8584299137097344 3.797413545722148
0.7242478361758122 2.772867274973932
0.7325004961963688 2.779781285118064
1.7026464545451498 2.382808462036303
0.955596331238839 2.1277473825976254
0.7233349777146146 2.7811883036475082
1.4355976289817622 2.3530959673234935
1.0266519145675077 2.161970754400075
0.8156123844397523 2.1971319537371525
1.7422591528038236 2.46741493751151
1.7197136186033832 1.9983553187668945
1.1942138405286866 2.178290922990061
0.6263043531869403 1.605859315488548
1.0268321773818403 0.951032212371597
0.722372294629659 3.0455534688559114
0.6262805788428433 2.246318725109604
0.6500077314716212 1.614255392344392
1.046146902935787 1.0301787590007523
0.609242823140991 2.277290081093874
0.6321404321739857 1.6620167642680024
1.022991804641791 0.9624313713482807
0.6808539237518166 1.6263199978116825
1.047736540839472 1.004233172236175
1.12436851818431 1.0225735733398333
0.6143473415030728 2.2782179365392197
0.6234937999991791 1.6482556676937226
1.020220373482259 0.9295867810660661
1.578345045642516 2.3541552158994143
0.6543241694838569 1.6316502740056067
1.0422753105136064 0.9706212951097231
1.1124878824196973 1.0362536173668169
0.6175702447567016 2.2492496815183034
1.5841130314013383 2.418541001753637
1.8150938004116535 2.0448385342045663
1.5208014809728603 2.064577415118141
0.6178176494702053 1.5919595749930258
1.0025282460199558 0.9186270812397137
0.580340551367901 1.9942360133768755
0.6489843760783889 1.5440718561385955
1.025059951731988 0.9638556011665527
0.670651876535411 1.5548588075340841
1.0105087948213056 0.9371403137417412
1.1043939170275694 1.0277547254752057
0.6899463900093348 1.5612793819646047
1.027855703403304 0.9648678118904273
1.1130474556164847 1.0362159849111034
0.6553421200307072 1.5494472675764723
1.0258321389797116 0.954350111211939
0.6738811391488058 1.4527155464212784
1.015121944929172 0.958353419004077
1.0836599076025644 1.0157055071851384
1.1156337343226073 1.0393789054290035
1.0112015178965719 0.941775703482666
6807.2946209267275 0.902556363900619
1.0367192790508857 0.938142505199332
1.2174109606897596 3.0615860788158464
1.3986125767179778 1.022147924828725
1.0513840895852915 0.9739895977373139
1.0431430290460457 2.1652869585088963
1.873607847239017 5.167092466596347
31797.515685659317 1.0297315938166574
0.7570205162761393 2.863364885682074
0.979993530114263 2.571876254617229
0.8782162413978397 2.859498034607037
1.1332135067465767 1.1589386508328994
1.2705706261852665 3.990854799467169
1.1553149827902562 1.8788499369705967
1.1984484115033036 3.71154942146509
0.9279990234775191 3.8804756353718446
1.3788070342360548 2.2948588095638693
1.228481140023003 1.880337647093744
1.7602071634905827 2.550600149531923
0.6410509797320024 1.7045784954642986
1.055675660266992 3.8706648033090536
0.6548118337863499 1.6302857030846065
1.3652060418901881 2.0785458382050206
1.0190027543419333 0.9545553828847558
1.0246313466126122 1.39071297649083
1.1585651943352138 1.0935539822129956
1.9260022885846575 2.2819356803192017
1.181902887180236 1.0904791012004509
1.6282202564424768 2.4214557167579667
1.4258846692252471 1.2535160961753673
0.5926211994415345 2.0180565887903317
1.5560387325323253 3.6399490527366516
1.197837967737379 1.1236388204728163
1.149949386259171 2.6527739467731024
1.0371212827605496 0.9780343120742235
1.4998194493750416 2.432143901341437
1.0744015971204952 0.9869656660356992
0.6220297232027096 1.6992419904461151
1.0643635954711255 2.1047943626371555
0.8826341359238477 3.7250314647041
0.7313745658252417 1.5879228065409785
1.2494344645360238 1.9991215322844953
1.2263319916073505 4.080042323986814
1.4022306151633015 2.172433227272522
0.6724367733093755 1.9642268355902288
0.7542252287501967 1.6221747115100302
33439.63243508194 1.0307733007898432
1.0737511903449415 1.0030521323701498
1.0462883094563233 0.9544747138743193
1.0881368640337439 1.6393402472257317
0.7948673002579961 3.1373818770396436
0.9056388075030533 2.783071399307304
1.067829328441418 0.9941263254978691
0.7516114373839118 1.710432507405999
1.209933191133954 1.143356371705638
0.7364257614294677 2.7613818742129905
1.2401794542116733 4.108235370205059
1.1631315854510378 1.1785259656972238
1.4922679039981075 4.101332991747138
1.5380703374536409 2.4816477162628576
1.0308720262341704 2.161478954149465
1.2550052061229415 2.280856230020997
1.2078469671710668 3.123724918052307
0.6570809372873436 2.20375460532348
2.0143057688537724 4.942407297737254
1.1165445156397422 2.9232754690221894
36551.38291627217 1.0457827453926922
1.048965715699743 3.7183287247227477
1.0639567709774127 0.9718793488503799
0.9558734985874636 3.0203357033722464
1.2847457613381026 1.27088129572299
0.7006161021304604 2.6634309487030072
0.930112227424055 2.6127794626512153
0.6923746880012346 2.3119552435217714
1.625124934764898 2.4334561661575265
1.3314562844438411 3.9036933747876903
1.1656488766677116 1.1297864699239155
1.8113019076834143 4.087628185519108
0.690409583596191 1.5625001895991835
1.035187149337196 2.703858966022705
1.8950131852943828 2.378414886880045
1.3590550028557198 3.859680343795907
1.0737131298874276 3.6930340256801735
0.6101710581759607 1.7083689028621887
0.9514169792614605 1.8017602849762158
0.697671021667285 1.5722110658587085
0.6431318745498478 1.602866729278226
1.3129110401884214 2.070242703617526
0.636873798551219 2.066223595397146
1.047441029599091 1.035068032015774
0.8599058556202033 2.753366661783349
1.3840471732630553 2.0484035777501224
1.182316017436127 3.8845967462481665
0.7233208590173305 3.0441386191139235
0.8707166520355727 2.104378693762944
1.193176654448494 1.104990791860556
1.1143027718291878 2.019622263947655
0.6422892710859437 1.6115232131021437
0.7158736512225843 1.6020055228618921
1.435028694953879 1.1302676755373509
0.8666036042291484 3.8139356811384815
0.6179641365204228 2.2752339793642817
0.7845690175008967 2.762435196535689
0.6657369231620655 1.5708782794482115
0.6550016139036009 1.5269907433016927
1.393108132611523 2.2884000451384274
1.1978974659990749 1.1875419015734499
0.692395776957874 1.6488987056926259
1.3279965732821544 2.9337122031132745
0.7873368483526788 1.4858306621786086
1.2501271719986424 3.2438763223825626
0.6048435942220499 1.9723273324902564
1.7077075572568459 2.381133234515835
0.7344525058787125 2.7800581477664226
0.8140654577262071 2.8907652517302433
1.3684126037528404 2.3582108894808247
0.7550992207903858 3.044651303698097
0.9628947919646096 2.1227123724030585
0.7689064038585688 1.4884590000152662
0.7814518523924825 2.7489295628388786
0.8016166704861337 2.6553325187470644
0.6484087702536945 1.6740086923806774
1.3868906204669118 2.1441845228933403
0.7703249936840938 2.633968474675117
0.6309570762616347 1.7111168725817063
1.4562100595716019 1.1012020012083439
1.3320500439635026 3.9074996869153438
1.4184777623962124 3.8479234603572885
1.0373461406461357 1.00335864278976
0.8045779963777421 2.808326648843213
0.9796921865046421 1.4886934596453987
1.0056080583241598 2.0838287877531987
1.4176026494274094 2.3017441186641774
1.2311895624436975 1.2048912248469938
1.326291281731831 2.1179140929880997
1.012127087295975 0.9358611088750672
1.0191063961062392 0.9432629723201679
1.0844711664606739 4.594702513360315
0.6648730139690794 1.5253031805739048
1.0909900638699424 1.9399795217922617
0.7577208535279751 1.698356568462586
1.014387203738616 2.451954083016513
0.8674506582865884 3.75744464046061
0.6459226463575041 2.279663428621979
1.790856879705753 2.0819433992807053
0.7819223439030405 2.8266101256409066
1.3624405602780212 3.0731340775851876
0.8930963583635599 3.8978899257854303
0.7967467776950479 3.0242451680636506
1.165501531741853 1.1616755713122318
0.9684164786143473 3.6033361517938927
1.3698781853966364 0.9994751701163616
0.9532179676091282 2.00543427736043
1.0382125444059622 1.9401756007665094
0.7383032276162914 3.028181417152882
1.222038789570207 1.5648819104357363
1.0461307577771382 2.801151290186977
0.9709263854770271 1.991489508465424
1.1078699254431479 2.871536642241858
0.6708497404228243 2.3274686631916164
5437.3718665961405 0.919471904157263
0.8664918477336818 3.785325852562236
1.171147837992332 2.1564098508512224
0.839730388540684 2.987291360618036
1.2863713057220818 4.005095137890792
1.204953811108557 0.9413420748650941
0.997891944928291 3.960582245555695
0.689611936714682 1.4622031550868626
1.4358677648310443 2.2451332219957747
1.4606569359403527 2.3616494250622777
1.584597903338293 2.4180492886932434
1.2221057550429484 2.054939698450801
1.1330189964487665 1.0464637983163594
0.7247909972209448 2.244655401712227
1.101030753606432 1.0589899785475312
0.9936319006482216 2.8037347076416976
0.7902979693284422 2.835923436334825
1.2300237598133896 5.112674268684162
0.9620186886301465 2.5679349797307056
1.69703790112113 2.116112453508166
0.6402205779668024 2.4330373311331313
1.1132618240333525 1.1389270362542123
1.2909484809094391 2.345406980250993
1.0707338914622528 2.153923090866961
1.0063274819714547 2.5309960680998307
1.2751739104537712 3.990430821708975
1.0477799132602468 1.7032626454113813
1.2457496979197713 2.7781391940732787
1.0231445105894654 0.9628195581063284
0.7512067695538283 2.5632945161861094
1.2293729346470388 2.189696877923576
1.1505378545137865 1.0140422805561127
1.3390425866720852 1.977040781173455
