1.3350427520465904 1.6530451968971265
1.040267734277475 0.6881531597732992
88.33132076549158 1.519232535237558E-4
1.287573553318007 2.031711384082437
1.0979989614605743 0.7670348103687354
1.1658002589820387 0.04441009329684153
2.557939178354336 3.1915351791689455
1.3758010869228519 2.2547363576876887
1.1039818735279696 0.8739625077654398
1.5664814599043981 0.27453440793133954
1.4889645526180335 3.314562473493261
1.2689099000244721 1.9794589701996472
1.073618607386367 0.944571088672682
1.1578605481051871 1.6395575321159575
1.2671944273545397 0.9362954471501714
1.4779883515939023 0.9621886116589098
1.0918541636947727 0.8159040522338137
1.2531503704727345 0.0958241658821598
2.269120274522833 1.7790814630498228
1.159331547010774 0.9948893286639092
1.6679906480849496 0.2781829014487669
1.487475855779457 2.4947424520480483
1.269227956646712 1.206581880727079
1.2918833602815347 2.047336876088792
1.7856174663425328 1.3435728028688398
1.7572091694333745 1.9471274033704273
1.1288826735262394 0.9805886463190847
1.689067772460049 0.36341450400544123
1.7623594538121112 2.1270733417941488
1.1385837321738952 1.0923572332273515
1.291395164290117 2.2971937794680524
1.2084865298018956 1.1737833121167054
1.669876956513598 1.3078775236176232
1.1820203489148478 1.9794504153329684
1.0265839854810672 0.9016559171520818
1.2765820224887383 2.0689942000097274
1.0876133770017666 1.020282887721859
1.3334728461151024 1.1170645987322754
1.1253915318604921 1.6383388020114185
1.288130988661447 0.9627645726672028
1.3479480133001551 1.0091728330607777
1.5038516201083114 0.9850584271759127
2.0300273566110456 1.5007424468924548
1.4851401042924541 0.9074869436344243
1.2172359850212549 0.8883785881424069
1.640999899161872 0.18188189960238724
1.4056682253462718 0.9144336685153636
1.4243364733490163 0.16899798222569032
1.192092514925122 0.924773132987988
1.6977357313536263 0.43295666762382035
1.0369234100728415 0.786398333432547
1.2833705648778566 1.050258567765722
1.5157346552766522 0.1753463907322726
1.5453813912578753 0.9956605089824748
1.5907773460065049 0.22892518630278486
1.3926685513231538 1.4433726824228943
1.9222005464873906 0.506432645727986
1.081859964426727 1.0176746379187152
1.2800554464303957 1.0349801753674779
1.644520829362897 0.3183587860733172
1.624209419411804 0.7941874891515102
1.854326379029703 0.5386095459034683
1.068613713998475 1.0558746617145705
2.246317960347253 0.8470747563972801
1.0908803986216098 0.9836458825136727
1.0978442495012666 0.9128709813871789
1.094655005822339 0.8412076968269969
1.1166092430915655 0.880040724086506
2.0745483824637247 0.45330250898911545
1.641334677793108 0.8193900373551974
1.6300295206313598 0.32541751282457193
1.84707968378448 0.8494716694089449
1.2907711736752348 0.1459013889153261
1.5250273131660128 0.657598706142937
1.5005208101430811 0.32823496697338206
1.717038989579836 0.5052536458013097
1.992564518853042 0.4625009795174302
1.4103121955947149 0.2231502604912109
1.811789888496253 0.7322992845974473
1.4446019431319639 0.22845568479803213
1.3389500490005444 0.946366745744316
1.6401872547859007 0.41862329508553675
1.886680692570775 0.6113650357029793
1.3022736442345817 0.977675480197755
1.5895690170988312 0.3359055441375719
1.2270877087044698 1.046961044056755
1.7106131714673232 0.4738327799722598
1.9127356727382399 0.5774257464579098
1.1357795594092424 0.7851527750078207
1.8720093063352792 0.6151044483458717
1.3336243104630703 0.8528631592159032
1.5616151702146648 0.3035594723814708
1.8209180233876787 0.5295680726223649
1.2394631766999271 0.15593384440460267
1.6380086292227087 0.4771952258121357
1.1559094179577167 0.10790529739639151
1.3362280616082542 0.23150975735198426
1.6033611744668637 0.6328256589894807
1.2462792002219578 0.1502614255867638
1.7184306940655008 0.5476694880527505
1.2969487254568262 0.20656181494630757
1.447901611494055 0.3058154223352043
1.4894969486272682 0.6058184943066645
1.4834563766130833 0.33236678471766296
1.5579020116694489 0.38203308320913526
1.6953997792683972 0.479697502770793
1.5386538727347943 0.4479634952576184
1.185210248612987 0.1288016575986491
1.5746212708027496 0.4492707732490387
1.0064810221927678 0.018649650159040368
1.0931462008448944 0.08535913083373547
1.4527100689606431 0.49991118376172033
1.17988966498729 0.13806666869084128
1.2274824377775566 0.17194368519010916
1.407547553432025 0.27474821685973055
1.3753607181385956 0.41244801141089316
1.0050578461505881 0.025082546384210855
0.988959163974856 0.015622279508405596
1.1556809516606992 0.11756836707833122
398.4030460950377 9.895490148218076E-4
2.1251274907629334 1.4610148959532698
1.2630072519424176 0.9658746008189244
1.2858282705721171 0.8613690779519009
1.7481976043607068 0.3534989456519339
2.3130359678930126 1.9190933568893758
1.0738400533666406 1.1108881715664856
2.134760167831078 0.7696949870028711
1.534668635969044 1.7488939172461901
1.8294303638273162 1.4822215335891873
1.6076858453086236 0.6528881368487746
1.64527025888777 0.36636467183173005
1.177365739759963 1.2162281743382368
1.9113587491093256 0.494037682820546
1.8761280007293544 2.2437200659274628
1.7645872014753274 1.62014339328101
2.1012844981428107 2.077869772065947
1.3337021675328542 1.2711507495841097
1.7766311843620446 2.1543443826236093
1.6814865204329585 1.5905525517838401
2.228360532674447 1.8699886955336107
1.342250610051394 1.8515355925190944
2.103554096490494 1.6780370188568496
1.1417141496317091 0.9599282381374374
1.8374399059715831 0.411432349329769
1.7109038551634592 0.7567541834352018
1.6952056188252171 0.3080960405570295
1.1672772352035 1.1756341271079287
1.927916939335176 0.44932737628063785
1.390939061599275 1.1988219099066086
1.5144191515229193 0.9545911221278911
1.4424002469814756 0.26529685304327566
1.4371788688051454 1.2114762689145042
1.936847414809724 0.4905276229622836
1.3254184213368314 1.402484027055592
1.1266091751810001 1.2436891568622706
2.3001803972592656 0.6156017138156068
1.3262546254199856 1.3924757042969653
1.6874637225967124 1.3131701465509382
1.4824912442456704 0.8028582730000732
1.6348673370077074 0.35533275862643
1.6395529988604536 1.031531300812015
1.5569250271036266 0.34001731419692427
1.2890038983224166 1.0026732146183608
1.8341913180988598 0.48591331923164444
1.5511204568855321 1.1395477914916685
1.5151586290937045 0.29036976029142464
1.3238577430915859 1.0845972999608269
1.9602276677426451 0.5874866631555806
1.1090307326268134 1.0659710601033523
1.5069118600503861 0.943786225152305
1.4758050312575257 0.3047814485922397
1.6143922765497143 0.6503191078562405
1.4407759493225598 0.2927631227600095
1.6515188639413738 0.42317565895228393
1.4726422070719676 0.6692208063396117
1.6542791033007087 0.4019257819554708
1.7916713746435393 0.4923291317981597
2.007141675869887 0.6938664238015947
1.3362347639682746 0.689961064913535
1.364715153718924 0.24374074557821185
1.4007429635559705 0.2713385047584621
1.5745545803258714 0.36630158110365285
1.2952454400807283 0.21236206604689256
1.1431310164782318 0.9852901489628595
1.21007725873415 0.962102209457968
2.387398252619633 1.8229770358735684
1.1563917792873137 1.1547509981229018
1.7002160677874647 1.356184176838479
1.1969580186560267 0.9764011421294763
2.3177285588082177 1.7618115858569137
1.1071659828900806 1.2491577638728906
1.6260620665680876 1.4755927429555766
1.721428431402407 1.8938279762036754
1.5156624644074146 1.3818898209234314
1.7274992728173009 1.5025743614085263
2.089557032714561 1.6005082091182485
1.1461206620185882 1.0267177647879773
1.4000463399302165 0.971361535388219
2.187582447893528 0.7985790306188716
1.1254122790128507 1.1140522124625667
1.097949507246831 1.1885852565409256
2.0867245205989313 0.6745876357667304
1.1889319827461415 1.2352263523340468
1.471078751263937 1.345644273391465
1.316428789294285 0.8890885666738033
2.0386732295801937 0.6789380704591956
1.259778885135948 0.9038280651336849
1.9968073494370542 0.6695256661382375
1.1090307722099817 0.9986780059189239
2.240383086881187 0.8097242351395741
1.1718231962036803 0.779231570518176
1.8321455618286597 0.5472756979013361
1.8901350954590304 0.5958739595789023
1.685584282055315 0.4705451427712514
1.9537183422275608 1.4556141871202781
1.1547517599907153 0.9981128397920793
1.9162569002305712 1.5726476978318797
1.0224768028576285 0.9725441514172137
1.3332299290109537 1.1350129433079394
1.281920145529302 1.1307889453904476
1.4056137263704969 1.2208376404957
1.7112789093590783 1.3489510230008657
1.9354298175516775 1.4491462626058487
1.0403656616642374 0.9810335649344677
1.0632311422370158 0.9924424653984923
1.2878558749413094 1.135233665468725
1.0266516544194566 0.8791286607827105
1.382913673851887 1.4762590982570285
1.303102568313998 0.9893212957805887
1.3506933845772684 1.024696336330112
1.5400266270921361 1.1410461548171065
1.2718223997680997 0.9753161664443435
1.5132231511269942 1.0002585026494575
1.441726815814573 1.8017719930326437
1.041668899302886 0.6549800128158209
88.46758619468616 1.683152729246018E-4
1.2914429574678936 2.026275803781122
1.0990911902433524 0.762475380492928
1.1661253051701632 0.04526581551949896
2.5846541626040516 3.186609603626331
1.3768022306692411 2.407995265473609
1.1134510215797397 0.8666015851211168
1.5666575363581994 0.27580485992109244
1.4923014929782896 3.3384788715638183
1.282938182771764 1.9647069242687127
1.0865138793994764 0.955250439494339
1.1579301613313997 1.6372696988796918
1.267299263308663 0.9363858201194835
1.478476130978558 0.9618918548403643
1.0972131198268449 0.7885532332231157
1.253557568478417 0.1175026850588019
2.2753088895855234 1.7726018966215418
1.1612573478948118 0.9901699636117544
1.668359983997667 0.27656072074008486
1.5167662675227502 2.4653571424446143
1.2762049502600974 1.2261440934812966
1.2968496754727616 1.9221069686200245
1.7894775612124871 1.417798281056592
1.8396768514989974 1.739864831480566
1.1566295695842814 0.9555075283404302
1.6908276804098878 0.35814511882178196
1.8289417411302527 2.022758106936603
1.1400373736462694 1.0935134087051417
1.3059079541614405 2.2763654677872394
1.2747700745590043 1.2154335571310824
1.6703681425469503 1.3080782386390328
1.191131871842911 1.968026157256892
1.030645790505739 0.905828912038353
1.2770988788063593 2.0689643730579697
1.094201140925121 1.009459565265353
1.3471227773935572 1.1189714764696186
1.128265278183947 1.638637445701712
1.2896132320281612 0.9611964103504301
1.3485692404245486 1.0105983832806211
1.5038938998403606 0.9850844352535659
1.4851611718404971 0.9074690345453698
1.225437698354593 0.8809895316421923
1.6416909439476721 0.17041891017904656
1.5996653938449605 0.7103134355121008
1.4246805257272595 0.16704321434256222
1.239521130129693 0.8486018229475041
1.7054645117236564 0.4229375454181366
1.0568458691187226 0.7546846060844903
1.286012767502763 1.0582149116399888
1.5157585987643598 0.17565397424067036
1.5518188838188374 0.992767898472938
1.5912180934602431 0.22901959942571154
1.4063681888695154 1.0007434132856812
1.9233349047019872 0.5074892518389971
1.081965425067495 1.0178246867682887
1.3040017986733328 1.0073814926218265
1.6456881341888008 0.31929270287122097
1.6308109510081952 0.7832868686230864
1.8544286252032656 0.5384208028186677
1.1404931844219441 1.0021203257576112
2.2490156099193914 0.8433417900088265
1.1002918132477137 1.0019930874600804
1.0987000907451625 0.9159740111979342
1.0970631159573037 0.8436356215929159
1.1790256168923374 0.8654853188116423
2.0784395280964176 0.456288245514342
1.6424100014601732 0.7317142154987235
1.6317016195377398 0.33319819706293347
1.878247654598633 0.7691576740904669
1.296243526080471 0.14839406485126302
1.5655766209754785 0.49273106940632194
1.5009476859633284 0.32866921271037264
1.839456440968287 0.5521251227398547
2.03283423977469 0.3635573481288429
1.4103432437220529 0.22254439693781103
1.81407902064173 0.7334672689537618
1.447332442135568 0.2826065502998439
1.3844057695892464 0.9563318622849308
1.6406300438289798 0.41722823229593065
1.8879688557122472 0.6047556706921922
1.7367741457390276 0.6440430520729694
1.5895948293115696 0.3364355480341855
1.2529476255645304 1.0194865385241396
1.7154775732797605 0.4774243106034638
1.912758610388523 0.5773635457514359
1.1540318817339366 0.7796574282339095
1.8802579077735762 0.622013194377588
1.3389836523618184 0.8362088434999349
1.5625446868849888 0.3043794202771313
1.8297587660258654 0.49877555194027984
1.2406476362601848 0.15790818289983366
1.9015174203740108 0.32247717882737575
1.159377101408149 0.10699868445083613
1.3371132598658333 0.23144509243677777
1.708336573418243 0.5950625664334154
1.249978958212937 0.14804448469583092
1.7834594676230213 0.8290540517132553
1.298297155445739 0.20896837618699932
1.4495619271815243 0.31511913839188666
1.6264210474615162 0.5538582923629805
1.483600353905115 0.33236774221707804
1.5606772516597995 0.3815889806451496
1.6958875882363778 0.48064572091334223
1.5570981059338973 0.4265988061118128
1.1856405269714971 0.12878800802116652
1.5920902064233022 0.44234327956247527
1.0214322056999585 0.012258672169526209
1.1094998041467385 0.09782412593055542
1.453930091394191 0.4884125740714298
1.1841566645123713 0.13589940728776076
1.2276241849833 0.17151895427376151
1.4075512448805125 0.2747418777679904
1.3860542258503936 0.41821772691280124
1.0051060484951613 0.025134434609131888
0.9911716829867719 0.017474979809215627
1.1572481656153129 0.11767999405905807
471.2999023096029 9.151190774344965E-4
1.2659974382518613 0.9697358994137173
1.2967941763362845 0.8422176309009102
1.7493799476475211 0.35275806677929067
2.3305052555561017 1.878952095146816
1.0958401945448 1.097874787483857
2.138965068440908 0.4440054311605536
1.5604981296622034 1.7035651829878795
1.838663080692311 1.4962742745697977
1.6613017874972644 0.5771909101811048
1.6454223404786619 0.36654329426100485
1.2359503799928448 1.1763460928427312
1.9113715277889638 0.49403722524068666
1.9075683825778342 2.059305309022372
1.7661699992678392 1.6402656973769174
1.3340774152710015 1.271056294534891
1.7850357623166337 2.1236935249996
1.681705388029361 1.5899614640745134
2.2292176305478946 1.8734152013374907
1.3437168658156482 2.2018720672902923
2.104501385599885 1.6806043594561921
1.232540104672585 0.8924067231080461
1.8383072711920583 0.41090091391123024
1.727252024217013 0.7844734272327785
1.696034367353267 0.3073032261506189
1.1740759986329428 1.1382955144566627
1.929332546057007 0.4626555857270049
1.3915315252224518 1.2096074989065346
1.6159904517382182 0.888245844663744
1.4439366031513883 0.27299999063476954
1.7742185311471341 1.4780949962726844
1.9379520064856037 0.5012937514282942
1.3255475095986395 1.3926442080092067
1.141608248178544 1.2413511374135413
1.329430053452463 1.3630837314052935
1.6878639973800402 1.327574030752634
1.4941264815626614 0.8004044588621817
1.6348880596401094 0.3553322929207519
1.651867644241483 1.009621372524756
1.5642301565077066 0.3415763774882995
1.3730139748856618 0.8472565199981238
1.834519553793076 0.48548178832934413
1.5593252201920746 1.1221526239458717
1.5162476584521611 0.2904414044946544
1.3499643085113637 1.0647760040003849
1.9604153575508194 0.5882913248616841
1.1131233094635136 1.0510913153803307
1.9172941751709538 0.48279583983892327
1.4760756415900942 0.29994479978248867
1.6810555169695143 0.5201431177019809
1.440797033072054 0.29278813571251117
1.6526318945111118 0.42850049885792246
1.650839465899382 0.5243809652249992
1.6547170232644044 0.41381495995181994
1.7947270944722145 0.47969870541560894
2.0106004162895204 0.7000100861395204
1.494321229047809 0.4529635181962055
1.3660059433044 0.24485580426762724
1.400832998437389 0.2708062873242275
1.5746215118410216 0.36635508804529543
1.2952849544076157 0.20988398243654133
1.144887179408126 0.9889955776478032
1.2152062739715022 0.9717765052565555
1.1580683805706748 1.153130936381577
1.703252039612825 1.3582704428280987
1.2157018420985 0.963868911933701
2.333919983700938 1.6338047425158035
1.1186318195544498 1.2646921538104055
1.6325185997754965 1.4585685856331359
1.8816931886021617 1.6249402007626936
1.5183467941377515 1.374786632643814
1.7285395964214176 1.5032969426563918
2.097720698598351 1.6211216807776752
1.1545249259838943 1.02770745894231
1.4005625285964776 0.9720177413371804
2.190290342822688 0.7730739287733798
1.1325572151285823 1.1319024964258406
1.2215305990739955 1.1565094288844788
2.087551155420832 0.6752254083670237
1.1911193407416594 1.2493359076620862
1.4712689279005449 1.345724509297164
1.3900701592963798 0.816783389875451
2.0576428322691855 0.7256954934007322
1.264779667834674 0.8985003100264073
1.9978211194600661 0.6695404290705224
1.116566130794828 0.9953641954998098
2.24054245449365 0.8096809816062008
1.215544592573362 0.7456384634534263
1.835933930234821 0.5532831866990623
1.894581793635933 0.6053699296341781
1.6968942588772271 0.49310091965119324
1.1579753328363884 0.9976211526529041
1.9224215205177684 1.5743238637447632
1.043054551739109 1.001368655467013
1.3452902569675003 1.129895186908774
1.2902041074355073 1.104916154435513
1.4101298828159807 1.2210350088638142
1.7115156797719175 1.3480216932124767
1.9792063472792507 1.4131711994098994
1.0408167016918717 0.9729713457583302
1.0644166397197232 0.9935293904333459
1.2881648979388092 1.134410110802452
1.0356097889651628 0.8764751948433953
1.406311137306779 1.4865961289439662
1.303281782334738 0.9895343570626235
1.3542300042575728 1.0263139094512943
1.5428761542992724 1.1428083005131273
1.2718488241629644 0.9750534591060369
1.513225329545862 1.000258540856737
1.2284797535436875 0.9033771704041603
1.4801562139707203 0.23513734912254378
