2.603002052143829 2.7639850617484463
1.683853591688589 1.9326532980872284
1.6115528743900653 1.5738431650229852
172532.69014324894 1.0269753286866965
3.0424595565787413 3.0312084138739044
1.815235877231642 2.0229623756231954
1.6060937135721065 1.611664389026548
1.8127496198552222 1.207504699560114
3.933286313570733 3.5980590737424674
1.9170942468638175 2.0387274452159123
1.6037788495962255 1.6627828608457593
1.822216797853241 1.1942306039725252
2.5271592086324577 2.7257871340497637
1.8329640468996522 2.025783741155576
1.6158870579282278 1.6647628623501114
1.8366974411348584 1.2146938494459751
1.7308107671431476 1.9485574320892305
1.6443082090323342 1.6626601385999382
1.8537483780615813 1.2361237209584897
1.7006479841502387 1.6051851013096972
1.8733961053643353 1.2429371927866866
193974.11170344285 1.111951095285181
1.8090314965126568 2.0167978695694937
1.5994049800874166 1.6226833305240427
1.8126477649170694 1.2081606254421744
4.2777976578114805 3.790525181248312
2.5577334368358153 2.6790107803332246
2.768937831025058 2.1707837334429687
3.1083551976265538 3.052934276822847
2.5878672076710703 2.740641820133872
2.669760481382408 2.233832521724188
2.6061860597291737 2.6524533477889323
2.7418614424244816 2.2535448748080285
1.8873079415323721 2.0364966308398356
1.59155438696303 1.6452422973436633
1.8146939531578723 1.227967623203646
3.3715784775743 3.2906417482251333
2.546700891536825 2.717369752962136
2.7305937591862635 2.300557856467297
2.57374256519672 2.6553055202158458
2.9914605924900752 2.5123996787576153
2.8568241611108007 2.2826503210184854
2.6450109492039187 2.8429580539918256
1.7841850738903338 2.008886413502446
1.5896309638655945 1.633119838786565
1.812847547588835 1.2000946645232007
2.5483162368015724 2.6356928692103443
2.879007329048509 2.234301618156797
2.808360760922462 2.2298278693814906
1.7162339357503584 1.933239010627959
1.6042281661609517 1.6420729478064215
1.8203452062307521 1.2358141473968507
2.8246011839317253 2.156180451556218
1.6676970827628175 1.6095835386633344
1.8370218264907296 1.2480015131691409
187221.5767992753 1.0823560823113707
3.123739475036378 3.145307044796673
2.5117697484169494 2.5972538505276477
2.8921181160502134 2.148382032931363
4.100780261376293 3.7056179840676267
2.5558378511955606 2.6755036995859984
2.8039372560260407 2.2253467379893017
3.7164168032669043 3.4183069103577455
2.568682294735651 2.7025088348883637
2.6362725496729396 2.2357389355800654
2.5234756287512434 2.585204690857774
2.6776875656583243 2.224502965568753
2.796048005765716 2.1748874198804216
2.5502584353129034 2.7207343446431684
2.690019659150356 2.229138102372233
4.157375328005514 3.694875843555216
3.796607677698479 3.4928269498543534
3.8125055888592323 3.3989830294996977
3.9009047619357253 3.5929360212212758
2.532633194521562 2.681983476406545
2.625177065136637 2.2553767573471837
3.7954302081174394 3.328493110653767
2.4712527686079766 2.5607353568751448
2.7502564643671352 2.2264780967181483
2.743122708727774 2.171292552910659
3.7986478163488457 3.445947136280431
2.528633230942489 2.6280165695426847
2.9090546780018793 2.3036735909315023
3.6811478695180915 3.4492741901549318
2.540025411557591 2.6826355070778822
2.6254817642072075 2.248917989313597
2.538202845960451 2.682851660847491
2.6310421842017924 2.245369917220865
2.702960105787043 2.1845399228513456
3.746958304588232 3.519959975922693
2.5527653821415353 2.7057283364180122
2.6186811925817546 2.2314936450545515
3.762232876015686 3.3428343506445914
2.496832560425909 2.6301143818440806
2.641417738444426 2.257139826787477
2.682680098358318 2.1761920077661037
2.615145045316667 2.8400551624051715
2.5002450924239423 2.553096836380656
2.7000583802813463 2.198081085975611
2.5046562351522064 2.5587064953179053
2.7406552824137185 2.1636368925047456
2.756276399325265 2.2129496565719333
2.4984655921301147 2.551838116751438
2.661299534183313 2.2121384833107185
2.689221076809595 2.1708465921854
1.6833424882931887 1.9080140380916855
2.8247282489976016 2.21209574902639
2.7413146917161377 2.1964762818571266
2.7484574868919163 2.174747123532019
1.6171232137393867 1.5468412941964012
172867.440686136 1.0298098591183797
3.0124173117996444 3.0593725563259366
1.803266804801722 2.0031458606783725
1.5958048788665364 1.6278772533293115
1.8121332559360452 1.2111517104625107
4.074140278630716 3.6994189083987488
2.058004169639256 2.131251740201957
1.5916295243091592 1.6657762980456143
1.8067960828571397 1.2168081534097004
3.328368831792499 3.147531876124183
2.4474417214945743 2.577227162363413
1.5976036489700451 1.7310652257899173
1.8149441749925277 1.2121115501814304
1.8355191775470583 2.069387577662997
1.6163251890619974 1.706723448579285
1.841470939336355 1.2330923140523837
1.6717973901441943 1.6625570652656045
1.8649642249713547 1.196240015097113
1.9260785823597844 1.2607189279667645
3.973948332422314 3.6150694697142742
2.0385184448200997 2.1269518629584585
1.586107866787187 1.6985563844301528
1.804979520882371 1.2144494611165768
4.144572882005665 3.7082633118107022
2.636667493624217 2.7928869206579536
2.809559919924177 2.884414732653057
3.114599090342399 2.40952614330684
3.150253944231499 3.156775009536548
2.009023740664332 2.0759446418786247
1.5866887857543934 1.714864264393836
1.8045398746484962 1.2184911766955164
2.573809514526455 2.7458538525220657
2.925393402721396 2.430436616895145
2.8931983272340265 2.507339065523281
1.7972159323021772 2.0314633394161974
1.5932536283440357 1.6949984652331316
1.8135057992677648 1.2170585752818175
1.6432073739906308 1.6203751551707484
1.827868103224807 1.207419535479266
1.890216909276031 1.2527184860088432
4.361396055761997 3.9154476308016943
2.5274356246954928 2.709344890484655
4.31819501662995 3.782620206974137
2.629550705741674 2.774388553622284
2.534518511393245 2.688253072523957
2.9869708526235508 2.5434921461359523
2.6438300808566684 2.20285333306662
4.0579865329288936 3.660233864071375
2.6189744553573546 2.7640613101484064
2.6590059118126312 2.3992690418481475
3.8053851050868284 3.567877974439865
2.504867783672064 2.685235109760194
2.789681422711035 2.5302869117425795
2.6118512394319815 2.171080299652529
3.082952308143706 3.106335874594846
2.523187776875056 2.657670331359771
2.788211007642917 2.2499235504513684
2.5137222889011586 2.684758721018126
2.9136201013602268 2.394123382696556
2.6457612287043113 2.289408335567909
2.522553033702094 2.6894900413739555
2.87119692163386 2.4623047852739335
2.5966467460348595 2.2396976512730555
1.8036056398794849 2.001143053676096
2.7034334996908016 2.213360860424037
1.5934213332950966 1.6071950461786855
1.8125872262231593 1.1786676370645974
3.6441847179073377 3.526913550149855
1.850308541993183 2.0567622725521195
1.5721903566346862 1.6247207141521822
1.7954682638594588 1.2182632773498998
3.687202385090327 3.520984481673956
2.4504395668750014 2.638320863067067
1.5704281522105838 1.734742421508007
1.802646524857336 1.2392230448892394
1.8715209423746355 2.0646018557301127
1.5874228811501365 1.6987191034870963
1.7926509883503672 1.1806540074820402
1.641922779040497 1.701542853724193
1.8296303131487457 1.2139014867437965
1.9064935075599272 1.2689183504937322
3.0042325427989933 3.0384222318164706
2.4367894245219763 2.617017890002287
1.567276281368686 1.7333927266309455
1.7886280850770613 1.2281765937897862
2.5359407868932293 2.722562769435576
2.960319223932024 2.286747975819539
1.8523366151994576 2.1067011087183465
1.5744552808475039 1.7201127838960137
1.7895579541178195 1.195010325843626
1.616123281909194 1.6632721094920515
1.8105069060935275 1.2149233013584955
1.8798050654025844 1.2534577578061836
3.408968813037189 3.387785398093067
2.451424092737664 2.668822301975528
2.8882802649885937 2.345239739459956
2.4516201277770104 2.661130464995802
2.950221497487588 2.4511487479160037
2.5886312672103413 2.1932850967478528
2.4530089860317634 2.66742615876155
3.0234363666291872 2.5006812846761
2.552893893966974 2.2195326743417056
1.8512843614571148 2.0340142470171374
2.8806439740962775 2.200130211168351
1.5806606355952244 1.675696678161131
1.8026296693618518 1.214894447350543
2.352330988422601 2.6515397948939188
1.7269567606167948 2.0199255321228624
1.5459257416338859 1.6488161532111034
1.772264454622727 1.220278793215647
1.7463407478304647 2.047731861669252
1.541652723169705 1.6938741214523638
1.7588100748769677 1.19784756243851
1.6025585900499717 1.685345107308001
1.7936860967673747 1.2358364985991692
1.8721010976189734 1.268783025167688
1.7459809075661343 2.053322135077737
1.5487317979932005 1.6654230029645942
1.7609474961655347 1.193558286721549
1.5986202328943844 1.669459308373968
1.7856526719112038 1.2329795719779533
1.8604354017078517 1.2421839629919904
1.7250432038333048 1.9943365958141843
2.775823783044749 2.2752142449076436
2.9160156875258303 2.215718466646802
1.5514673331723017 1.654328459147427
1.7783902292287075 1.1832873630353387
1.6255574540439894 1.9610492978608218
1.5373123449959363 1.6215079704259296
1.75132525486184 1.2128789233026365
1.5834720215140354 1.6350096660008162
1.7428381842440022 1.182368865043328
1.8323427543082351 1.2629348749950469
1.5873809867119457 1.6181100050939548
1.7627622004275358 1.208019454953649
1.837181908926945 1.2346151812703385
1.543541596363017 1.6115491877959363
1.7499558870022076 1.2063345716291416
1.5510016391752979 1.5612020086658642
1.7380847064389982 1.2136899372494567
1.79092799237004 1.2143084064097627
1.8172088442465522 1.2341151307529499
1.7421232033780665 1.1880270816542184
165432.44015686546 1.0071874813893058
1.5712723709128165 1.719770636026959
1.744122447340233 1.2367024584689243
2.677705409612285 2.2189603920201213
1.7358870313807762 1.7255264087087916
3.0083844400829705 2.2213852934157137
1.8380043662433951 1.2403723133413653
5.5037472837680035 4.179335864423791
1.9725076267437922 1.4182418063711375
1.946430787099705 1.3334812637772195
1.7643879790935881 1.7130592140252756
2.6298121630926024 2.205839943129519
1.717615209692295 1.9445080650921978
1.5745449326386103 1.7171421384889902
1.8223794853050819 1.1942894629418768
3.560884878847807 3.381734297266828
2.6921367104592417 2.238365108228265
1.8998018350361172 1.3302836661152508
2.7864097185840415 2.4538229910659335
2.988411710270168 2.400145959985595
2.94316478429239 2.542366987103101
1.830700125583799 1.2158965481513362
2.864241292640749 2.7832512328816623
1.7477576327536652 1.245741232329373
212716.58614533453 1.2434826328195736
1.8788471527435315 1.235998657985087
2.5047400719219026 2.558878952442623
2.6325029981706884 2.558820879565084
1.7868958064850902 1.221432813747703
1.887812943244409 1.3351583500570516
2.7792469588540953 2.2302780520038135
1.5809370885661091 1.6756011543571065
1.8092163018112892 1.1834825026190723
1.8048306849684361 1.2521336192768973
2.662274557124889 2.212769582102683
1.883752435171961 1.88677087832617
1.6064151213195283 1.7370861021002466
3.409098323409049 3.3882025020391957
1.746620005000675 2.0481064531831037
2.4993583037488407 2.5477095004050576
1.8158869727111453 1.211729287219203
1.8185676602342087 2.0340054498239324
3.845844628950373 3.6743278721097896
2.6837837272837555 2.1905019613554284
1.8725255535532979 1.9779958172862024
1.9253826593668006 1.2428803560195865
1.603872285270816 1.657271588168984
1.657290777329377 1.7336373718718803
3.0663408307651268 2.1883441761485893
2.7278619890317763 2.7301570553747156
3.856897192681242 3.512618348944813
1.7481634616443302 1.2190676723979015
1.7281932598855207 2.0053219091742234
2.886482588978949 2.254032273179387
1.5492439080004017 1.6888616533785787
1.883016070384544 1.2123902901976376
3.762264938823348 3.3425688290471256
2.6009870182709287 2.2031497729236476
1.8880994307409456 2.0430013720752997
1.9756242403714035 1.2717829771225775
2.4973071671082394 2.6311019974971708
1.7766106972847486 1.2261689942169363
1.5841164029178296 1.6360851861291892
1.8045548485577028 2.011565137869219
1.8905838748391464 1.2554198542338681
2.558107647125988 2.7482687138237636
2.897207108772578 2.275285700954217
1.6072519589877585 1.6529898259591016
3.100688722630748 3.0265474617786103
1.7870716475464927 1.2295254152008195
1.8665032642925006 2.097302184280366
1.5863065582576348 1.5752317559974314
4.264784885696596 3.349757549755213
1.8260602456624315 1.2340088786154144
2.6767829960413088 2.4399559420521975
2.8736225279221532 2.4648181330726366
2.5629199561160347 2.60848094740954
2.9033853316249507 2.2766081757535144
2.744752391355859 2.7311250969054166
1.9578036319318635 1.2792431455163318
2.512479433992806 2.597846843840551
1.7404630269036456 2.012304645015317
1.8628090266406834 1.2521779185190858
1.7314155868154981 1.9371941665697054
1.8111373370747592 1.2077846791760014
3.9487477231122177 3.7350494030999846
1.586462369734606 1.7140503335278185
2.793910711099597 2.3987268610890924
2.5709174147557063 2.2565871987595423
183507.96763413947 1.0908527396619812
178176.38838143047 1.0297023801340632
2.5885391623792366 2.802491028419094
1.6292438957470081 1.6322558031504988
1.5918769868635423 1.6452293377127178
2.472704100840276 2.5547696925326777
2.611658823354394 2.267948868695803
2.6598337607169267 2.4564882534332084
2.7618456854737903 2.2013584199831566
3.993077776002384 3.5318855745672826
3.1155549060080676 2.4224483805223147
2.8143446016681923 2.231445657546249
3.376654939590214 3.273574836665981
1.5978447366167052 1.633649758699395
1.7513961255933461 1.6750161645048192
3.728324054589425 3.4501928558455797
2.634607467450846 2.7893362998646163
1.897398572235398 1.249115346338781
1.8097514184998564 2.0690625000964884
1.8344992113436174 2.025783741155576
3.8927925152103944 3.3982400689484518
1.8199776624683515 1.260796214154129
2.619449906476518 2.2414362143666837
211169.4705563592 1.2406554359679758
2.610995166592694 2.7149299012548753
2.521500437398199 2.6233773703170065
1.817125427435119 1.2137556717834639
2.5091391317288703 2.684837327910844
2.5757356027345812 2.6782824297201637
1.6800612023889134 1.6274270435633977
3.8129787114372133 3.572323808250009
2.7513096531682217 2.230214036889126
2.5245794379103215 2.5717465018078016
1.6321277670489844 1.7165705029771374
3.8420472538631847 3.5234310374436335
1.603444208795555 1.6884032035462515
1.8781335235881098 1.2551136238006042
1.797842154747647 2.0595555635993437
1.6450958246992844 1.7894183678174014
2.9374489970841164 2.647845310942353
2.4874162656599403 2.69438545643422
2.6493109920241698 2.2323247828565758
4.103473197433677 3.734557114593178
1.8561181092940426 2.0992247129148005
1.537841476162031 1.6241802372123644
2.667664098436804 2.2498632939868815
2.515270879860657 2.599634101090552
2.770771741081465 2.2071097329970124
1.834071564900712 1.2684850019622271
1.592237556437826 1.6671141141805896
2.7062933396731594 2.625283191843072
1.6322564864727607 1.5897963195838158
2.5402364338776517 2.6868793611792365
1.8072877945857413 1.2160752127078969
2.9657187273790533 2.3907755784299467
2.7841140663849577 2.5607374272267576
1.8197624387650178 1.4937574205147288
2.4663312079357205 2.573274980550194
2.567760094127551 2.7400872743524944
1.6582432287117381 1.6821171406291073
2.4514517577039694 2.669124495452903
1.846279239329844 1.2181000640638742
1.5882470838205294 1.6224207975316
3.7347647417013725 3.6122752162766325
1.8105851407342122 1.215580115905913
2.7315742320008036 2.5660204545207304
1.877536635073175 1.2939467650045622
2.84779391825003 2.2269034696161576
1.929789616028294 2.0473390149824833
2.7647393192801673 2.167241679999745
2.0593106578664186 2.1035743166586873
1.7592768588737613 1.2052857978822047
1.9540403831697866 1.2933250718316556
2.557255895267277 2.6939767247933735
1.9012783815375691 1.3039147090055998
2.7593116970858533 2.8869268830666623
4.102639772349879 3.8439029088354513
2.6203540475994993 2.759367342448248
2.9312991989298527 2.1942515891576435
1.6326339759954047 1.9775203338378686
2.7983765490037262 2.6554726229717738
1.8884129428946916 1.555243744664765
2.694821604451783 2.1545005651958355
1.554818678820034 1.7088711140789226
3.721344744765447 3.5007436441722923
1.6115935643496753 1.57397184694605
1.8207213097850388 1.2358136075239678
1.9403121239572192 2.070181276985375
2.5452512936135125 2.7443818626765015
1.6448596637063937 1.6651764930239639
1.8048846495946602 1.218971805240031
2.6563095144630666 2.3030824651921735
2.6505016046535124 2.8524288980448436
2.680602495831409 2.2339214986632108
1.968873129168565 1.2932813161353576
2.0645676729677396 2.2031805816676657
4.009464792969196 3.720406444708556
2.623695933152151 2.7915833148547957
3.0567275572342525 2.421571330607414
1.9176383041622396 1.2029517841365236
2.7276656262852073 2.88733020002012
3.037212504706272 3.0636248822761054
2.536770909025138 2.7229087237582448
2.8415568909230506 2.8880503311331953
2.438696194026388 2.7530878305368525
1.5988908984611934 1.655017536593645
1.8569428041820424 1.889940533912872
1.8137894843362194 2.026575079815839
1.8126871497108321 1.1784484856044954
1.82436214785016 1.214501866937204
3.0945166202291525 3.094253898672491
1.871952121707166 2.0671665559460064
1.6012993468034644 1.6917575616579206
1.606391964641337 1.5778573373716795
1.8777301289770938 1.2878249620877014
2.842486339265607 2.3772018724037283
1.8722846803353048 1.2708891263204078
1.6132826822834079 1.6369821795810986
1.6840500821809479 1.9341075371948164
1.7785227804791424 1.1868081963895687
