2.430102204634834 2.6454207766979914
1.6389600421374777 1.8962650875148876
1.5756400706501046 1.5531310142290216
168308.39049763445 1.0076724817621474
3.0473392158273356 3.0522117327081135
1.775284262434466 1.9967411505652106
1.5741738164357564 1.6237574479966517
1.7689364149839069 1.1979799598631582
5.567089824102775 4.477150237473726
4.4485136681385296 3.731899823359617
1.9347369299878863 2.043869182734737
1.598351601624135 1.6517632673759501
1.7985175770870172 1.206613019691091
2.687978230552932 2.788740504333403
1.9200995379726682 2.029654168923892
1.6529187331533934 1.6755776431699099
1.8444355461702902 1.2157003858229523
1.8244498108594338 1.9977167118906078
1.7003055035800223 1.649120946968134
1.8984423396467403 1.2281184438216275
1.769456034052045 1.6292720228690478
1.9444538205749324 1.2571404226778806
205009.92302203918 1.1626936884828496
2.9747749066829203 2.9788648046561415
1.768187624823915 2.006571483836754
1.567549018580179 1.6197022581996556
1.7672231179648143 1.199111251004039
4.077312686765423 3.6910461657288596
2.5686829826609827 2.6732991997729894
2.6558405222917583 2.214015284093389
4.700256653076008 3.8472290741638
2.654795838425145 2.7519408303401196
2.6827005386321963 2.283626576189184
2.9910886341900254 2.874249166435413
2.806154878111825 2.239121979863147
3.836704128500229 3.6024188267404886
1.873875856449982 2.047756816784755
1.5773332682471697 1.6579368615775034
1.7823854138611646 1.2231789579309988
3.12405722324295 3.072098699607594
2.577275479666488 2.701821490938957
2.660285528739073 2.7279366907222884
2.7435872289092478 2.279175520580922
2.973031959209794 2.284402754962285
2.489335381778828 2.679098254118019
1.8105850425854064 2.013980276118666
1.5975669906478696 1.6745171773803988
1.798884749424682 1.2154424148744376
2.759534874862372 2.80431534738148
2.896922745635356 2.2681265735730047
1.7185368087102213 1.9351319606647865
1.6234384873488912 1.6294798628531835
1.8333234904631501 1.2136574373182172
1.6949002206964754 1.6363535763217558
1.852384554139361 1.2220055507941288
192451.07888978824 1.113045257724352
3.063698065401018 3.07470857319301
2.4806204917107353 2.567544992164521
2.750161618769706 2.1594189878500756
3.9945602855585927 3.624012492316039
2.5460422704258736 2.70118380897879
2.6803084561628285 2.231955673370251
3.746658399580382 3.45776301921223
2.625977778602682 2.7229002795486767
2.7205637419015978 2.245124414832372
2.6106425154752912 2.6069936863530216
2.8670472544162715 2.1583997473670955
4.127117595992549 3.6207578667117675
2.5297906601440503 2.6805555735413122
4.255907691285222 3.664076468922481
3.834709577326922 3.5155370346658503
3.91427068561278 3.3805673925419164
2.559306707761483 2.7192597859188927
2.8936469547937294 2.4692619237144386
3.96864549130958 3.4181722379247432
2.5160380941347813 2.5469716035397125
3.1002114037063606 3.035953519357533
2.500548631414608 2.6194963309299943
2.6954147477602635 2.1710234461082543
3.6417405681101505 3.438617401849241
2.572273205303015 2.7284507194065624
2.888786305050382 2.4923443801266494
2.5698049824764015 2.637458908304189
2.668137178678097 2.2520229602497213
3.055770168439486 2.3137078458218916
4.1204197229988875 3.776406629307038
2.554694347056071 2.671974509499944
2.615033757335647 2.2324268686298057
4.06278970561203 3.426411373978005
2.5218281855165325 2.6218050466118363
2.6571023408424237 2.2798952510661525
2.7256784942585854 2.2086217147745075
2.678474379353136 2.854436767146173
2.549568347467587 2.620548914542879
2.8261382304132 2.2919186917264156
2.4967870530122016 2.560522929613757
2.70579349592436 2.1736211469911564
2.7254297383354325 2.165347681155069
2.5207437466003313 2.6060689307731133
2.9192938942281264 2.336411327703588
2.7264865108618497 2.1104463154381574
1.689685541156698 1.9032749744989728
2.9062418860304686 2.1537996086844977
2.7545554759663973 2.1630659119615245
1.6176006161778789 1.5616025300834524
171906.4266580103 1.0271232691544694
2.958515772793763 3.002052952901073
1.7644482097868683 2.0200922063508315
1.5672638435982154 1.6118959853503299
1.7719737098654091 1.2005672503401865
4.193281625293607 3.5550033887098205
2.342685671522541 2.50243497734093
1.571333236681964 1.6871378462111752
1.7748446418158474 1.2106317829887214
3.1605567784838775 3.0454021636985047
2.5057600569297254 2.5819555554487033
1.6175822869857377 1.728832596353212
1.802171757872061 1.2145667173244463
1.9289983563702213 2.058749366714895
1.6726051523176544 1.7235617111786548
1.8668410106759827 1.2388204960352134
1.746285294418902 1.696881050735996
1.9238938404793888 1.2469297635338563
2.003955737106468 1.2867272484977395
4.0834514306214365 3.6882061495437553
2.0122259492270222 2.1244930798578485
1.5762974138791768 1.7120642975144196
1.7654320947156685 1.179103619296233
4.004890382134837 3.580339974437532
2.6798222701406145 2.8022572088833257
2.710304013401022 2.3832133594749765
2.6925972583045623 2.7369807152101466
3.0793562714719074 2.2951961431638397
3.0248365290863766 2.397582919632256
3.0810216717203978 3.0923033693687705
2.0417507107664674 2.0732447552639113
1.5890807599141454 1.7142794591984492
1.7906877405009367 1.2221132377385666
2.6214879243071825 2.724242986771425
2.8654510388989802 2.4732221650718853
2.970573543889174 2.4726314419918194
1.8283131156454315 2.0548172288965034
1.6143479092002404 1.6962112077200207
1.8248013179396774 1.2238230776991572
1.6643684059188208 1.6634866168097293
1.8460904382197416 1.2218775077542945
1.9155167175683077 1.2564759448483718
3.866631915808376 3.429576617971982
2.5182254593280486 2.702107823123459
3.9615057913012697 3.466231861390609
2.6795097318741026 2.744217267653732
2.6087561111531032 2.6990918810224622
2.873016895153639 2.4994220707071246
2.921185349505011 2.2398065337345607
4.075843112842843 3.5730781873251614
2.649095934294166 2.781729735010133
2.746069238803666 2.3938559808580164
3.858573849055614 3.470295565099941
2.5507539978328593 2.7284362167557803
2.674001808789002 2.2488844462275073
3.0411313960176365 2.968551639648198
2.548563426882562 2.7234562925200656
2.714646606989655 2.3611426228418635
2.5544723481268967 2.7078843446256804
2.691894077673051 2.19860864003856
2.55117758521891 2.643386548674524
2.6353879161758518 2.326995869418952
2.6313032650625523 2.218216191034843
1.8221744784018838 2.0283460490001346
2.7350903308924774 2.139257939412603
1.601265687809028 1.6151129357606833
1.8128402550958274 1.2145174494066862
4.324258691281195 3.895588248201223
2.9361117366285043 2.953967903015509
1.8610954538629572 2.025833292032625
1.5671000555668004 1.665367778755955
1.767488702930195 1.2282630730570747
2.968196081571447 2.9308859606251527
2.0305377118725323 2.1311072094234227
1.5750357659186889 1.7255234142647513
1.777852667119747 1.2190088933757075
1.9483864062000351 2.0841827202731054
1.625219389538967 1.7493152114162935
1.8086062849879052 1.1896909906800368
1.695929066768142 1.700667663120292
1.8803424316603412 1.2442597934495934
1.9762988969778592 1.2978738594349692
3.0528651255680046 3.0415843929487307
2.2067922550983865 2.2768339130681374
1.574134614660364 1.7194901905440034
1.7717623045677957 1.220590978931915
2.590138129036551 2.7286880013786474
2.7679860822148172 2.494963339722827
2.861372668021243 2.334833462724587
1.891054695851921 2.059935388048924
1.601514848394098 1.7418877815604374
1.7959234900763401 1.2199523716183127
1.6507292124450896 1.6895368438016727
1.829941014097761 1.2362745747636945
1.9011605696904879 1.2306835113826364
3.3505232396646663 3.216173762617233
2.501405119411827 2.704650646870181
2.739867702553209 2.3117687476160023
2.5056585909297926 2.6614090369130867
2.864611331738925 2.3592166724939423
2.5018138057019286 2.6639720631506516
2.9051335429745544 2.611013473266849
2.5833950635005305 2.202285393470692
1.88684282238895 2.034466397900647
1.5942002752342903 1.6664441811888988
1.8052480290671076 1.190991134030932
2.6173991970160717 2.831943586885157
1.7643761666946023 1.9955107084050159
1.5660667831541093 1.6759501778278552
1.7688842416806367 1.200345078740787
1.7915881459587513 2.022411241045778
1.5696316139694533 1.6576510422996207
1.7784608382871645 1.2169795828959227
1.6427014096936325 1.6981142554752946
1.8166537219167047 1.2171410975393053
1.9221920327191389 1.264699484132483
1.7904668810005737 2.0305682552857753
1.5739818986163305 1.6898419266763154
1.7740104094711584 1.2051550131138156
1.6323711737161464 1.701271895664383
1.8094821996261972 1.2290507886300444
1.885332886699036 1.2156078031744098
1.7723695451246573 1.9922884292182579
2.7049621647965827 2.207103725381849
2.672148343076142 2.194362215001951
1.5837407138994202 1.642758910208132
1.7905604408074411 1.1955186112260987
1.644636977768227 1.9017848547926037
1.5663770704009319 1.6030508714917098
1.7784008740516164 1.226847948182345
1.6127558417052756 1.6232541831441616
1.7722124301119295 1.207768952043334
1.8704249450771468 1.2187229060449525
1.627210331922897 1.6452788213957368
1.7895919450910343 1.2124046197283946
1.869574885342746 1.247729765199508
1.57716920217357 1.5559777172870914
1.792236414534183 1.2051821126461268
1.5794389541381144 1.5257235136608163
1.771123326877606 1.2009130828222263
1.8298425130476306 1.255510953492696
1.8506295718000447 1.2354785005775122
1.770668002800142 1.2021366692691196
167816.7333546967 1.0007869174918427
1.958722651211795 2.1693343382183197
2.567832460989503 2.32221763213734
1.9013501541553195 2.151442325162682
2.52419692585528 2.67835380288247
2.8068491958663753 2.4968534588698374
1.6959663334173682 1.7007111367727954
1.8176173766298036 1.213094239332405
1.8479203563510138 1.5513308258390794
2.7517769604310995 2.159503510512903
2.9749120953490347 2.9793117782918728
2.5522989628149793 2.7124981002650133
2.5693219666446594 2.6972057007447723
1.782517895695101 1.2063006946331487
1.8156555339953053 1.7147414744930276
1.5740377262435825 1.6990909470510864
3.103041640555292 2.315327724708838
1.7650548699885058 2.005174037250053
2.682235125698342 2.742214020359931
4.0863815930286735 3.625649926140965
1.8325176368482619 1.2240722268387754
2.772988455363132 2.6207361497197805
2.212382116774821 2.2682857680454873
3.0932867360277867 3.104331934847276
2.7561396833415728 2.3504021788222564
2.667420655694115 2.7927133450848327
1.8728512184391737 1.1954558297688647
1.9054323141757339 1.341869756924919
3.1254749308163774 3.0741664660739776
3.09045315740135 3.0093538679879765
1.5774131252340333 1.6581624470836889
1.7673378699703228 1.1986698110117255
1.8772585361864496 1.2330548590535866
2.8683074843905403 2.158096576012509
1.8247498370538637 1.2737349709562784
182939.34498499802 1.1324527758872678
2.8202625746409167 2.398538824168591
2.747935562007698 2.400552013041664
1.5758693007044677 1.726419144658166
1.568073520047951 1.6682665486822192
2.7399162192432516 2.3141509161315414
1.805275463378932 1.1870065198000856
1.645981891083308 1.9046002121902281
1.8179555207460856 1.193532089163082
1.708285857280743 1.5827117943273805
1.811393973894022 1.2407964886740335
1.7754975918212315 1.2189864793612282
1.8222128423897566 2.032715828244521
4.0332654125308265 3.646416804368444
1.8648899705817503 2.014503359547337
1.8267170450067378 1.2465955967507554
2.546197215837326 2.7022779334587668
2.737646431017042 2.7588363703430625
1.9156006999409176 1.256767394158477
2.736854087055752 2.2852468883005774
1.796062277095554 1.219762587750009
2.677182835858993 2.8004050291946543
1.9014310096054245 1.233335142171133
3.6896563567628675 3.3659758390587244
2.502652269403334 2.710949509189132
4.494630547355726 3.9194266070149903
209610.85037904745 1.2024947819657796
1.7655025450563482 1.7587023284609198
2.4321821584964853 2.665204625411006
1.663844319068466 1.6467896318081554
1.6041340113380849 1.6722938567273256
3.65058766674968 3.4542442238587583
1.830903116137531 1.2407909386687568
3.8735221370386563 3.4374422154757953
1.97642664611944 1.298301538985476
1.9055838934355274 1.2505615370440644
1.8024414289360091 1.198287599680747
1.6147521050156073 1.5402934627331994
1.8488337945678095 1.2925376866640892
2.751326789299477 2.847529205687134
1.619297675452928 1.7383168550564436
3.0347984481438406 2.4066243280379735
4.701199718975272 3.9072519204547342
2.04845201062773 1.3614158459504115
1.6272485076580243 1.645579047571611
169181.7900281846 1.0223411448431552
2.7513585178750026 2.841865429410022
1.935667366828191 2.0500367130243458
4.162787491524125 3.6956987791892297
1.603852311218648 1.736003420591363
1.9350743317241967 1.244482694008868
1.6788625469874208 1.5952914353158847
1.923908239318521 1.274062514512399
2.043454041642865 2.0865643263115228
2.9777183226638533 2.3050317704725867
2.900636383191703 2.512374406674836
2.6694101013184213 2.3107388749550237
1.6187938897236378 1.7095539643754534
2.742075721745115 2.1386471972511076
1.8413275062744432 2.0924663579505496
2.616175796044174 2.2293075402805966
2.5720341007106278 2.651466873297945
1.6732082376458606 1.7243038919427929
4.131548712826248 3.6985913605027925
1.79180313273423 1.2447173596144863
1.9242681433754654 1.236200262614544
1.6913918714868874 1.7046869827928044
2.7890579106978284 2.3630286136484453
2.939827463728729 2.9838394176819114
1.6513044012970108 1.7012289771748077
2.7570388924135685 2.781605346367368
2.016192988570314 1.4322685217769828
1.6080926563515585 1.6870375001195326
1.770169906115516 1.6250013326072859
4.197753854419785 3.5809279731152577
1.850924661157749 1.2484161370665237
2.9277148654157363 2.250159683854767
1.6077019020281682 1.6342954729295394
2.7641656741160325 2.7503755278495996
2.7072082550607512 2.211923853446579
1.5742797548871639 1.6799180381654644
2.5291156886300974 2.5306495231720647
1.9508034262285658 2.068751570411479
2.7223138033178307 2.217056217023494
2.6141244031319584 2.6991605135391072
1.8928610590311612 2.0750957143671505
1.9798664249705231 1.3265006023996442
167993.7093019151 1.0069903416163617
2.6023233907054735 2.670445636137022
2.6815969439294878 2.1804763739538062
1.9292351617843946 2.0568008313079713
2.8163999168909264 2.289797863882124
2.7546822098188484 2.1634503043014255
2.4993918095209664 2.5267311488231634
4.087877378371479 3.6940830966596185
2.875052041072921 2.9109935632250643
3.0671220936898878 3.0058048129004837
2.00460743692741 1.291208804909226
2.724789408453418 2.187516953752719
3.865781559385531 3.4700510203427988
2.5512098950182898 2.6434465832185294
2.3658521321442247 2.50282809338233
1.7060440478478442 1.5900938155373912
1.6046180614043908 1.6938741081770137
2.79893662915772 2.3076784614739667
4.016932778669751 3.615277922211508
1.9348215539069074 1.3598579291919313
2.5719207230869756 2.7136489009848077
1.8542847340739232 1.2450397545924878
2.585541770564924 2.2026820602349217
4.394927095059627 3.7885445209274895
2.6116068488322917 2.615410614692686
2.5027973346755368 2.6372771456148767
3.0527712033164165 3.0478903549834797
1.6674454967648904 1.6660022103290335
2.82758960594847 2.437831322849276
2.5790364257044307 2.7095972205895933
2.6162259793077465 2.5096322115038294
193769.0410620383 1.122768077873632
5.378892777432034 4.448658963950602
2.0127218377907137 2.1244394270538765
2.684489318735483 2.337894926519849
2.6934909501610256 2.293648342373806
1.9213797002095423 2.036176156651779
1.5805248217329142 1.7286030245603277
2.613038459510365 2.7070712553107112
4.146125908373657 3.63828943326612
3.0118161102330427 2.8797315128722825
2.7940005120206766 2.7024822667336372
1.8273483931273438 1.8175572499240982
3.095808927649532 2.434337857864784
4.2170102877776925 3.792992274512799
1.6967688169358146 1.549008795523441
1.778353017689538 1.2070060149969928
1.8959616478956884 1.2688108742473165
1.769193055280215 1.2005812744665207
3.1115383965270897 2.48432888315849
3.838079567524252 3.480958456195289
2.670094849463841 2.8171568270416776
1.567887901297617 1.6202868180044034
1.8879804212161235 1.8893470711251488
2.66335532736389 2.825372836498582
1.9321998967128904 1.1293049734177658
3.291770566558597 3.178472879071267
5.572889820966007 4.481880469491193
1.7786867190887015 1.2273095403080694
1.6694988986502728 1.534677064186107
3.7187986884772637 3.415397624716828
1.8744168167867086 2.059318037661413
2.7377514912982726 2.382432305235425
2.9012054226064334 2.365040080324357
1.821392039308677 1.171982883308963
1.779705340195206 1.2280652964100567
2.733691343971721 2.634350800393404
1.81368853584347 1.2281111716424875
2.7003854223659784 2.7556484661088354
1.7788053439635194 1.1955639978821422
3.7835051370452266 3.4404890229039053
1.8131417098770872 1.2083639978700298
2.914810540728796 2.285277931641661
3.935198869127877 3.3756743694740727
3.935020884973698 3.626391446601045
1.765576242274508 1.1857206789441022
1.5974573685633313 1.657583969089186
1.8344896868529665 1.2202369644239024
1.958229891355435 1.8792965694561174
2.6101668685602877 2.6726675682150574
2.7223090070687217 2.1888775921197317
2.7254584669675936 2.165367070167579
2.6387315174407586 2.7382930070200064
1.5764761441703954 1.7129202785367659
1.8089158685488662 1.207918857112064
2.5567239387176985 2.677863877306729
1.6681614515979186 1.655089502218448
1.8071996548970182 2.05806960571273
1.7692354035010813 1.1964836267207843
3.709049914390513 3.421131682027915
2.9868505493437993 2.3401767357299263
1.6768854128181552 1.9805891100650017
