1.586636909468846 4.023709022735758
0.8013050042610679 3.285461913927815
0.6865490424332961 2.010720257129828
0.707660162888595 1.4763744807597128
25484.701038864598 1.0004631789190193
0.923459911111412 3.8096898256542913
0.7171691217057977 2.404197286373846
0.6764918950100461 1.5693153084507216
1.0462850764487441 0.9444783411540798
1.3135516904321982 4.952972274419043
0.9388863833320235 3.88167394800519
0.8698904799455693 2.2136128210366857
0.7370370110542971 1.6391148368012933
1.1121541842157772 0.9757222402684709
0.7807668767664346 3.1844612607462524
0.8032667429157649 2.210991368376106
0.9049085164388979 1.6284163401169205
1.0631534601739778 0.9584068778353851
0.6201741462055972 2.055857112435306
0.6827750658316315 1.5612899139867666
1.1866210676839577 1.037309924283211
0.7814827438700094 1.5403845091166075
1.1735431792949509 1.0398552682112951
46724.182319884465 1.0730128736432418
0.9420284267044122 3.7682512217687516
0.6534413311367798 2.2625579441872796
0.6514553545802075 1.545007498356349
1.0698935034440356 1.004611086344287
1.9094543117176421 5.12017072226098
1.2882354777312481 4.109319395047879
0.7994340193780034 2.7618808212024604
1.0362276906350405 2.113229334408026
0.9395360579291655 3.753177703430536
0.7795419837957607 2.831698410172381
1.2876000442161648 2.2010485790465895
0.7836763123994557 2.6396884407626318
1.0975173344969096 2.129936755278212
1.283507051487822 2.0322461788119033
1.2378190650157288 5.12896878842772
1.2326170570970847 3.625097287890691
0.7495620472439056 2.352555487632209
0.6688123920071662 1.6356050886596365
1.0810892293548284 1.0054730684477002
0.9450534961495025 3.941497849733641
0.76126577968199 2.8454652821096538
1.3777288149994247 2.4255301077540175
0.8023709819411794 2.738467880004566
1.2574137833099797 2.2158509322135522
1.0804512141961773 2.043458244123831
0.7492968403332227 3.109779158954912
0.6581673394287374 2.245350030133429
0.7200865781493413 1.660672646344206
1.0892627987663333 1.0161779565302873
0.8671325769932278 2.7830004237126835
1.6352684825587027 2.5237963143593842
0.6080888044526127 2.034600802756989
0.6569056639028598 1.5501334088274457
1.1226263580108844 1.007007273837433
1.3683346398284777 2.137267027779396
0.7742729871763725 1.5395890039151339
1.1918659974763057 1.0263613600335884
36750.90825343023 1.017681327963694
0.9613808281369585 3.879153745074019
0.8158406479928946 2.686595316854553
1.1217195902494361 1.9352861138638218
1.30203847847573 4.067831266875356
0.7672350959408426 2.7804522701725176
1.0137713529330692 2.082457189718504
0.9511305363971073 3.832989836216284
0.7487564776558663 2.828405926056023
1.018474051607345 2.171628573826351
0.7700798555194122 2.5371747662080124
1.1666070810404503 2.041900492540203
1.0804662592091525 1.9394374480393441
1.2996086068325425 4.005366632742108
0.7816283322134805 2.784401911775964
0.9865878765861421 2.0606451144700784
1.2511117451704412 4.1131225034765
1.0196536296769794 3.6755881245867483
2.471845573475462 3.075957430802373
1.3187997729639978 3.4211792019993634
2.1348152426108493 3.081586692102297
0.9012556322084837 3.831666164454748
0.7298147770845975 2.794847454011109
1.1250087598834309 2.1515832053485844
1.341406254577393 3.2272353735569057
2.4792481307851872 3.07787519955145
1.9263137759848585 2.973009611991506
0.7650005392666239 2.5517405903698975
1.2837887319225003 2.1409219749810244
1.2412431791527037 2.0787985633442254
1.518173293786139 4.016229813306381
0.8844718351650697 3.77572721727475
0.8020347753437371 2.6664983406975997
1.1978593970994893 2.0015926693662087
0.9673560449902439 3.7867515392595834
0.7580624691748828 2.7735253830509388
0.989828894697123 2.096243187739544
0.772969811558604 2.6578654579775995
0.9603459079790276 2.0934334912299883
1.0798601917625361 2.008173046350419
0.8839870343234542 3.8851286336498987
0.7658862488306836 2.748116993193351
1.122839863107974 2.147765749715024
1.7079436547053524 3.380763212611043
0.7536693590265844 2.625099914434193
0.9949897716851521 2.1055181237292997
1.1191391928339691 2.100976183340024
0.7667949581386614 3.024685312348354
0.8937845224620897 2.5763969064546144
1.1582350361617095 2.130944773000294
1.1393968636811762 2.5442995253862297
1.0869606057158747 2.059096047373929
1.4173780575620796 2.155359949684022
1.0621529751205823 2.440889594568489
1.2213277881258802 2.0889579191558845
1.1904300981203413 2.0545348438573297
0.5786573244376498 1.9829784779062414
1.4528986671547326 2.087124736405741
1.2028547867654509 2.042064335914636
1.2364922109236995 2.0481070167291278
0.6605320631152376 1.4376821287194628
1094.819698579761 0.8995578692794014
0.9244703213736221 3.7834587493975267
0.632882937512291 2.2835519888754288
0.6831722053071315 1.5606794733824605
1.124487665038929 1.0092467627141093
1.9185976351127478 5.143311530057186
1.3345441948360603 4.018087713048531
0.7080875425903332 2.7187448362340882
0.6399793620058263 1.6742898155256722
1.0524764374455677 0.9328581088595606
0.9627773971349933 3.981732779245309
0.7725250912291887 2.8256367680095944
0.6477722969844399 1.7468137359803806
1.0559515316385273 0.9587862854872344
0.712800521129758 2.378043229910867
0.6400603354836925 1.6530073062368618
1.0622029389209946 0.9600408736113477
0.7118925485720257 1.588381003184853
1.0806036958695597 0.9584963589388583
1.2315421609001973 1.144925629977884
1.9024997978404594 5.132722947155727
1.324659819126175 4.051799426384532
0.7504137581806746 2.638146728966163
0.6539188847524919 1.6387370761643199
1.2965119844736295 1.1639167441561167
1.065842973980455 4.769130017214737
0.7815353796419382 3.108863983461806
0.7861928642714536 2.877175876070198
1.8415653511297099 2.3438343558666497
1.741054990394616 2.1921506846155463
0.9021314504407719 3.811903051792986
0.8931036844675365 2.925709404339714
0.6560421875497934 1.7026193894194899
1.0557665433265275 0.9472921017114724
0.7633168491427832 2.850417022589818
1.0029341950283333 2.2185989707705396
1.2540903044906133 2.24282266484795
0.6762533635732528 2.3434263171803646
0.6871913168434427 1.667514119946541
1.0606196340178013 0.9721133202418277
1.6538088873157588 2.385804041370351
0.6913485338431771 1.5754283211643578
1.0835313843187353 1.0036948105706627
1.2931799291539825 1.2054714957252446
1.241086517917371 4.173132743486659
0.7897183153926669 2.783772009376223
1.3498913500057146 4.118977142456503
0.8068900562483938 3.0444829844638805
1.5549265705182045 2.401680456137756
0.7353521669787406 2.805270197901949
1.6511778686741172 2.5105153691592856
1.0127312179314405 2.049469371477553
1.266718751659778 4.055141850222265
0.7979397345115509 3.0359476597001502
1.5788926062704445 2.264047114432139
1.1880125892611664 3.64168693430131
2.019609727870287 3.0914408876213537
0.7389751921945843 2.7814062678637566
1.639366983735706 2.337710875659867
0.9583955385456983 2.058514263052105
0.8842881696408542 3.742790385197935
0.7472103231930428 2.7695931151714994
0.746209388528081 2.7520902070239694
1.3188708924940653 2.4815603974728573
1.0229917875906818 2.1718102132281594
0.7382852285965833 2.775230063000614
1.4667035555376966 2.4501323439993654
1.255255796510761 2.3433669896887457
0.6354254122237459 2.2233492096601983
0.6496540603111944 1.530464619624068
1.165048355344573 1.2196454480070746
1.3479648527261356 4.696296615952972
0.9367688460181761 3.8702402126037962
0.6677888595603617 2.487317995648472
0.6819445993178307 1.6286746104720549
1.123006887790522 1.0680013839994618
1.0901013330989433 3.666444101693426
0.7406904705570333 2.75180005694822
0.6519384816162774 1.7287886738300562
1.1376476447740114 1.0483029555407373
0.6922689927903853 2.397365449692449
0.711827401593007 1.755015118426351
1.0506851724396375 0.9674310704805659
0.7143206134174773 1.695783538123752
1.0936935630075617 0.9924793522320069
1.2698468876327933 1.1090424879410195
0.8934206959207635 3.9164489155645033
0.7552907214591735 2.8006569847092244
0.7014501361013465 1.7086093816650916
1.0759599261315989 0.9707585981705995
0.7704967820568821 2.837080997759843
1.9446406633463345 2.282304298646092
1.634605655403456 2.4285419349192
0.6655484610645568 2.4346789480043576
0.6320659986763233 1.725651833533112
1.1477768422991481 1.1109759670130102
1.4478055183770002 2.3258377576558162
0.8186787766558669 1.7579986101280645
1.0869825220400573 0.9694722889872562
1.2374002325058333 1.1580298301574814
0.8869887947521654 3.779052345654022
0.7608224648732813 2.8034843533708482
0.754268856172011 2.8205440464902116
1.330576391108878 2.233111959545782
0.7553649005651718 2.7743528281222893
1.2104066713895605 2.1725927624245056
0.9422995362156629 2.857931440331525
1.6568799925348907 2.4038936744345936
1.3546972539234756 2.231274255788109
0.6980758311734068 1.5508996686263514
1.0866732171894915 1.0887922454659316
0.7549909364818925 3.110734973256749
0.7172988746698413 2.2476983501054506
0.7667995860378441 1.6731909923187718
1.0653786296173862 0.9903645418574929
0.643010804253728 2.3040742747852
0.6497920560451279 1.6518648452548692
1.0524047269176116 0.9766742757312317
0.756781658056746 1.6420538774842126
1.0647694623414137 0.963657242451797
1.2281627324183524 1.1972209243863747
0.6435637705155868 2.279335329180124
0.6598414622447505 1.679316815107873
1.044581657245533 0.9576992416026657
1.637232404463444 2.390448684113642
0.7603237766106943 1.6437584769470326
1.0724291858246955 0.9738628979838835
1.1952425112945217 1.1046337272201963
0.7809210825996774 2.1156195478833357
1.7069274119712206 2.035373391031738
1.9233821312114423 2.0868912175509307
0.7145023853432991 1.6763669821482863
1.0439975726118123 0.9490263599043381
0.6322325259689453 2.0187457613221977
0.6902455793617976 1.5611459891480557
1.1818819899264286 1.069210332864463
0.6890263496806035 1.5739275899446277
1.050505574940759 0.9674985433219834
1.2146114330692608 1.1093711034487885
0.7072697631097906 1.589221767011539
1.0650706321435892 0.9591196833585074
1.2663970625867493 1.2789338315154808
0.6650100138860595 1.5438890399997258
1.1136229284640495 1.05813451024671
0.6897644383005538 1.4610999359649393
1.1339084172060345 1.0469407623062985
1.1776832770503498 1.0522841963756866
1.1897505009489506 1.0960603551048136
1.0358211180354622 0.9414904054165667
19073.633360777323 0.9318575585100126
0.6428237140744745 1.6708658895377946
0.9597211362454106 2.5322560685477753
1.0440075562688824 2.0197796865328046
0.9047344808832557 3.924269613337292
1.5175451702577851 1.1359980153551743
1.1566018549256372 1.03330296200092
0.8330387644692377 2.6959190789119205
0.6491869317468661 2.277759020690496
0.9913064522174246 1.5696617864175273
29571.482614377375 1.0038856480446892
1.2381676310845893 1.2118709964747922
0.6477022101519204 2.010937883016884
1.3086514937602745 3.1636825671957047
1.6617880541699301 2.1290323913434204
0.7856804189684045 2.827582081687143
1.8256231462093684 4.055912076028132
1.4758293173968298 2.451827664439241
1.0849340414267983 1.0046105061278423
0.9086638851543455 3.911740350029942
0.8956865604354488 2.878135200716793
0.7847072428850438 1.5466562283200793
0.8565707464750658 2.7329972571535954
1.058025119208483 2.7008439906817694
0.7401071404005889 2.805156770662815
1.2386320668192854 1.0975963251195633
0.8230258913322532 2.733005158383032
2.502454709101696 3.125731332492825
1.7224887677248382 3.781182576387336
0.632628157569991 1.7263113043711324
1.4129560906036807 1.3913147127745618
0.7395335733007191 1.5621490731999699
1.1407423026257535 1.0131387481861518
1.144039650188808 2.7456356065595195
1.082583386194693 1.0343348119026763
1.3459707570628792 1.2036944333798865
0.9600547081904179 2.061353331421458
0.9009303195416145 2.7639832808790636
0.7776343882419376 2.737354201929016
1.3366209018670623 2.51255169259311
0.8226633503410818 2.118425984513005
62173.312045588704 1.1275881012119422
1.0880851188367664 1.0889000398482342
1.1034385379661622 2.163974778079603
1.3769030478170632 1.223546211762939
1.2219660807047368 3.851772764480721
1.0548431987633196 1.6973446602555495
0.9428072153770053 2.7793379471216606
1.950158846424712 4.897910231530421
1.9292501227114573 5.048782292071894
0.8223366269059862 1.6312588285413907
1.717024673304305 3.9743771746798013
0.7606935639385395 1.5759779945780699
1.135000621254168 1.0801250986421111
1.4467251211275256 2.323192535312558
0.8595830254474005 2.5935573232036715
0.9507865382654814 3.754090195898502
1.8771442045356241 2.4091991140482483
1.7316894212403948 3.5548502105819333
1.0898182042841076 1.0185037749777597
1.5801246710301018 0.9687792482832488
1.6730066008136775 4.674703613103434
1.0307635731779723 4.065434384425362
1.0892456028859128 1.002856382468749
1.0814609433282085 0.9597018023533697
1.440286166409423 2.2357970208136164
1.2579760403695162 3.003918788855777
1.360226661806003 4.115354476225116
1.064789269352057 0.9513034528896864
1.3086123770183322 1.5587575909101967
0.7630574726401822 3.1368779077276567
1.0745633914280261 0.9830836121363963
1.1794312441246007 1.1040983653608718
71528.85477480739 1.1975394274224165
1.6161327684659874 2.635137371002058
1.4182200354770464 3.1123284069144597
0.9584416661563141 2.935631103074946
0.6504733113947052 1.6928242856063274
0.7829203630944795 2.729445602404067
1.1202901867851474 1.0259792520976967
0.627296444432003 2.0435131362753274
0.8496113864380467 2.724165952303492
1.7106908793825037 3.414606822485877
0.7312234460024798 1.8039899720622807
1.0560788234893483 0.9766318240308468
0.9163458620202849 2.5356801232318493
0.6366044124587539 2.2118812997699533
1.043390763358615 3.6771067336268786
1.0626451043366618 2.225574464078014
1.8069946470969174 2.3328194212796727
0.7547112257358526 2.7764641073004035
1.2848698069829674 2.0683285756167145
1.0524581223532983 2.5440686423924195
0.9802898567588192 3.023122792912228
1.0891618154572111 4.639724837275194
1.043781489346369 2.106174683443455
1.0888483606225172 1.009510424033412
0.9573193174325297 2.135730541334241
1.7214504036050844 2.3027866058477486
1.1292443366358793 1.0415850534138347
1.0313907662844077 3.9017559218326596
1.325513745197604 3.3087829946731526
1.1907782695604516 0.9827117775279173
1.0651202157089361 2.1380299073995004
0.9905502306319826 1.666240696902381
1.2609020299913187 2.182650371116793
0.8285998171986623 1.6535389327693333
1.1706330211859073 1.2061629248393828
0.6502237027647955 1.5303443997195354
0.8094320374303553 2.868829470959665
0.7282730068155207 1.7076239129975512
1.7661541674382781 4.101099759244919
1.3230299626080526 3.984828678575811
1.1091169250241417 1.851285265990929
1.6711874989593531 2.385884765401271
1.1086992218559986 3.097314735652447
0.9583282177471399 3.797738461231779
0.8304087675216685 1.6506632717511414
1.7189047002916973 2.0960543021620164
1.84401391571248 2.0918315547430897
1.1428411815237771 3.7595208867285295
1.3502721665233128 3.9809170830118177
1.0774497422977862 3.707343844752133
0.88702369146731 2.9213029210325034
0.7592104693550209 2.7817505084233
0.7642078892769907 1.7412404650116928
0.6172040129664407 2.0485581272512032
1.5255930668304787 4.483210773230558
1.356894451326251 2.2876717479722313
2.038009669641628 3.860489079234866
0.9007348055405806 2.826950725346207
1.6380958244497301 2.1672620354580276
0.7975465393656103 2.160670311290809
0.7789744266768568 2.851163634867371
1.021256282211002 2.6743897307706876
1.3433947552512895 3.226356458767235
1.261751761648281 2.091323470153525
1.5387938125673488 2.094379622851002
0.7006546126963736 1.5509237680112826
1.245304674409099 1.1174522785381977
1.0975973170377422 2.8477782835193866
1.302504846408359 4.113763738306913
1.1908242420350326 1.0761420438764557
0.6720628468059543 1.597952054658862
1.1530857215659973 0.9978315957494135
0.8018299809811956 2.2832082663225424
1.521169423692027 4.013709811877172
0.8852950189970248 3.762354665137255
1.3764710068763124 1.2161575758892789
1.0821704648053256 0.9694318166896558
1.0615132404327008 0.971404206026103
1.105319779085099 0.9859238687062291
0.6347298048551644 2.2806264189557783
1.0164009816936768 2.0335463950573054
1.128345146020795 1.029835375471425
1.5116643380708106 2.285480661586294
0.9885509710738818 2.0580962757852466
0.8421569130911017 1.7053366073390772
0.9695833089461686 3.961680230833857
0.7397074649458343 2.7623339407690395
0.7543276316934592 2.8219929638880177
0.7727273116745768 2.7807695483100985
2.0064521557138506 2.133420278733886
1.2409469440884497 1.9529891402447224
1.0819832956156568 1.982779956960767
1.6748647970059567 2.6505675833173012
0.7452733585288168 1.6217864575584415
1.2928440653696072 3.0920061474701557
1.308857208822947 2.1356837282120953
29657.00137210498 1.0193746120274398
1.3313974101507908 1.3888790278079082
0.5806974272725121 1.9820908196630416
0.8875338476358232 3.872523640860922
51396.447166526836 1.0940790818003945
0.8844163586046602 2.9646911723839318
0.7762771646615193 1.5412088400762092
0.718138199663449 2.405439462658177
1.2283039042786994 2.2210158975772103
0.7991003149490526 1.7245235415358917
1.7540690223914202 2.312093868854631
1.1246636717208112 1.7524218011639505
2.0803048063667657 2.044742887019153
1.7464419384749261 2.607271978789586
1.014216124052921 1.891407363930057
1.1713635553130086 1.5358085857935324
0.6731383586506661 2.2407103296876127
0.6674788852845793 1.6372389711235296
0.6931689995795735 2.456056041426828
1.1669174919015606 1.1008560015458682
1.5472892990717235 0.9602609544544298
1.4419638116995417 3.9091458408425157
