1.1546265528256883 1.5706295883161818
1.0471437661481502 0.6171206001039469
69.40055904822347 5.269147015133924E-4
1.221561765141025 2.0046739495119916
1.0901065709896993 0.7772623633775915
1.138529053659154 0.038446140210165416
2.50792497113449 3.1934889092915295
1.3746115407651986 2.1689896642138584
1.1753898953199795 0.812564788010943
1.5422657483832787 0.2565363379081423
1.5441543624486656 3.0398804918344653
1.2253361019027438 1.9936880686842813
1.0870041680927622 0.8694243314774163
1.1262707124433549 1.5836105912766558
1.306976458370539 0.9313245108763046
1.5269570128724839 0.9561466353987929
1.934314961239395 1.5839940626960092
1.1209365729750136 0.7280558383754575
1.2807109075234668 0.12350610018414943
1.938242285230356 1.8508466400344217
1.064569020156516 0.9270578114713945
1.6612662950864991 0.2934522062197225
2.6155156740815686 2.916778748067884
1.415708946531425 2.392850930580205
1.2674422347649132 1.135428535615988
1.2430849514218525 1.9843945371699796
1.795650230811348 1.3364886735137715
1.184667951918325 2.0833076485358553
0.9935904633580785 0.8149520926494873
1.2920354236919966 2.1187957309341643
1.027812637239486 1.011858503254282
1.1632400703410166 2.023528229890765
1.2104660483660419 1.143723896372345
1.777413826652975 1.3307185812494524
1.4252188815137146 2.518180476542214
0.9965069176023827 1.7060806071188517
1.100096046116477 0.8959767019181092
1.0320325836730129 1.6809781782724629
1.1773542947545537 0.9924693121022485
1.381939196192965 1.0909666960427387
0.9285839099336907 1.3143954023584254
1.3363196888411706 0.9794635946007
1.4147821713270812 0.9877029148690535
1.591951703859143 1.0128042207716645
1.6189036650006903 1.7505404990364593
1.4564252737520582 0.8724742866718828
1.1725719708891194 0.873314851155903
1.624306154892904 0.1476010237122537
1.4186456776136236 0.8604134246800657
1.376639777221211 0.16056525737094887
2.1207365028925445 1.4880988347247737
1.341226141041216 0.8499997965250059
1.7406207007859447 0.48468557522966066
1.0644162506947812 0.7436635151035573
1.1366809310406238 0.9261854513302181
1.4316081561295642 0.16073073717172004
1.294482823483229 0.9986768399575063
1.546321583342527 0.22883628974090825
1.2331903163811817 1.0892473482124547
1.912365848294963 0.5093972205801928
1.1052867771395416 0.9978138379170269
1.131276611770239 1.0043229195424996
1.668121044943772 0.3572890993654089
1.112000832870194 0.9268206630100884
1.8776929786723007 0.5871645787728905
0.9947037377871151 0.9219707131176668
1.6086385368738556 1.247931589238277
0.8859240937353149 0.8112924829713293
0.9662642074959965 0.8557577021071537
1.1708486267010136 0.8509661404302691
1.1222400799215015 0.8038579379831565
1.9430965467940202 0.4125955352136345
1.3305909511282605 1.0670345515020452
1.5838495294816402 0.2851917556337996
1.7346929053018498 0.5872338340494415
1.2554418700363499 0.11561531638540129
1.2469106322753556 0.7397109537619657
1.4821708916706942 0.33533011173685134
1.7102812531283154 0.4837390844312036
1.7140042159314586 0.6870176450879392
1.3342021209213462 0.1873901729461731
1.4600010694196635 0.8478366242978054
1.4290381368947773 0.2977339602936997
1.2026196398579918 0.9210228421967339
1.640384014131115 0.43970649105430637
1.0449809047947496 0.8727365399798203
1.5687141145625683 0.40391844164249835
1.034773220939888 0.9108834400434138
1.6985478541075192 0.508906107537906
0.8930578458434181 0.7376196216320027
1.4093246241946584 0.580993152957642
1.4918947889765466 0.296686927793107
1.619892224467368 0.5062038110922533
1.2188718174281363 0.14265466245022196
1.428577556692328 0.7521634285170278
1.1713434010989747 0.11679948658875701
1.2970444249182138 0.22952370444932038
1.7177535197176597 0.3943692618565813
1.221699122988479 0.1700656919924124
1.3513282257494303 0.6488435092541524
1.2745163411766012 0.226485055081722
1.4374455619992457 0.33322624474009216
1.0299662416805038 0.766049520688539
1.468231724410722 0.3714401983215357
1.537652097005318 0.42402726340571884
1.4423281034499142 0.44861681065094017
1.1482043865141336 0.13369558475605395
1.246631919176784 0.6137683705451353
0.9939723876610622 0.020303137451979723
1.0510781724414708 0.081168177400832
1.231891542391779 0.548287987437569
1.1520494844476867 0.1525621616150576
1.2083526141218845 0.18133678048822552
1.3738324815738818 0.3136230249763177
1.055116597234413 0.6275075599564429
0.9756506249009097 0.02543511753299737
0.9465534444973212 0.01585278545465917
1.119059136042359 0.14010911180837418
198.52713237821735 3.1679896340214547E-4
1.3162838860075037 0.8750691117128122
1.2852282715373162 0.9469282556341193
1.7863711889651852 0.34861299760168113
2.3322541092486393 1.8232149451427428
1.2195224536475133 0.9801318280951556
1.6460410520270086 1.7160546076064431
1.8521287411761715 1.4779488942887595
1.2031209129615639 0.957742576839847
1.6506253891983729 0.41993325037566004
2.255778892995257 1.9604541338415102
1.189299562585398 1.1570320409757164
1.7410438171846123 2.0584738966959213
1.8019553329352176 1.6582102720683158
1.4503145217770594 1.930316766362223
1.5792353970257307 1.2951456259086442
1.5283094850960472 1.877471956630267
1.8272955625616993 1.6361141161910573
1.1674105482241912 1.8090079702537316
1.1804549866053278 0.8799449287127104
1.8338745093419293 0.368543546811176
1.4989799202985457 1.1750490377472476
1.7502107702578464 0.31917313264907704
1.3340144370192912 1.0308283203533528
1.9407201726913732 0.4870110194800847
1.4818292017584604 1.179671596364798
1.2475548370246528 0.9489942054337903
1.478083087462817 0.25132657424578364
1.1929983673106408 1.2103280980634625
2.0095011961137805 0.5077508520910932
1.4758916164629743 1.3926496090210798
1.6754446336609117 1.622384183091268
1.3687986048664533 1.2195922049759
1.4983097880387648 1.3612022786989164
1.7978618334696852 1.2696842763499352
1.3571347211350973 0.820627642475678
1.6533629180337002 0.3399148907037982
1.4536003446267456 0.876471243092767
1.6059310789825059 0.3279222432005921
1.3657402194428945 0.7368185627348883
1.8466510152244724 0.4886005889630928
1.1746355242883941 1.0026997786500584
1.6113937967868297 0.31617893176045897
1.0672157642856341 1.0467303514496387
1.9934353392410082 0.5935138137163025
1.122109393618665 0.9878805556899443
1.2368953674815693 0.7346129929943761
1.4772978894671756 0.2854827764844813
1.3935880189477723 0.7005730144496027
1.4642019086811837 0.2870071721462977
1.652565111998869 0.42171707225639427
1.0596566600577335 0.8910074152580807
1.6778615428494366 0.41008985369118495
1.790364184282141 0.5031916931109579
1.3873840441435878 0.39563190309533447
1.342055632655842 0.24344052869701316
1.3841742189089743 0.2766253881548545
1.5718858524081232 0.37031154261092214
1.2876747206479437 0.1915605505897017
2.000214991407578 1.3509030013920087
1.296174153178086 0.972738329313755
1.0565919573417057 0.9290107124894131
1.660520493325055 1.7022976706371995
1.2917731034445417 1.1325420168660734
1.7486219922109179 1.3379847268835698
1.8569811031857943 1.5742258936675506
1.1875795783892664 0.9619396546899622
1.7340904258636045 1.7457110202977875
1.3007107206905508 1.239962047431223
1.7734817942662389 1.485923638340227
1.2416714409694896 2.047989170331523
1.6775197694776045 1.4412819714143192
1.8682958595358743 1.5449091834413666
1.1938031368724678 0.9689398303871274
1.2285544558432901 1.1747665498785902
1.3539295270634202 1.147704444812996
1.1043706958579045 1.1211202837028842
1.3010654656231033 1.2747436274950008
1.6632319859070164 1.3958500906356468
2.06176077554705 1.3825268183747816
1.0834609561632371 0.9541399149486097
1.2119770627843798 0.8357744711445159
2.0547402659585736 0.736216666674255
1.191967870926316 0.9900113698056394
1.1346143211563922 0.7889734198005026
1.754284610989934 1.2489826931980965
1.2751249473030053 1.0116148198077641
1.6242193490748056 1.4652122616627994
1.2059939578843977 1.0038778854966015
1.4235108595930548 1.114627217722509
1.1739356621247297 1.561447943149751
1.3882893604380668 1.140534283942622
1.5226548731988228 1.2303221725050308
1.8352877059233563 1.35412292349746
1.44862662716763 1.4064863002034482
1.1650904608979127 0.9598864557608628
1.2191310663577155 0.9979375872056842
1.4117715634450239 1.1370507566573107
1.1899710798850456 0.8542325819038579
1.003414885592286 1.3857853653297774
1.3846942682474634 0.9830928828545807
1.4306071252493706 1.0208461040886347
1.6234865341231437 1.1392510734856598
1.3588176911439576 0.9773113764604391
1.1629347148666003 1.5653179940428243
1.1910515806839728 0.5207447531931373
75.54798517302704 5.480299887360984E-4
1.287286739301325 1.9480532633242735
1.1585377915534967 0.7102374733812955
1.13865891069245 0.040852160773842475
2.5325137747012354 3.162131109103613
1.3871249710290505 2.1580682801574134
1.1781944943646347 0.8099459381499095
1.546364841556668 0.2735932175161808
1.5486213082251723 3.040604082173568
1.2465668573239574 2.0411999978873507
1.0875927250330926 0.8740072607680496
1.1404108304011213 1.5753441210380605
1.307027104638058 0.930644958282591
1.5304750351318153 0.9446751965936351
1.9514731034133765 1.474375957304378
1.1577725433579584 0.689466359330375
1.281387179481388 0.12265617284331926
1.956748809621983 1.8412567416151222
1.1218176772320736 0.9041022256379232
1.6620356339750866 0.29912601044121945
2.6325205592584435 2.9084889391800326
1.4439539972758122 2.3551251805334568
1.2677831242618727 1.1392411848604822
1.2581078957332057 2.005212443211517
1.8166281458883375 1.4116605931877788
1.3664981531639289 1.7875321003540168
0.9936656342729979 0.8187353455521529
1.3050929306355599 2.1163102472915485
1.0352816238165348 1.0093704649686825
1.1635946565871444 2.027152717670612
1.2116013973285564 1.1451184939537469
1.7953806428817454 1.3259466369427513
1.4810065906086414 2.4837469122870894
1.021035122064595 1.719162872210187
1.1007629530852236 0.8953794005664825
1.1114933931235584 1.7753120672961855
1.1816041386771994 0.9924424160050433
1.3878946894355477 1.074993980015492
0.933127524422376 1.282547463777827
1.3376836261382166 0.9769347343515566
1.4149963103582692 0.9878576372658338
1.6262719184350936 1.8126668861422028
1.4577609093033854 0.8418396748139354
1.195795069784024 0.8767205049466368
1.6243654412977406 0.1496146543985935
1.4237023117072258 0.8456912861477195
1.37687686048256 0.1760128017169956
1.3427584848648912 0.838633425540638
1.7504643726196394 0.4910864578874886
1.0650220731225852 0.7433231571284973
1.155577060347284 0.9012408402095073
1.4351108183915453 0.1608068684889492
1.317477416456354 0.9797055285617047
1.5474431872504506 0.23098717661297508
1.7391425506259166 1.160608721217268
1.9191619952249739 0.5245122164350092
1.1062859845798287 0.998648537509131
1.1342477118389807 1.019504742046266
1.6682950738157567 0.3576739785125129
1.1417468787005118 0.9085493282112294
1.882714303109894 0.5617559883401277
0.9993519339537793 0.934546165800146
1.6139289784222135 1.1780776680346787
0.8916914329472592 0.8089314698679888
0.9664561537387203 0.8557567585752581
1.1708798688487905 0.8509548057800518
1.1827911466578147 0.7856279343536696
2.012357935752893 0.44513953887248514
1.5642371066294258 0.672577242218917
1.5901410867380799 0.27742187837917137
1.7738111323599255 0.6131597011273818
1.2654707999251147 0.15366540235465367
1.2589182862182753 0.7207011115697981
1.4836337352182625 0.33561463028229044
1.7822636450275042 0.5220187375875283
1.742379735751113 0.6665667816367378
1.3348011579464716 0.18886861282482686
1.4938470252697984 0.8400310203453243
1.4308101251266554 0.2958670632173593
1.2044760075745673 0.9297324605140946
1.6445417592188427 0.44186343918221543
1.1241255792379976 0.8096793362375796
1.57115166578757 0.4056331749827687
1.047432023515283 0.8888677128003417
1.7061501362915217 0.5122092358759085
0.9058509650967806 0.7350962656296245
1.5478546692777757 0.5023365568457092
1.4921186721959625 0.2962699064235169
1.2223363851482008 0.14219691671383916
1.561120873723952 0.701651383258465
1.175479981324374 0.12405491603386533
1.302970769046549 0.23344200889156388
1.2217711700529603 0.17113580822175534
1.364564340373211 0.6354704727816185
1.2826540376154714 0.1994096162873393
1.5907910957986628 0.42004577971967993
1.0358261004610507 0.7658696787977203
1.4688110166936814 0.36808696413867203
1.5380858219309879 0.4204637881744791
1.5600913919388393 0.4462997090430244
1.1493555876002555 0.1340164024787744
1.2557379744380772 0.6129703249340528
0.999798490063909 0.021999031093214976
1.0635046344084809 0.0831012358557379
1.3062426048149383 0.5770515531938936
1.1521108898242727 0.1525621616150576
1.2084120032944736 0.18138125247916087
1.374039243154957 0.31361863326877787
1.064689074680451 0.6146698506468242
0.975743399554881 0.02515605552318873
1.0184628665741937 0.02774562153674707
1.1190705160327776 0.1404357194864008
27061.585277283015 0.024271401590691192
1.3214606244777802 0.8754232644464787
1.2877082774760193 0.9673090910421527
1.7870984297657873 0.35454773985360605
2.4841241483015635 2.185664271280424
1.238285467302858 1.0764328743222435
1.6557878231195797 1.7161965346195052
1.888831237655194 1.508281315069303
1.2220232218936813 0.8844335681202973
1.6507546221263039 0.4188627969501648
2.2599294248051556 1.9515580652858646
1.1964720289651791 1.1671087804707811
1.7766067980102243 2.2401387227761416
1.8088646821484893 1.662456826532578
1.4597659425881377 1.9385088075827557
1.5937377842952423 1.284793909726114
1.5451388850157195 1.8275350824272092
1.8276199972833953 1.6349541461624828
1.1738094165561903 1.8093593973767685
1.214824330483233 0.8419960770622295
1.8404199805938193 0.33739702193663873
1.5010503568120757 1.1379891781265217
1.7516373245689296 0.3127763631881762
1.3539998944618226 1.0287692544314513
1.9414597440597006 0.4877214096882339
1.483084895899451 1.1935506024392375
1.2486649075259335 0.9494735330548616
1.4871020212273645 0.24244936921410315
1.2175918951949298 1.1959489560818
2.011629340119196 0.5272163022741689
1.4838440303510871 1.3959098038835769
1.7435140294599991 1.5893932422690287
1.3705180390524043 1.2195883711177142
1.500772926018512 1.3634058097400463
1.7997453377132362 1.270625921878658
1.3801668179007698 0.8534136723713268
1.6533741206150905 0.33992970250646903
1.4853598775465375 0.8817769955845857
1.6087250531371753 0.32514436817987674
1.4119062539330023 0.7570813277161155
1.847478097816192 0.4890631088155293
1.2885260502536853 0.8715673485245898
1.6137787393593173 0.3190064003359152
1.0718271505390868 1.0808483209467714
1.9953086974306298 0.5950024763430356
1.1526456672981675 0.9900323200976161
1.2411622061964962 0.7284306942133054
1.4775990844111806 0.2854785768760385
1.4413546916850142 0.5712758065586392
1.5585722000192614 0.31834139349914464
1.6617801596931991 0.4279221690544654
1.0643831371536143 0.9118391274708886
1.6778935076136303 0.410094263385718
1.7904402370943813 0.5163627820587324
1.3986557474709878 0.6475563184266784
1.343106867531589 0.2427404680683816
1.387245156294519 0.2793821860534017
1.572104849314788 0.3908788093846485
1.2885552965345641 0.19106003558367138
1.3287997241292033 0.9725611083285236
1.0795233277835732 0.9699370879536723
1.691991288287833 1.6903009605271138
1.3025621699897245 1.1394857381239942
1.7542872421970817 1.3419690330137362
1.8895395033684135 1.5377972413567071
1.2253432074498678 0.9514263001368276
1.7480062988165255 1.7173779115095946
1.3246018052186808 1.2498404397711549
1.78193956044514 1.487146699777117
1.3334789984361508 1.7584573427851589
1.7030348906935646 1.451729321727961
1.876618347919076 1.4954746963202454
1.1941184474147246 0.9627849470234926
1.3468133162352243 1.3053747574985055
1.3843921635946428 1.1530294251586974
1.1341330242532057 1.128212746972757
1.311251039503808 1.2552791288835055
1.6663127315912072 1.3971900062013907
1.1497741356956943 0.8878643600600346
1.2405456690416712 0.85222077897426
1.1944103297378739 0.9944178547343103
1.5843076140078742 0.8028063200969329
1.8795432485834858 1.1607590519356175
1.2941073537769086 0.9774772488300937
1.7168654777255519 1.3291315638753782
1.2402610411160524 0.9966071304225159
1.424596641353836 1.1146538736882265
1.285215639382419 1.549453334383028
1.388819479824956 1.1407875148424378
1.5370023225068714 1.2438358181070124
1.8387257455278636 1.3702348382450484
1.1684031347664232 0.9629574945372765
1.2193551724608271 0.9981666581622728
1.414580783458413 1.1395538768125382
1.219299233267562 0.889760938073394
1.019705853596189 1.3051855039000826
1.3863775781274574 0.9832721477566575
1.4549406955735449 1.0261956974402113
1.7179054882967422 1.1290025571884255
1.3592942049818133 0.9761352189528893
1.4954321119602576 0.26027759545670864
1.269730482777352 1.876287373586456
1.2599810301317942 0.8184961108955433
1.1669254412609897 0.9756289552429263
2.0854425316402305 0.6735235395773916
1.7811601223284619 0.3195001596913268
1.7687660956704552 0.5148750331145111
1.6470566062104515 0.46040711178787547
1.5822354723988672 0.2547706774081301
1.7304461044275286 0.6763910098974233
1.0278961757812872 1.3403135449024306
1.3266309443589672 0.1979681160286494
1.4234147169130749 1.0153689003474882
1.0653901207446002 0.9152462479741421
2.2271200392220267 0.4343683521356766
1.5201636511390126 0.8758551970921724
1.3431946018814056 0.24424642438914854
1.7776397305051859 0.442096727731634
1.8516430481530033 0.4420271008082342
1.810905792868867 0.5369282874174229
1.853113750211067 1.343781305070285
1.5728568989626948 1.2591081943622597
1.650800103524535 0.4199103667840491
1.2331833011758038 1.1658456285402452
1.408087092787749 0.9980745555809418
1.654653655342578 1.7780095727458982
