29254.75575992669 1.4664248232405863
0.4815761436862826 0.8049822448396562
0.1303295595607986 0.3611604493226888
0.10974358365303519 0.2306659321499031
0.11734213470187338 0.19800573493445456
0.1280534644636977 0.14111596702493878
179.4706643341582 0.07856332990258902
0.42922878695483546 0.7437035629604352
0.327198621108273 0.4872422700177621
0.3044363496766467 0.46695637215385405
0.16858573319016357 0.19513483035235218
0.1518092851888977 0.1478828623883566
0.2638392720988614 0.09573906595541552
0.4808907422351375 0.8346137582566115
0.5564286571880734 0.7960580539251774
0.6722641536217363 0.6476082909033605
0.9404904006721869 0.6327725833063462
0.6262305466822231 1.064217246633814
1.0522079341432538 0.9952298903643628
0.44089811886415037 1.099310742080715
0.5657264262039848 0.989542275446595
0.39673222600392866 0.6107309384294133
0.8832216190719624 0.8553745537570271
0.7756834751708783 0.39761344527892856
0.5979005004653651 0.9675462585177823
0.9796765418226216 1.2987588613622814
0.498449861404358 1.0689431211425546
0.7808639541442939 1.0396362643320372
0.7614399450418499 1.1652969630479155
0.6530951272298763 1.0887545924789919
1.1266325307442562 1.1221281159781595
1.0790712302655032 1.082283675190581
0.22871298745090313 0.5457654069159608
0.25123303635452415 0.43334451167880605
0.2201804297167661 0.3114902593114812
1.0137598555501555 0.8208272307484384
0.23234032586247783 0.38956454150932446
0.1645191621301439 0.3112163521906023
0.17597660457807413 0.24416783914214843
0.18884502555113897 0.1626938440640206
0.2983291464818587 0.3931593763238503
0.2825408296243005 0.42620852982942886
0.20916939567283044 0.10240852907521085
0.5110505905574525 0.667421795910438
0.3123243418877224 0.5640057183709195
0.26077147381821075 0.43542531233687404
0.1801112648526086 0.24002053620711516
0.1883418428512779 0.16303067314076697
0.39158351264334423 0.5675367723755056
0.5776029941958881 0.9260560993999375
1.1985045770304508 0.8946726561588962
0.8379094773082898 0.8506956070822438
0.17225872565793288 0.35938751938181024
0.1709237996064416 0.2836476885118212
1.0776743126370645 0.9275883225544297
0.15401856888646953 0.27810293598839336
0.18839368075547402 0.2518434003716358
0.19049890844143375 0.14711912820379722
0.2137412687822742 0.27109393365994583
0.24383517068689903 0.13007398047770338
0.7518294375411072 0.3190464753866948
0.2095285995484426 0.45557194532284023
0.4524749794585364 0.5141335905182911
0.707120598008661 0.5417086027251089
1.4477679225535147 0.6903559824898309
0.1149126073570713 0.24604123072406
0.13314005685783004 0.20304188777762136
0.19272439247149042 0.1647849592002843
0.10843836819901856 0.2090792626077916
0.12040392211912274 0.1519754209724954
0.2101307446349943 0.2092941138675438
0.26466899177752995 0.3498857295577156
0.6269949983766454 0.37831866000959075
0.20932527591516514 0.1025352166496925
0.7861082499685561 0.5297480205322305
0.09613346942908789 0.17403192585253163
0.12903061374623556 0.13177589821966434
0.15551426706035054 0.1603248879475099
0.1800261756181763 0.10800125717284131
0.3780675837616155 0.15049365113031832
0.435746765703618 0.26668408313459097
0.13665290396525068 0.1275473094703674
0.2198603809995156 0.10719293457655431
0.20522853501888114 0.10072525770186079
0.6932069574098674 0.19499646003918084
17.40415009831522 0.07830779392766858
0.4992525508334705 1.1627400147656657
0.543410065507862 1.0739388370430365
0.6484421188508633 0.9740509699194447
0.6007357272399327 1.3135396481161201
0.7104331610369916 1.0812671252035053
1.1493277998535563 0.8899374538622231
0.9554360612336678 1.4733477009077443
2.4850705671822695 1.6120648098200752
0.8646815026127668 1.6967405547764918
0.5735719771841763 0.6343498481529094
0.3966959391302519 0.6794276485783266
0.37809551005185077 0.5275800979636294
0.39712775210323814 0.3981073823322976
0.4461400240226719 0.8120818205270681
1.1605631450209786 0.9398593174022207
0.20800611068817196 0.17988413514818224
0.22304993337557988 0.10228227240173454
0.28403828239873663 0.4277625518777473
0.4334701117073819 0.4605112050196161
0.7162184773365762 0.45331633768381446
0.3284390954769424 0.3792676917292965
0.4145826591609518 0.28925917217290614
0.467850745479585 1.0812288407754855
0.5401354448386064 1.1036845869325842
1.25087953640322 1.0690481852575262
0.6918315780229454 1.1683174973093018
1.192580760157747 1.3529309271184988
0.9441177976780438 1.528757529638025
0.6746960658350079 0.8432867864802379
0.6396240036533825 0.8349577094058251
0.7355241472305392 1.1389920553173865
1.2414204252596683 1.1136576646530727
2.014870618098643 1.245299975853072
2.2330575734767804 1.2410876999316809
1.0094190575167066 1.1339956627511305
33043.89119157237 0.947632807919325
0.49371252809819083 0.8234917670336969
0.14334137635443733 0.347076125456855
0.15293171510668457 0.22130650074631458
0.12042840665008464 0.19810442609519802
0.1282586790746385 0.14122183554660356
181.6806165795525 0.07858024640687378
0.4293514258100935 0.7790958584932814
0.3300275886312777 0.4443196053131536
0.19019846736996093 0.20751876204596478
0.15211868029265455 0.149655701452794
0.26524650665025606 0.09986310076986274
0.5002488561914429 0.8333520746000264
0.5603464512343466 0.7946167066064903
0.7709755411695799 0.9710050607888239
1.0178627345570757 0.6670233569444854
0.6654823193970633 0.973191124125173
1.0961649807307305 0.9815397051686514
0.4443093110456405 1.1011491085476288
0.6418745226771324 1.1040758470523309
0.44538466393507276 0.6714458352277107
0.9227202985046031 0.8777780245144756
1.8418219357622636 1.082089022608196
0.601411545114884 0.9658180159520372
1.1116405428105414 1.4937217292612526
0.5037284106914464 1.0712704731881486
0.7814085868374474 1.0388682578571289
0.7640584845686595 1.1421109772966638
0.7175029877912908 1.0331052578845954
1.1410011403814302 1.1306340195575624
1.0877247155317538 1.128993077001865
0.2611805949425753 0.49124119282580414
0.2999351742395349 0.5191579737501225
0.5124593087991584 0.84727943843053
0.3341182419710478 0.604608668238998
0.17772764491576742 0.35013473381426824
0.1879976940885023 0.21274503574844555
0.19013396465632607 0.1626889298915008
0.3105600434834569 0.39868237234671056
0.309058515797921 0.4552732660083299
0.20929009108231184 0.10242581126383855
0.5352892532866689 0.5263097141384652
0.32862437030549074 0.5969294519600683
0.3177382497694028 0.4243344650285777
0.18168734805565798 0.24060171951813486
0.19037705384584053 0.16571708847846622
0.3922484341673642 0.6711716602807537
0.593740027552421 0.9090323962003986
0.9815909117192653 1.0740448751613423
0.17873113375472086 0.3114777021815958
0.17111057614648587 0.28236448295765554
1.0992366771260484 0.9778490086185345
0.16082901332378752 0.3026213601471928
0.18941788431811168 0.2575021027232573
0.19267503249579054 0.1439861740242398
0.25171199743994055 0.25566868924660346
0.24587363736853782 0.1081615929516748
0.844542092467027 0.5586639019533417
0.2339415008111151 0.4401477581990533
0.7208660127391303 0.6255256995706534
0.11496818990885316 0.24604344998275254
0.14779354084733104 0.19738770144700676
0.19965581846309108 0.1588924061573751
0.14552488760485308 0.18903570022804977
0.12091746774147998 0.14751551604374835
0.25653716858098463 0.20675921928691687
0.3484784068178606 0.36906119108426183
0.6451488770168412 0.3783183957875548
0.2094356335203041 0.10386526051409321
0.8060773518842235 0.4498432385772018
0.09656023949554378 0.17272055043766904
0.13136981510571077 0.14540003696871637
0.15991393786054914 0.16344277013792124
0.19197666453809487 0.11708409497809336
0.4190510419310979 0.1456617429228454
0.45433619770661504 0.2738135319152988
0.13712834563715431 0.12731394659149947
0.2550491580818861 0.11993494951668876
0.20764161944499526 0.10063040146912901
0.7390426840040825 0.19483515910586582
18.776007747698404 0.07830883035528927
0.5140849449677592 1.1407599195780556
0.6488480753881118 1.074387471824569
0.8156441452700156 1.0812800762672736
0.6043531998687881 1.3119422357078983
0.9618190039293902 1.4554803680587118
0.9671941086235336 1.6278801263072624
0.6015133763761409 0.629948655636305
0.4056389863099667 0.7616447528355572
0.3858032890406303 0.515878638373743
0.41642813383846944 0.39809931473780324
0.7698329446235426 0.9498940242580582
0.20853165706491197 0.17976248290967223
0.22355110314755217 0.10207305223376889
0.29037148795332357 0.42905390793860304
0.7245872534117526 0.45333447421450784
0.344463810835964 0.3550784548351359
0.5030205619922887 0.31931222034363826
0.4765034290735426 1.0793443888496406
0.5518081711390631 1.0912718987487755
0.7471336158040657 1.1906811830150157
1.1957397979887445 1.4446111915926174
0.9907962418561689 1.5433714851084581
0.6397513301168807 0.8350806227789703
0.7454695580336796 1.0973640371805413
2.0924054419141713 1.2425368006878525
1.027600816711298 1.1077584523330581
33968.299651123714 1.5279979922420228
0.6855562953626082 1.128191799833348
0.14702935931469563 0.3510813063230247
0.1683303511516686 0.2859504887731009
0.1333546428607332 0.20763108303497763
0.1365834401566344 0.129627897966562
188.6959314658274 0.07852926067239158
0.430138009472091 0.7755579694356516
0.33619220138460804 0.4683404730959909
0.19085716847420253 0.18575982745282213
0.15311863913728258 0.15364236277043214
0.2921701019700198 0.09726872271769796
0.5065965611426911 0.7987697750188032
0.6022168332101657 0.7385377355803149
0.7258861342040774 0.8770662998415577
1.1243420026496609 1.0506088498400936
0.4447905052327145 1.1000367982985222
0.6461665960696561 0.8798949459936063
0.45878814491261133 0.6711789352243761
0.9982432355894424 0.895311498605336
0.6014144144544482 0.9658277439218613
1.1341292724708132 1.6116155702929194
0.5199599289584536 1.0435349741461397
0.8586476893201292 1.0449763406130672
0.8076482472255384 1.1270435189400427
0.7411287565944579 1.0876797553119197
1.2763134035121917 1.0910634581667968
0.263211435010975 0.5627356455400534
0.30118269472265113 0.5187303015710881
0.3716075050394867 0.6600556138362478
0.2043953335481343 0.30785094296571
0.20282917369279427 0.2159365000802532
0.19035671815608063 0.16394321370368958
0.3542518631109497 0.73756238615077
0.20942487876802762 0.10282254909628157
0.6101918357540544 0.5377130021456529
0.33413382130606795 0.5229025998345982
0.32721241267835643 0.4491417809705143
0.18168940259723693 0.24065319225467352
0.19050131996457703 0.1658167652646091
0.5967966069358833 0.9406574793142148
1.0160126446725564 0.8502988263731562
0.205076247135128 0.39744087094452984
0.18445059357647958 0.27554467276442624
0.17584857571747906 0.3296408033187303
0.21444901675377187 0.2868052036890263
0.2003198914248763 0.165363696433696
0.2534032140637269 0.2563265883510494
0.24758896262497326 0.10746790443787205
0.3192345517583549 0.36741887018243735
0.1156709345704852 0.24607462999604998
0.15542648969547168 0.19717013599332006
0.20700966597761433 0.1481788422054995
0.17502702888035476 0.26239275278138496
0.1330238819962061 0.1616098146312191
0.30445194602957987 0.24720783314737368
0.3533018494950597 0.38673276042230775
0.6877156008419723 0.3646616141884733
0.20969197942017326 0.10403643796200315
0.8632632153351679 0.43495286108210074
0.09852909208256733 0.17299187989651715
0.13507993653254766 0.13820899850083238
0.1625693841185745 0.16683073358924846
0.4551679391883473 0.15209640034809482
0.474356985810814 0.22987117714205973
0.13743938885136803 0.13742151480250606
0.2615400673196992 0.12727228549887862
0.21864271558989842 0.1015956777202004
0.7396863722706571 0.19414750982818385
20.426597154971944 0.07829164310166516
0.514318755360275 1.1621725587589768
0.7190140236828068 0.9215516515544442
0.816337560167581 0.9738813491648483
0.605401662403742 1.312043363115715
0.9802840241611626 1.5090952341786676
0.9701970296205814 1.627463965885926
0.6047981165015615 0.6312728292740973
0.45969980387745274 0.7573401261328735
0.39621327671618023 0.5628768379737368
0.540609919656595 0.487680424883602
0.9245767757981108 0.941129296743502
0.5549613401742508 0.38698047012278514
0.22379186993911565 0.10198538205204905
0.2972491159125003 0.4301258004643202
0.7808104235629203 0.45025738631352474
0.46405361997736483 0.38357255856016714
0.5091080563822631 0.359865564782925
0.5081946407438781 1.1119131621785932
0.5794392370292203 1.0884580551954746
0.8565533140141415 1.1998200566157324
1.201076845841714 1.3550758457815444
0.990883246701476 1.5375477568112919
0.6852914114493504 0.8350806379427849
0.746230968074003 1.1692698711835976
1.055123878747546 1.1076443758227388
35270.788815622924 1.099965392140124
0.686134746690114 1.3085125598618113
0.14715217271235576 0.31007104041727707
0.6511445831081849 1.07898662378979
0.143283839979271 0.20962649371712028
0.13731865329739557 0.14511291567592505
195.21374694743395 0.07862294398382935
0.4305878174802493 0.8018978639484218
0.3907136964336233 0.5933739519590759
0.19803108176467588 0.25662380091461284
0.15372104737242864 0.15183889335896178
0.317286717308072 0.11022886098167589
0.5601752654210413 0.7477046319726579
0.6779465841447592 0.8657511960704858
1.0144500090747006 1.4622260008988353
1.1306549845460938 0.9555141273413945
0.4452153414258922 1.0995515667676505
0.7343459137923902 1.0694862433282997
0.6532657520415714 1.0917127602769185
1.1343185589546063 1.0740928060590944
0.6107637995485112 0.9679611014710633
1.1963735588697206 1.469567337063484
0.5310727337360408 1.0908308256120305
0.8840321246886593 1.104811111434111
0.7716742033610817 1.0414147068956947
1.5110765456529265 1.0904925611957734
0.39640795063563883 0.774656288438947
0.301454513308936 0.5160142794359335
0.210908957471389 0.3124619872279951
0.20833919612121476 0.2056451193503268
0.19062327645473276 0.16200897879086612
0.3897236832494697 0.5557808867761682
0.21681482775126848 0.10866935683991978
0.6322708039687923 0.6734596775449777
0.33867747554538485 0.5314580438982288
0.4759803582059911 0.802805705328642
0.1817019996930648 0.24061105051267412
0.24657016505560142 0.1476924178954267
0.6537941836112121 0.9253403607520281
0.19058211028974156 0.279309736792852
0.17633749914540597 0.3305678986095717
0.2305843731871181 0.2132048482679838
0.20054461732806073 0.1659567367455506
0.2782029013264502 0.3326989017089177
0.24780384119791377 0.10757773960021032
0.3325057327167886 0.5311609722311592
0.12696628000303184 0.25035786542858257
0.15814185183010449 0.19670932318266676
0.21171231392148715 0.13250613170732276
0.14287236662067973 0.16622543168336595
0.3045375409312931 0.23989916818929166
0.4465018704928482 0.3693545876224245
0.69884749036493 0.3662261346934199
0.20973953587535735 0.10332550864928794
0.9497131973619103 0.4497500651946257
0.1268554518512232 0.18012832574926893
0.19179990248279594 0.126396647296131
0.16466184115210533 0.16577265980407804
0.5017748248640372 0.15653089889262184
0.6780937907519855 0.3111055308899101
0.14051502054274856 0.11014538075675562
0.27111009999798513 0.098691352810787
0.6047300433327212 0.16956253818061237
0.9812277477060557 0.20086896173059232
23.062692897726922 0.07826969264657878
0.5159272519748053 1.163052018268128
0.724817592925176 1.210880998820967
0.6100927845459483 1.3057558812490873
0.9916435511158721 1.4507868493757157
0.9768622962190597 1.6341744264071316
0.46138108536035405 0.7531257109395558
0.3992973714251006 0.7166445919662812
0.2240530079074367 0.10198080922989133
0.2977741201192149 0.4406470463647703
1.2119351497820277 0.4635930816595387
0.4757116468875505 0.38100464756734304
0.5248917980800545 0.2994528640018481
0.5319170389533027 1.1116798631234859
0.6075934148321647 1.112795446672424
0.9311672618097339 1.2289159997044605
0.9932228891598325 1.5408777188315603
0.6884616969081843 0.6645716278466519
0.826611981140862 1.0991188972291261
1.0658092083064596 1.1249684262178263
0.24805654656954593 0.07959970728866853
0.3079784850134983 0.4601901330157426
0.644828260152911 1.3263585307724182
0.43373824376585046 0.7501955842292288
0.6710798506869398 0.4323475351636723
0.1485541570091336 0.22011109599864248
0.23800160947892446 0.29128089546872304
1.1672284946729197 1.1018811834874385
0.8354274888266633 0.16940847680057874
1.4817307858756488 1.4937196525123084
0.8707791107113028 1.111738139407016
0.23302710055256753 0.11959601644907314
0.21550980180440688 0.1374517953927789
0.3389055917970032 0.5290403059936961
0.22198501042527485 0.2720881590951884
0.16363209682475346 0.19304033356596115
55439.60004643705 1.7141120698882313
0.4597987826595475 1.07359177496407
0.4707369244923583 0.3857247169476897
0.7848326716609344 0.23448444477237673
0.401738128990475 0.5238124349224144
0.49709410974292456 0.5850778786119835
0.28906885151632267 0.2832463306933266
1.537292094709806 1.087424271347678
0.44277176883565766 0.7887250343703951
1.1336821510454127 0.955412310597751
0.30548977219938445 0.24782009705390545
0.4136845814698964 0.7557540184799172
0.7932437797120964 1.0744341707806984
0.22891157732384837 0.10881506470623681
1.3870184631578533 1.086203542399438
1.125803173063177 1.54542173956591
0.4467466091895774 0.5773966210521724
0.13177450557560683 0.28005311265147625
0.607718824312027 1.0793266437639895
0.13848627990366202 0.12919455960769083
1.5013698923282315 1.491584539398473
0.9491760014360648 1.2143456352712199
0.20672695859590878 0.31185557927464486
0.6585762159813177 0.8721527427197544
0.7128305494994501 0.9168747042747744
0.2023066371271201 0.2593057920588298
0.20335841222431983 0.42337478171632276
0.8118687961966392 1.1062643478148857
0.6398769928240148 1.0906729855754678
0.2244334706833373 0.18726497158112038
0.6515269052909296 0.7602451236429424
0.5925170045630697 0.7428111287830721
1.2937770705151441 1.6237417710696032
0.24828767885011188 0.1080493191234033
0.18175191141051025 0.24064059845285363
0.7674404068038096 0.1850748483897296
90.11698605053027 0.0784307323525454
0.24147535796406117 0.14027941586404893
0.1441930185594254 0.12771080108943306
