1.4482817191495205 4.336049813465965
0.728449940237415 3.032993749236545
0.5768035901345419 1.9850819031443898
0.6661822878819221 1.447598490059801
1584.2282474353503 0.8951839341268834
0.8692617038173484 3.7249419262159265
0.6323135715263903 2.2070112558754307
0.6516375485437977 1.5344374476894656
1.0120402876266543 0.9182061172617159
1.143595419294584 5.130647343948347
1.1102010330315932 3.935805155949397
0.7729272018181557 2.7002475817907925
0.639816301060951 1.6103754748842156
1.0195907853215445 0.9444558250223557
0.7197741419488485 3.040950191167809
0.681235114253479 2.179240115877112
0.630284456484587 1.6014827694472524
1.031466249225978 0.9533764292868064
0.5972645012889083 2.0047143210996383
0.6589710102171438 1.5350176340763548
1.0372998482933347 0.9704470830944019
0.7318915955082979 1.4972744827776843
1.0552234871007566 0.9747177848074181
25866.45830297857 0.984554777635079
0.9114379022779787 3.7592707056049313
0.6962555524129587 2.344002279239912
0.6448161884006907 1.5259804676204884
1.009001371522293 0.9240191463035308
1.812299669512225 5.128519718768552
1.1885438411337421 4.146909850681993
0.7241710573938538 2.7804743749753396
0.9813192897859722 3.9489424269559086
0.7444464219905345 2.803735819492342
0.9477156512511957 2.0822076309118303
0.8081796186996096 2.6736315809857545
0.9564997056780806 2.0491218765746115
1.1676146702542467 4.992887859345441
0.9098951180846185 3.762605747665045
0.827165004473398 2.5928074934457364
0.6404871043019672 1.6103172185958377
1.0173774258941433 0.9351403534822069
0.933196887105189 3.5794956303073473
0.7169338773738657 2.7760966569532144
0.7846432160243692 2.726913510391286
1.0742891019035463 2.0499400442855276
1.299231152937019 2.2394797605796564
0.7311252396279214 3.047328520798364
0.5988411837581052 2.2477590158234846
0.6315842683416144 1.5975844687419782
1.0295623003976386 0.9469337133913942
0.963447979215126 2.6479947068029936
1.4326783221504171 2.210830152386989
0.6001190296933038 2.0081800211785077
0.6520824954033319 1.5397563295687564
1.0289895054493896 0.9396093339959812
1.3503883529306662 2.0093004845386595
0.7094062152257479 1.4693741490569623
1.047489220896378 0.9759703502747294
24246.03027244878 0.9875301064478809
0.8565195378712783 3.775336016788989
0.7745283653956307 2.6249038348666396
1.1440447693654974 1.9523543437028752
1.226706964195893 4.029341933451353
0.7125534009556512 2.7680824145013876
0.9630378143898914 2.04146566513411
0.8935626097361823 3.8195673414574065
0.7077571642278858 2.7687362412509553
0.9154201954135021 2.0907731987127436
0.7528108464363779 2.5349261146952085
0.9695123499443814 2.0475119832545996
1.039338133567521 1.910865480385222
1.2235275363272056 4.047866632284372
0.7358995878415512 2.7663831833342236
0.9482407200311693 2.018537356802641
1.2165491691818122 4.058464897200099
0.9086235521030258 3.519095426101516
2.2505412173148804 2.9904576827085574
1.463068928872036 3.362230861385773
0.8694237135203156 3.697529101615828
0.7442736829423146 2.7931118645414337
1.7800594967677057 2.4519366421026128
1.2410447737598207 3.3921411817674407
2.0996518149164984 3.001325423538477
0.8841911132586594 2.5878140649599506
1.0276048409046517 1.914168102282302
1.5183550091373974 3.9295429934173725
0.8686952202751091 3.82666898713926
0.7548587869662139 2.6522015838194246
1.1076681045845944 2.0820231067203943
0.9428185363352131 3.8082765149161233
0.7332100035092807 2.7742286073899876
1.087894053616013 2.185935207626034
0.740141779490596 2.6479484250466303
1.5349501098572609 2.5028191609010717
0.9813384710030829 1.9755831078137631
0.8622773745376089 3.785874318859594
0.7159129363766622 2.765647447747078
0.9542087179113456 2.11806539988007
1.2213166471406698 3.3597766097669095
1.9694929541553243 2.984966529417272
0.7124270080341978 2.6214190473935046
1.1132426876903 2.0138213517712855
2.0879319139508654 3.06234690773697
0.7162533073108108 3.032494706535327
0.8896990126204102 2.505841252476523
1.1912071997501925 2.077810696727462
0.9080190896859186 2.5232826522221803
1.214378699640518 2.0473093866149785
1.1583432900443216 2.094075263362348
0.7981613469677747 2.576201502645543
1.4779716115448274 2.0651993180760053
0.9852500906747135 1.992739134548851
0.5914320602854667 1.985859840894977
1.1435920176789776 1.952746135197502
1.0180057377704796 1.9082349255144877
0.6640766624596501 1.445578626639829
395.57006409359406 0.8959395187609285
0.8490603753101036 3.7623848026076816
0.6005378538653944 2.2524146129248277
0.6443524697676782 1.532760262344191
1.010431095276583 0.9422711151945281
1.8223768800140774 5.098580575359038
1.3409397798430165 4.019407801476255
0.7806046915521645 2.7884391279808485
0.6189858906878999 1.633948384756092
1.0091943010049045 0.9675136140171543
0.872143738365036 3.8312004650843843
0.7112120800255475 2.6575162175929745
0.6133254782628225 1.6905624448393186
1.0116709581158108 0.9328441275822722
0.6308902316323695 2.2859001817115807
0.6225646614788931 1.648815593324173
1.050490374136183 0.9683726055858619
0.7146231201891161 1.5983062435340893
1.0494835955701078 0.9723506064049655
1.1253360168814956 1.0490289757072289
1.8275907922822465 5.064206062423787
1.2518974658664517 4.010869335364612
0.7946274309862881 2.7327551401837047
0.6150497121570735 1.632201710737201
1.0137248361916522 0.9405451064505526
1.0292383416348687 4.595124619572839
0.7538274318451822 3.0461149353679873
1.969023174490597 2.3523723414857756
0.7426572528286722 2.8101218425714602
1.3903558560685658 2.2522822816064783
0.8625733562495993 3.707787655763316
0.6753649175481511 2.622820942942351
0.6118214032629326 1.6932511033003166
1.0176907683914638 0.9592179319305145
0.7955494959830038 2.826260795781335
1.4594229762685318 2.5160773572565036
1.2192797403375653 2.247336917172964
0.6298573228699923 2.3078585460964156
0.6206959417808492 1.6448422413587371
1.0231000915947832 0.9554376936807806
1.3423389743205487 2.2966018354373094
0.6735114805485783 1.5539580878998187
1.0411753728723465 0.9604452068799509
1.118095185532305 1.0318156113320918
1.212443894424679 4.042591391563718
0.7408348078988506 2.760569208769649
1.7733741410684654 2.294938122331337
1.3789796509694836 3.957427480304088
0.7640941478574239 3.042127871925512
1.665075404697724 2.4361273005346282
0.7179954834852895 2.7719724399191703
1.404342728555495 2.4534268837460047
0.9730651068429323 2.057899154650472
1.2392592202619805 3.991881825574917
0.7863902455101295 3.0289908084163577
1.4037471475915573 2.327886376632245
1.386583104183294 3.7253611941962728
0.7321940352963147 2.7489296327728487
1.501014313994415 2.3314321422195032
0.9350613748963212 2.0217606914645634
0.8650166683452248 3.8061660741836048
0.725179036029662 2.7789568727432132
1.3764764064058133 2.408193267182407
0.7754836275777868 2.818706368002531
1.4450562878797686 2.2274277799052524
1.116888099965996 2.139034465537663
0.7213985520381816 2.781854423858013
1.4023562686107418 2.4283683167785792
1.2873172693073895 2.203400420323475
0.618805515589218 2.262860279980427
0.6456361783832755 1.5359994644073218
1.001935537861028 0.9120440313082004
1.1946724233271675 5.022885744385737
0.8828034923235405 3.784421776157746
0.6376096527127281 2.4101623218902875
0.6317337793977846 1.6012473338215165
1.0074718712567312 0.9379783067614313
0.9447023084564885 3.826794604772175
0.7161678780276628 2.645270946880155
0.6317154926853612 1.71320558595512
1.0080740198129203 0.9353976314557645
0.6307861731952309 2.397292893352129
0.6102324149626857 1.696769238806865
1.0266602088166066 0.980999945921712
0.6879543772291195 1.6523864087734161
1.0335853281062148 0.9557111209430977
1.125435970047386 1.02918199206046
0.8506487944587813 3.763970426857935
0.6740282927028711 2.6438931677459543
0.6222171814014891 1.7145801885901637
1.0076961773661153 0.9400590183339819
0.7669249062412209 2.8218739047675436
1.7139616404565876 2.6322588344286535
0.6337679988547853 2.4203179945906412
0.6154460760235336 1.707627048429433
1.025059066119182 0.9503772345491397
1.3830098871723644 2.3592309063436816
0.6536810886577166 1.616301756452337
1.0371579514487406 0.9532655757783004
1.1164709004013575 1.0276465064822686
0.858283147723478 3.7681503906569036
0.7244693500241571 2.7869901669008836
1.289599038445069 2.186007005226503
0.6991329773480205 2.7391420203149943
1.6317252702350953 2.192897267035894
1.1522466170446959 2.0623887401249617
0.7099673358579046 2.7565041898049616
1.079125664847613 2.0240685942412724
0.8190173382108228 2.1845357786471804
1.6610679056236914 2.397641684753079
0.6186800443236979 1.5914066931121287
1.0039769878373093 0.9221934065903904
0.7173594806474856 3.030960622066436
0.6018384054643757 2.2500339282311135
0.6363195263429023 1.596721284724858
1.011650809686309 0.9255132915812564
0.6191159910169893 2.2845219963272356
0.6393344475919946 1.6658128003877801
1.0229442995595934 0.9382343508384441
0.6572560798305762 1.6235755730509813
1.0281320582058644 0.9478800120890349
1.1096508077790976 1.0147498682850824
0.6146256257966982 2.2741508116406335
0.6305350436103836 1.6546575291352472
1.0129650180813023 0.9615591794742413
0.6505993517982691 1.6112756905629015
1.0428336552627704 0.9576995391840659
1.1131070678602826 1.0297086816440244
0.7281520042363493 2.0982517366181144
1.3404996212133589 2.2156800204282145
0.6242181992435366 1.5949130094817088
1.009754564174295 0.9625804318376261
0.6150262150236709 2.0070005611191712
0.6318445379115759 1.5242129887932307
1.0124436994522459 0.9390103498441791
0.6773837347213825 1.5562761322032235
1.0181050051721194 0.971450529327476
1.099045360874995 1.0073573416653763
0.6677691810909981 1.5572467255251738
1.0264324682449266 0.9482752602704401
1.108846905675297 1.0212888084737897
0.6424023959128753 1.528674195630446
1.0171028880096191 0.9438628411545517
0.6699726371438037 1.446466095980242
1.0101617744121256 0.9357912570739725
1.0808480308028954 1.0093769743286183
1.0991708100103748 1.0035117389674353
1.014742710039542 0.9438633804663368
2627.0804454003032 0.902208801110544
1.5505831838900384 2.4211417282067895
1.5944057129594298 3.06172448101693
1.2392242533308484 2.0880139507448003
0.8498603964167527 3.7591351469332244
1.632608247410095 2.043330802223238
1.2351524306376158 4.024462477309754
1.0637722608696258 0.9680055601851669
0.9181536352618571 2.4750184514754334
0.9502041992830896 2.5734483468744718
1.2266548712392016 2.6614306137329518
1.00506011347733 3.7874080662383363
0.9701904979767222 2.6683377391398215
1.643917881640355 3.5631206025170794
1.1088528118387175 1.0173813996009016
1.0238925686867508 2.042576388477295
0.7996025509505946 2.7439816705636613
1.1843298883769386 2.117041107031437
1.111214283715188 1.8018663276242521
0.8779281653820916 3.790877325304252
1.216044270279855 1.1368791439192867
1.382341681166014 4.900332086091279
1.96958461107535 2.2129162694352984
1.1432933992725003 1.1072879090258338
1.3305920355683 2.9712690252562566
0.5876131194864593 1.9744358502511357
1.1384394804497755 2.774190712227046
0.7602939425639813 1.5192682416285914
0.9974035143311828 2.440993375625532
0.7773379136850334 2.6534961460651676
1.4741420732019122 2.1373362229872814
0.7483940641541614 2.086052330436221
0.8071672725285944 2.8847157192431943
0.9839653484708708 2.6229974738053095
0.6352757108030671 1.658606367957196
0.6572757546134173 1.623568612812829
0.9666035953898593 3.012582971886183
1.1517453313629225 0.9814814828264085
0.9215058731487442 2.795404310533448
0.6517086674908044 1.6717110020824217
1.04602670753009 1.5900842627619816
1.1792286036722728 1.0758447958083224
0.824028626456137 1.7506294886660134
1.0173170686748625 0.9430179227391943
1.2320883284082569 2.3020038415215245
0.6346289061569231 1.6014952524143902
0.9219747331431554 2.6224738949813053
1.0340654410958308 2.632207603894862
0.8601559251738632 2.902554608278829
1.2198721865018367 4.057103815238705
0.6632653989897055 1.6864598486468922
0.8412876331571334 1.6605085078254314
1.0161256085210544 0.9394181768401615
0.7194519232276922 3.039162925225761
1.0422146524255964 0.9686716408578955
1.5121435920697968 3.026377761143015
1.0021399048866029 0.9172806658746251
1.01896443791542 0.9723808951130251
0.8740745549224536 3.838225158264039
0.6052442940170234 2.258592594963145
1.0275655649061977 0.955984499467802
0.6445817962202222 2.423000233373376
0.6251535226959313 1.596421926438401
1.2733718125431068 3.93405050221266
0.8746163517513793 2.5254676472536595
1.1709573594073834 1.3920247936014492
0.6211496072296331 2.0265950270666995
0.6016070798421782 2.2492841425944765
1.4328250099736937 2.031413359665043
0.6309398529923533 2.2736344948175367
1.133194199304526 2.6278829962168277
0.7528378728508602 1.6218959702587301
0.8623997827562071 3.7716640103346823
0.7298786049331917 2.7628327243066853
1.2389207584435495 0.9979513626575962
1.1598107090927894 3.0326061463049645
0.9893949955055465 2.1338602801808535
2.138718289009283 3.10253864469254
2578.6721371803847 0.9051893246196012
0.6499316291058201 1.6464156541733161
1.0288703059335433 0.9484893139062835
0.7279691348945649 2.784935157594834
0.9501570513100831 1.78072726808437
1.3826075550240524 3.9473892923144165
45388.33481862012 1.0864591749133676
1.4664526914706504 1.3041963417626818
1.2078414527793717 1.184296494930343
1.142827606756948 1.1673358935399438
0.7314784210059465 2.0997034680512137
2.117069641550872 2.998142392969037
1.4384291553772486 2.029466230243637
0.601378687627251 1.9957235746248678
0.9818353390746659 2.0698771611873146
0.6425709977182968 2.4222812268708394
0.6366221112451856 1.5953340416112516
0.767581959807004 1.721536280822087
2.306404405501326 1.9521905706875073
0.9393494415674305 2.6823234698189644
1.7715455584757311 2.4316460339613464
1.3505190824672182 2.659389727118337
1.4762608275173668 2.449190838025907
0.6911516596540679 1.5771952449519016
0.6547899484911277 2.2970226433182486
0.9650858799884283 3.7093318332851277
1.1543537242352837 2.1556358756914156
0.7221649774826052 3.035310054168618
1.1871680026859757 1.1652299184312964
0.7859275116642561 1.5588933662813607
0.8691369551101894 3.7487119489706284
1.1819913892276466 1.532175651494044
0.6631197038030444 2.32129392499038
0.905587861991271 2.6573996145106507
1.23505298518102 1.1914857371677638
0.6759423079231953 1.5607809455094261
1.0400418985719466 0.973200475624773
1.0217266910634033 0.9495424938565401
0.8785354915943365 1.426439247776099
1.014077960911684 0.9613691341450115
1.2513660187434419 1.2723207242238614
0.7312912130734366 1.9575358962665312
0.757974108724245 2.799598829961842
1.050519669644566 0.9778412703193469
0.8680667209115078 3.8114590351790483
25894.079246405527 0.9874553385615553
1.0581026607987951 0.928786015515533
0.9561055755870761 2.119194566249566
1.801666643833102 2.2953027284277616
1.1889459809584408 1.229750398175675
1.0340701269719845 0.948666533054193
1.1138124737429882 1.0296370763626228
1.6132962286437311 2.363934716456912
1.2953417508404892 5.038747794063224
1.507571615974702 3.2088205795297284
0.6530317427837724 2.4367021096643553
0.6404473414517728 1.611559593291449
1.3127104758158605 1.298126214029261
1.1624306149846841 1.1307944569497967
1.1338549588654687 1.045920545633321
1.5275268517636822 4.20935288467599
0.6339256036507153 2.2056398754336257
0.8644038039167412 3.7069826309939864
1.6821619553392573 3.622492976000562
0.9418955069914313 2.8012382904252995
1.0364760412246659 3.9768970074267256
1.210720372998614 0.9996571100797877
1.2843768240562747 2.2621473845334066
0.7285632586913837 3.022131646500136
0.6722807741844111 1.6329143684290748
0.6736090541708122 1.4538437729396747
1.0101635851171777 0.9628766829352214
1.0946011409820504 1.0688668027667436
0.8145521563586158 2.903109580816418
0.9988208300352839 1.9998745246136702
0.6527976082370668 1.540517058039219
1.4150772949517707 3.7489244820208842
1.6769412405944442 2.5792556375283717
1.0142186188121083 2.945643278098208
0.9120181243128813 3.7532727861462223
1.0492917369692518 0.9802396896621832
0.834322022840758 1.5090787641164811
1.4469362156255885 4.091128489679166
1.412921238286465 2.7972547442630225
1.4486042390706666 2.1197980903362703
0.6758030645601485 1.6837820800408423
1.0286287849194482 0.9608546713683394
1.3711281516875136 2.3826889789555215
0.7347300902847538 2.792096339746691
0.6416749157577456 2.2667986981433352
0.6148966952161076 2.2729323707894307
1.3475251217802366 2.235364548340628
1.3180335070041185 4.41585100016686
0.7501885053696608 2.775894106696155
0.8305778112589998 1.379571575246365
1.0577280011261876 2.0856412427783986
1.220198023914079 1.7690721897476664
1.2501726203933288 5.015724475911751
0.6110390151265677 1.6979517767555963
0.7479477356895151 1.6210602780539878
1.859355935668054 4.844272937025602
0.6969601034587448 2.2476154445434613
0.9278713941735361 3.502818250141673
1.029113636798887 1.908451750619002
0.6418353455469225 1.5161821713664707
1.5141494476335204 3.8530344135836634
0.6817441720428827 1.4343879965194635
0.9932227965359475 3.624459747087121
0.8230178647772922 2.698158373699717
0.7791602799549637 2.5820714411005117
1.4622172576544856 2.2155871111387366
1.0528672412471751 1.0654522049542676
0.817225033714619 2.6822268416718416
0.9564904374150887 2.076486799750648
1.0586857153888343 1.6806757446990166
0.9007477838631359 3.8661662536020445
1.5967010146965097 2.7352706654982537
1.1594272450630823 2.514277124841457
0.7354802649693646 2.768314219466795
1.5595362720492973 2.343086783346758
