1.0837754267772275 1.5435559205808447
0.9625530567226731 0.6052730629421812
104.32553763423451 3.593956875012072E-4
1.1969730704577382 1.9049943017962432
1.075346470482779 0.7116500761490852
1.108680194044226 0.046603083531476346
2.2358426977131782 3.0391799737760623
1.3281889437779109 1.9962271922624457
1.080563276259258 0.836429794457486
1.5137191118884292 0.25923456141692636
1.379550250982252 3.0108084939472337
1.2336959708911777 1.9741909883659323
1.0582266980814716 0.8640389651402663
1.077772104626695 1.5125696773856019
1.3378607876775115 0.9348266841879519
1.5455520232804907 0.9347008732061122
1.0009450120781844 0.708525471624639
1.1838551490061966 0.10807890802019526
1.8873203163470007 1.8949352925834266
1.044400430250434 0.9218545076596864
1.6037100042434957 0.29977883726003474
1.3030188113412613 2.36458297712793
1.3812998895637498 1.1907571623637243
1.1439191784465284 1.8846726783918637
1.864885568024207 1.3218490814152761
1.5680582377592167 1.8778452372368202
1.0109831785849372 0.83510949162296
1.6185339040495812 0.36535879047546693
1.6500906927298384 2.075285245435943
1.1087251943776617 1.0049150216907548
2.010016305006922 0.5901340440945847
1.2497809928624692 2.1462314981345703
1.3187836442152276 1.165982348470814
1.805657067254612 1.2931372818261417
1.9781847553374627 2.47379811134435
1.1409778769508252 1.9261901491450062
1.0199699739760348 0.8556455678741863
1.15322298959657 1.9004473561833337
1.1296795947302944 0.9982139712669426
1.4614392284539668 1.1100295759945666
1.0800604648854213 1.5342798316640747
1.3465941306444815 0.9649039718894882
1.4262791725362531 1.0093289281243225
1.5814974560280872 0.9795840823042329
1.5805130815222377 1.549054892128344
1.4917707838024645 0.8831043272113273
1.0655577359777086 0.9168239309698126
1.5753081993194136 0.1762670578222088
1.2687312671272144 0.9298874043862946
1.3860912705104529 0.15388396704066487
1.9735588261344086 1.3693255819805574
1.1424628426172758 0.827504496577913
1.687679464451166 0.4363424020849464
1.0279404067836713 0.7484802381381512
1.254559991011364 0.7399645270818709
1.4799909371434503 0.16721325244968416
1.4671376105014065 0.8327024936388148
1.5328533092588505 0.23740636885182437
1.2189764826969927 1.2131748292032019
1.8975075237615968 0.5037258047730819
1.159390205154289 0.9756216817975427
1.402297763250405 0.7908856221869999
1.6002221819987237 0.3089407343473005
1.4491443771147565 0.95100068315669
1.8397861837700746 0.5209174053404826
1.0981429188433252 0.9599478560631474
1.0478257100423778 0.9054935158877804
1.0645186367119535 0.8892245712803505
1.1410612598298813 0.8385541087992285
1.0701820106257782 0.7821696056981352
1.9923376090734175 0.4414643417438275
1.8304113130290456 0.4251629891129256
1.6216204898641662 0.31315057981948435
1.5552474342575295 0.6360666080888331
1.2715218995356217 0.15452611991816229
1.469538779570784 0.9031392199519097
1.507893465285549 0.31847990634751816
1.6297869445829476 0.6252857283905902
1.398860933667505 0.21545269368322162
1.8911293182756501 0.6849507911568365
1.4108628298366181 0.2400811702433901
1.4611104856621 0.7378649863848872
1.6442846242185354 0.39236691759902653
1.4974392758075354 0.7209128544440245
1.5719477144821439 0.3366581958035177
1.5120444862685019 0.6724587183227603
1.7129320143236613 0.4676493772445572
1.916449529071253 0.5805391034233611
1.0276071336484085 0.8153073975068874
1.3550867225356864 0.8525460655036468
1.5632613492627514 0.3072316560894961
1.2226775935182859 0.15299666916839827
1.3964411182023866 0.6372292204680916
1.1874268806272943 0.10779605810259656
1.3737084359415705 0.21699283171575237
1.8767557701489737 0.6111843312172938
1.2163394351214127 0.14680859738524138
1.4941962579022956 0.6282644248494296
1.2771874948092212 0.1954202139473313
1.451008909666164 0.2993332713559104
1.1544646088369759 0.9036452466869922
1.469401982097252 0.32354753607428727
1.5574029462185557 0.37137453136600074
1.7038931662915617 0.4726409062643591
1.8445159621143081 0.32434743132027827
1.1801649382280013 0.11595587484585536
1.3261152614705125 0.5597148930658278
1.0108981552233578 0.02446333696550833
1.118924986659264 0.0831757100219008
1.3348786164447355 0.5033911760958543
1.1570032537970056 0.12745935110530282
1.224049126355392 0.1610086492784682
1.3894261223372601 0.27545935355689544
1.2091447041881347 0.5124470150582614
0.9832983700677117 0.0246096803380558
0.990774619120615 0.015062708703910093
1.1284097894624825 0.11924761312153724
329.2505401825525 6.796341273660073E-4
1.7604425629266447 1.4681275728037875
1.294164047369766 0.8769405874144216
1.1559153170503715 0.8291773358494114
1.6746587481235902 0.35767212609764026
1.9222505334519855 1.9121602953828236
1.164692752408004 1.040689941470347
2.058834280328292 0.4283733294870325
1.236655602787335 1.8972555601365417
1.966192321765138 1.451835508549299
1.452478153306382 0.6072154192492857
1.6028131634785026 0.3811256691120871
1.117296322061893 1.1100585408471044
1.8561273959593514 0.4706571941047323
1.6412721872547575 2.0427782376260684
1.8856604873275729 1.6132322703050952
2.0329240788653467 1.712216497688615
1.3744435828991999 1.218440739752248
1.6666903195919867 2.0754525492395652
1.76994494663808 1.650325597046559
2.375110839855338 1.8524958311566826
1.1385815305326856 1.9322414759738518
1.0346238063874047 0.8836840037018643
1.8203907396719416 0.4429712512233586
1.524029030289644 0.922860736131442
1.631604784531009 0.30774130472489103
1.0811217408462699 1.145717059733776
1.873665250770637 0.44251907048924183
1.4825848489041893 1.1502915658816293
1.8099907209982242 0.6506728484310109
1.3930681030859635 0.23335913821259702
1.3873962611131212 1.1177117743973055
1.8777145905428325 0.44881059389697503
1.452103378099387 1.3613864923963674
2.050259525726827 1.7285229127211517
1.170076187852102 1.1957742519884969
1.4166761687050782 1.3491094560259966
1.7499385560747627 1.3134048092873851
1.717827596306838 0.5029634498938271
1.6022681431951722 0.35994172150930537
1.7233028666621442 0.637370181002336
1.5271497515906918 0.3184980915145645
1.1677884186328682 0.9150068710282686
1.82370012774983 0.49057576975931994
1.4615950972336127 0.853221511942435
1.451257491879662 0.25786286146023074
1.28847907341172 0.9861613725463567
1.9404743700736713 0.5482912071449114
1.045241559863157 1.0057597905193174
2.317216151723482 0.8702842467604353
1.211945194329433 0.8243783137020944
1.4541327669676893 0.2963628743889914
1.2429899037841716 0.7804648007184974
1.4333017834598174 0.28927572422374276
1.655078783858813 0.3988690567320305
1.2228547475204474 0.8744024143693858
1.633895898058308 0.40770128605221856
1.7870033228181197 0.4786998711945848
1.362377859267358 0.47566086240251987
1.3531914229189757 0.23903669157827606
1.3905465626408868 0.27662419595102905
1.5649875323622409 0.36220668040675197
1.2802342913975615 0.2038200215674391
2.012780100759095 1.4646303431554977
1.2112455675872564 0.9928253265378396
1.0168152852079126 1.0180113621425062
1.6883042582838694 2.0253929892560234
1.2676760575772728 1.1330310971558377
1.8407239832220432 1.3615686423918327
1.1107388400945477 1.0329735280435004
2.118867817926195 1.7062529145146557
1.170073132902947 1.2437562717673256
1.756420618639873 1.460803453602974
1.8055778104335178 1.6142080944172805
1.5809511886033984 1.3805003714146409
1.8248275874480713 1.5152770959938602
1.0606108521161055 1.0051667275526606
1.186798673243247 1.1016785782558234
1.205185988923829 1.1160670784876656
2.3477886810306163 1.6291283325001231
1.1148353512413796 1.0714482044236417
2.154179696064642 0.7632766932576589
1.2095024921877677 1.2342476468983234
1.5495902940525283 1.3513485842938162
1.093596430689833 0.9904395241708204
2.0742813853566644 0.6532664751816738
1.1131548931538537 0.9627419162870643
2.048607406042156 0.6927679119568506
1.1050983388432831 0.955371909493219
1.0567809147497496 0.8471301557291009
1.8659528300437662 0.5756735544259874
1.9079677471854009 0.6010545151645289
1.7031114644982708 0.4728524022945154
1.8377186818838362 1.3778425118972393
1.2135744067343464 0.998487085264193
1.820737332243013 1.7521733782555953
1.087899859497342 0.9691851463569423
1.468664436132196 1.1286882894901233
1.5580404469340408 1.6491393272187989
1.3178709965500532 1.1060520652784054
1.5017845705936024 1.2198846048340046
1.8003934973879319 1.3530713986996301
1.8522969958746591 1.3251749584023322
1.0634494311114369 0.9566698068978466
1.1233336095648192 0.9949250678039377
1.3580365715603526 1.1383472330884068
1.0338508337023253 0.8615013305454681
1.2477731295401224 1.499716864944805
1.3756069953257113 0.9900562357809872
1.4389627504105098 1.0217941438391778
1.6320777626692347 1.1294895279808468
1.3563924047045153 0.9772719153751168
1.591688135895221 1.0007392964939381
1.101947899461806 1.5558391893276018
0.9642629227486678 0.6052837864105702
119.75002672802094 5.969214107947596E-4
1.201139504105918 1.9241957423675355
1.1085326181960322 0.6651569365359888
1.1088326316131256 0.04540186780518351
2.2449362523454157 3.050142518085101
1.3322664481066393 1.9920447137688484
1.0812921848759127 0.8412288803905325
1.514199399488949 0.26170986641866417
1.3809809147897305 3.0121222455305654
1.2530183771976358 1.9915781363973546
1.0590198034196647 0.8669354636566687
1.1100025372261193 1.4867838312702988
1.3396170340655156 0.9360691126577216
1.545642156288749 0.9347901513119574
1.0016705842864186 0.708469460883024
1.1839524103309915 0.1087226079792254
1.9067311990732247 1.8705227688585375
1.0597374831094915 0.9412045240228132
1.6041583824353085 0.27399921999400934
1.3182975755624573 2.3484492060446382
1.3878782450790068 1.1962590113182676
1.1440205498439944 1.8773700853462625
1.8661293837187845 1.3229028998739483
1.5691666243505855 1.87494754883712
1.0149054252529854 0.8265522427457681
1.6185657944226244 0.3652806118939539
1.7232073127502519 1.9571339079320054
1.1102261835350684 1.0199299256172658
2.019794716979714 0.5977661785016148
1.2804533139482657 2.137727964321294
1.3194903037101429 1.1864687746960425
1.8111929527894457 1.297099012565715
2.008400209111805 2.464003727376082
1.149531565018641 1.9193188094460025
1.024425580129983 0.8586686701309576
1.1533595450448086 1.9176693475282374
1.1300788631337557 0.9983037519990646
1.4641849623359464 1.1121261537761564
1.1415126501987296 1.575215139540017
1.3481656165505265 0.9657298754632127
1.4369023209642555 1.0037354486038523
1.5897487166171942 0.9854141697859417
1.5960760410584902 1.5353110526747091
1.4930792605205965 0.8855570687096117
1.0662562136197409 0.9062683032676387
1.5780439788701457 0.15263375422509012
1.2905362653352266 0.9178031669965758
1.386476895995815 0.1545270883999908
2.0030547473924525 1.5024486866135418
1.163611428200924 0.8850628364963846
1.6890335972231063 0.4363479618830463
1.0394318049299576 0.7507892703098554
1.2615517198203288 0.7356097579043562
1.4818640282519078 0.18106036593360986
1.4923136043092233 0.8169122247728817
1.5329512649062658 0.23726317807462555
1.2502057290496893 1.2301973441758094
1.8975406963083041 0.5040163798906749
1.1595065313750743 0.9755920815882348
1.4194498545181453 0.7851178106092057
1.6011187610444597 0.30984198711585004
1.4544190886415445 0.9445186258094456
1.839952871739583 0.5204304303757241
1.0983654425258413 0.9779881787272642
1.0492963688167376 0.8780266596396811
1.0813926244653542 0.9383676406981429
1.1412923517616154 0.8394498148036605
1.0793751208240465 0.770540466055253
1.993477920360851 0.43586969070849946
1.62334734648865 0.3146055444154239
1.56226160762265 0.6317383138792161
1.2832972751494773 0.13863770380110943
1.4704446324029976 0.8685601376536666
1.5096959964103616 0.32008798544923006
1.6710680487009453 0.6198959295017755
1.408781000316233 0.20656697505582966
1.412112628343321 0.2397639822192224
1.469435369666026 0.7191572085560038
1.6443928470058116 0.39217048615223704
1.6753804904275509 0.5509282629238648
1.5719858667664994 0.3366277638716738
1.618589557406978 0.7303046389978883
1.7179620211342823 0.46445483902268114
1.9165241319166344 0.5805954938727148
1.045585070388499 0.796643280466536
1.7533758478333845 0.5528065613928328
1.563990623032307 0.30810614521148383
1.225091582539765 0.15786733700324135
1.5476155521370056 0.762838585135722
1.1876668080942485 0.10804093560466908
1.3815645063779907 0.2155434950288466
2.0817556259832792 0.6774039660107608
1.21868720171564 0.14686011016653866
1.5411810924450347 0.5734119276344604
1.2823084225839398 0.19522338133596281
1.4511324480559598 0.29723988315121835
1.3246579353786863 0.6134701047899912
1.4703656296706122 0.321812716064696
1.557512326173192 0.3711692511977669
1.708252512935117 0.4748041312490599
1.1803553677778276 0.11595442799339488
1.3627649295534898 0.6099993865376845
1.0175596558772166 0.020752339088609986
1.1201055610765493 0.08431431936732811
1.3603265840681211 0.7356634539764814
1.1619762226387735 0.12677324901799522
1.2259400974953178 0.160021592086389
1.3910835201573615 0.27672013063991036
0.9839597899412195 0.025942819423182398
0.9974894029670281 0.026877607070313704
1.1285281257893698 0.11943638526242843
425.7124349766909 0.0010221017193646244
1.7618574780937704 1.4599885673479858
1.294513703470774 0.8767219900814605
1.1605879590486723 0.8029724430301473
1.6752443972997464 0.3578690914672749
1.933358016154859 1.8438085385441956
1.1867834822178351 1.035102684913482
2.0689034918808504 0.48962516261864103
1.2376100938641776 1.9925089566714052
1.9666521868550175 1.452091220347659
1.9039097363427828 0.9015724724081609
1.6029160102281483 0.3812060134702979
1.1246774513793472 1.069195632696798
1.9022471949376785 0.5074563353367408
1.7105100904978994 1.977887021983667
1.8868405332575873 1.6180155190524148
2.0483228348933884 1.7577167322242995
1.3749985042446817 1.2335914178426328
1.7236789550290306 2.005870364184792
1.779107357127947 1.6561389745742345
2.375869264011639 1.8529151884837398
1.1492537262170555 1.9175977718058543
1.0376495780025519 0.8849589064076087
1.8223790402215925 0.37379812799230866
1.559787039152361 0.9384209646544259
1.632548890217048 0.3096235710827855
1.1440387704929988 1.050036431169901
1.873665538102951 0.4425193766495275
1.483982259684671 1.1641226318596647
2.1134007864712805 1.0048899158200537
1.3938553621916383 0.2379778672660035
1.4209988263175606 1.4413875206159847
1.8784606225158862 0.4634791294662187
1.4641123951434487 1.3417204750458986
2.1032381749850995 1.671722716944
1.1983445187955604 1.193574122438965
1.4166838540357354 1.3556786613790401
1.7503409407798758 1.3323200278711382
1.9519198758309346 0.6298838932519211
1.6036956510617761 0.3605019055422942
1.7314862876775776 0.6424379823461466
1.530240527802773 0.32019936809257665
1.2092555870437536 0.8854907679000943
1.8256474997802394 0.4896348635255743
1.475883672778374 0.8446903377941815
1.4520246957484342 0.27549868831669966
1.3241958879132987 0.9503985805761149
1.94119573875345 0.5470443244891299
1.0568105240750476 0.9941440387313256
1.226035509226139 0.9495213585932549
1.457473670998473 0.29833065220221716
1.2651751849431203 0.772332971229953
1.4335690287557417 0.2881358838586356
1.6563997224883171 0.39975395830647353
1.4332207188829518 0.6369931808797753
1.6346210783346027 0.40832995016679535
1.7870538204667175 0.47869364781498164
1.5554334665506464 0.4263537488681892
1.354224096671974 0.24596186392207914
1.391000279044057 0.27511341485086177
1.5734240435918014 0.38638282056758805
1.2838842789872191 0.20644179216268135
2.0721303062060707 1.439025990652646
1.213300574475042 0.9927902869316729
1.024156534535704 0.9961704584781186
1.800954699673769 1.6469421528624049
1.272544969189417 1.1370192276875988
1.8428032045502425 1.3630857863751729
1.1120992529231324 1.0320419034820634
2.155434193989562 1.6685066599464538
1.1726003306465551 1.240695068026805
1.757023263252921 1.4611259258704052
1.8421063570869418 1.5709545607262356
1.5822107166251103 1.3799113282628062
1.8252021923622528 1.513686696488551
1.1066166180337116 0.9714856725848908
1.2545991519162771 1.0257678527016145
1.2055705159893428 1.1163564864787787
1.124224296288803 1.0648748379751432
2.154841569465477 0.7619135675266884
1.2272975254523772 1.2269546471550805
1.5497153606892036 1.342618121729948
1.2008959664360568 0.8933207870640605
2.0746840169059517 0.6520297040786043
1.1219882154612502 0.9536156724989682
2.048671257498741 0.6965647384444084
1.1461245928796278 0.9820719517184121
1.0615929651460398 0.8535353922383662
1.8659857427169722 0.575670265812313
1.9082764088014885 0.6008844628789983
1.7076224430496092 0.47282566822184324
1.875791451145774 1.3560936685756249
1.2152335217612402 0.9978500794560198
1.8529057507382791 1.364157106291559
1.107091906068507 0.9616727943661141
1.4706241179644362 1.1273719701775184
1.5607924403283489 1.6436267250230108
1.317962608982711 1.1054130217959037
1.510271102434288 1.2158634200085618
1.801169531282308 1.3538989854415213
1.8670846467809716 1.3132829771494183
1.064310086719705 0.959422044528799
1.1549487646475667 0.9944026411762276
1.362566805091435 1.1416657913834178
1.0487452103022297 0.8521195664344057
1.3900186423207481 1.3361325517252798
1.3772383848764802 0.9904398457984471
1.4407327147532336 1.0229210414545329
1.6499610385520842 1.1166812869074418
1.3576222062422763 0.9762103907554707
1.6039374200599141 1.0078750543636845
1.9393982361254694 0.9114353591632934
1.5962510115259185 1.5666238060537796
1.3353565970316406 1.119104983989322
1.2051685274773964 1.8417392112117732
1.4707499932905774 0.2655952562348666
1.2920166665301285 0.6435740831723032
1.6498142405003402 0.3363654092368692
1.805422384936879 1.5332941163625364
