62516.339116146046 0.8245485182496262
0.24735673861415175 0.482569546646179
0.19945200441057895 0.3679655077517259
0.13546386563340485 0.263563552493635
0.143401485114777 0.20713038141342788
0.15801487559778207 0.1499098163150801
2472.916706192193 0.08038458577597367
0.6573666513674159 0.8432475536015238
0.4859761499612169 0.624981296667279
0.34487193019319723 0.4697585227893654
0.2042980891587234 0.22136832080634855
0.20504368494891043 0.1517152122849657
0.7207837821773986 0.8522868880858183
0.859806146914279 0.8059025079223816
0.9910265003922751 0.9240618054775903
1.6194846966288754 1.022342252637418
0.7872841558878528 1.004123300123453
0.6123577069171298 0.7935294790924845
0.6340870036904143 0.7284376641458312
0.25875155959013063 0.23181158973320987
0.8052894374176804 0.44283688390613757
0.9580938663017007 1.1138343925053609
1.5356034745851754 1.3854077694351326
2.3454419316415125 1.3983070970124303
0.8872898374714506 1.0512545358833796
1.1161149754955115 1.0963855449819775
1.5111760586531298 1.0410437648304836
1.2738243823484665 1.1723919298897234
1.1140662061705893 1.0674485445550896
1.5965879900000064 1.045800218622685
1.5528018233004879 1.1114466468636919
1.7483098219215938 1.1192821191971347
0.26137357815303697 0.46139770878614395
0.33904786785324414 0.4655334818031429
0.27795688668490315 0.3198215118814552
0.2417227647179156 0.2358243183870773
0.3429592832242355 0.46817809543479655
0.2721594325173863 0.3860948826109283
0.1724299178523956 0.2455878778667475
0.21839339565286078 0.1637479947803175
0.27439375621433476 0.1153249140973596
0.5248184502345118 0.6584903325730949
0.5593525869740651 0.5195413316675013
0.26123890136755334 0.17310337713197238
0.3119323079564166 0.10293815648994989
0.9938860975109133 0.8436696304269956
1.9660037781866273 0.8945444105209668
1.86223892035698 0.8078798978458476
0.5841868921495851 0.8138536448793543
0.6787620191402084 0.7972351973167734
0.7854177509424637 0.7590130995854226
0.20416183412988503 0.15619224844969226
0.2762360179409655 0.12005885890678736
0.603981296654534 0.6407045227010754
0.8349779645051204 0.8285929424693588
1.1429855291085014 0.9490706548567773
0.24384985639443796 0.3840281901513486
0.25755312946392234 0.3148242775790462
0.24116445581931345 0.2395609222071883
0.48256354010285046 0.2256966218803031
0.2563685886126483 0.30339174386272033
0.18461688348701172 0.23629065842686306
0.3576891295954409 0.19081870438406287
0.4280505356793822 0.36356533213448544
0.8283084978472659 0.4943518269075141
0.9829697074696689 0.5685424352429065
0.5349402362732274 0.49575226892978214
0.3377413399660014 0.22109997118353686
0.29227737038093204 0.11033756925660754
0.7929322232222928 0.7325196176190967
1.8611188159624743 0.9183612646071369
0.2222656353618122 0.2866646990007733
0.21373867497783916 0.26611816831280705
0.23428749863779608 0.16252851141764818
0.2097161803297167 0.2919401773079976
0.1725683593504827 0.1653288543164854
0.35005335778034313 0.26892923578099237
1.3230045981780085 0.2730349111447673
0.4467382499478004 0.4634536389943528
0.849136513002856 0.3463026685288385
0.37203634510799766 0.1250788478261497
0.7426724644584709 0.3689057633796708
1.7239739977687842 0.7933235044187905
0.1713535300717357 0.22430573592744216
0.2234522767480291 0.16063942573751597
0.4089305115759594 0.13801341364449562
0.20365941485954248 0.17535867879834777
0.36651685166145004 0.11378289067131458
1.0251714952717834 0.18212174120387672
0.670373633484006 0.39629333989165083
0.16739171527048732 0.14908306157739112
0.24515028414789766 0.11102504687178423
0.27029101260636934 0.10082745192541728
1.650124893552935 0.3236189033640443
2821.9452720514314 0.07833441483023598
0.960881902417471 1.1700476383518343
0.6256832188557893 0.8419357833171914
0.4941284326071092 0.5374028895817697
1.6320617158322888 1.1582170767009177
1.505843493023395 1.5274190676475383
0.8608505431201507 0.9816094174233869
0.8025422900156798 0.7252764773866487
2.098443962013494 0.6657055669857337
1.7668933699110143 1.4278517571593459
1.8034502565758146 1.725048699366572
1.2300478778926411 1.179495125321894
0.7538455707168588 0.5897391557765661
0.8317784108184827 0.43498481004016076
3.0776242277046526 1.9999003028531654
0.7388957790635398 0.8086175294516793
0.5920007452884377 0.6346540819954389
0.5045980342429189 0.3535328638802962
2.2010313706659685 0.7987303044425216
0.5524764194859302 0.3507533277448622
0.4094740763974388 0.11247354946264555
0.6171304503750881 0.7243721999943747
0.40473602879625403 0.4393830555814723
0.7052818383119999 0.4043525953428158
0.557048700543163 0.3402195170005485
0.8978745225172386 1.0788780545486838
1.0712058323401918 1.0788758911183227
1.4154478620719997 1.0899882622250885
1.2300504254118354 1.1518458725396559
2.05194820704215 1.4277589287889922
1.5544306384291282 1.3914504604334317
2.884582333024775 1.7874771770882676
0.9264241262676882 1.0231404982405317
1.1839770635695328 1.0189007851930378
2.8399858401050744 1.5762269892715592
1.5280208863871367 0.7479409778687608
1.1980016913403344 1.1122190022174565
1.4249111819001898 1.0507219475994596
1.6367623699150875 1.1732370558309502
2.5724486718374036 1.57771670662073
1.4762944010174979 1.0299597240460034
1.7432877685253563 1.1237157718993587
74925.83623125347 0.9322789781442204
0.249420536332013 0.48730614476765205
0.22899324356454465 0.4206605039866672
0.13570072900040353 0.26358827728738393
0.1438804919525869 0.18385596827449105
0.15846339430622478 0.15011505328966845
2546.6289491528955 0.08075036598065242
0.6772924811317309 0.864668439189368
0.5822586818333897 0.7541570878379773
0.37542899596566826 0.48108275928302446
0.21484428686508822 0.20081246756996987
0.20830146737952826 0.1552726016730946
0.7560786507204278 0.9172186939854304
0.8923782505773311 0.7980713375567048
1.0247775508012675 0.9672514611304731
1.620332835766044 1.021295630347258
0.7958714227380592 1.0055032944357356
0.614408039842554 0.7892045436352946
0.6781476722554518 0.7691246954846684
0.7455700760728913 0.5721368102545412
0.9925815690805344 0.2820012295499297
0.9610348979238106 1.122641480812494
1.5524124960237256 1.3816797884241137
2.471338257909121 1.4399418265241073
0.908453090901659 1.0132189928372304
1.5393854948289993 1.0412890374492954
1.4468092874638299 1.0559191974244049
1.1380742194737734 1.0481780200425095
1.6303925965039323 1.0261597105303513
1.7104993934122281 1.1064122922724537
1.7546140280012605 1.1192613674546015
0.2663262220612348 0.46063714609573614
0.3486632237390782 0.45043591706217523
0.2839496226601861 0.35432778171756996
0.24756422190425326 0.21012718762713123
0.34977568688739225 0.5165085690592304
0.3720502978384866 0.5392422889677497
0.17326840762700907 0.24662377898058127
0.25400633668913697 0.16249084137676484
0.306665205309548 0.09501488488728863
0.5880667451123378 0.575366488381076
0.5758865286698284 0.561064092302642
0.26456687878815977 0.16386520935778462
0.31365250801500166 0.1054132804806378
1.015343592005051 0.8557171457816923
0.6590449281889592 0.881239656549158
0.774370511422984 0.8041575544912878
0.8074343844455639 0.7449058302327805
0.20449770921541044 0.15999797144799105
0.7699265797932915 0.19041537417804422
0.6735907003602355 0.8420009378499499
0.8497371266766307 0.9531219819617847
0.2500935047907918 0.38236725859036425
0.26416228635946154 0.33133588693594485
0.24834459211389343 0.2499386667687182
2.505758697335813 1.050399839536733
0.25938616754241073 0.3344069038791576
0.18976838096188092 0.24660386314256727
0.45553513663387163 0.3359479833743232
1.0581989811786108 0.5429943623066071
0.7314219227321554 0.7658715773996716
0.35695996226012705 0.24197417376897312
0.29465423902367144 0.11005880237026466
0.8728324382599459 0.7975789477577759
0.2240817282992893 0.2620712666853738
0.2435517135802066 0.2083597435469276
0.2348486272622083 0.1640766370912361
0.23298586560057835 0.2707228031948874
0.19231573080533904 0.16251494956807777
0.4148164584076903 0.29271611436668377
0.44783192788066944 0.47905034253361023
0.8615305275092597 0.48261281293044445
0.20648577288902648 0.1920126967464959
0.23745852988876098 0.1877556134320137
0.4619188891411929 0.145109121153837
0.2123943485874481 0.1864786629681878
1.0691688383842153 0.17232245890403863
0.7508721755705914 0.4313042819357157
0.16966280589239988 0.15160260219775049
0.28090699826992294 0.12689806549213167
0.27269695694458523 0.10082441419666922
2822.1269680108817 0.078293545707872
0.961102008605724 1.1700417095921916
0.6562566849552562 0.8743942869779914
0.5065439070777025 0.5110709848268071
1.5080334848875534 1.524932359099898
0.9159002133185076 0.6860810554825969
1.8047025184082213 1.5125802601904539
1.803511312358379 1.7265662577474923
0.9817739833702531 0.7448475483635476
0.9139172912064478 0.47796044742574395
0.9564935448389967 1.0247262163185478
2.2031864264658405 0.7595540427346675
0.6646000845164908 0.775725634786036
0.4050064377138778 0.4396588520678505
0.5671911663205828 0.34019702638738725
0.8983729732458153 1.0797890558010708
1.219281528381793 1.0527680485180084
1.450460234089872 1.1212311969426056
1.2594694821840853 1.1746270498090245
2.2094627452462263 1.4828914924846903
1.7099536449477717 1.4283624992679709
2.9182368974619606 1.7795800476956098
1.162853448641763 1.0188259984757617
1.1985043005639837 1.0821766245531244
1.430766190843148 1.0742725037907348
1.9130927327741023 1.2263100703751928
2.660499432382447 1.5665314357699358
2.981597761890986 1.4419850810421213
1.7635422190451955 1.0848178001456419
101810.75260241894 1.1317792962805828
0.25055830794143924 0.48283994536635066
0.4160212921540544 0.6487363361970699
0.13624871351443846 0.25959045930895597
0.14617595217306095 0.20884231727970004
0.1593876769856229 0.15038359956850683
2737.2731927713803 0.08121662964162504
0.7270102095991496 0.9110650502448584
0.5903378320035999 0.7823454885686653
0.5167002179782236 0.5927089785067121
0.21691283957304303 0.2508614408541947
0.2107627355123493 0.15752660336543048
0.7572216033900933 0.9182017599246552
1.1559244745357422 1.0925113679937277
1.0302527591319288 0.8868725032032695
1.6941117785903774 1.0383553640683065
0.8028568490997126 0.9778050497250468
0.7411837814943661 0.9115943701368973
0.7913837206544307 0.7614871546200074
2.5725507024504513 1.1923589161374373
1.089950992438617 0.5420480982435254
1.1021607210193491 1.0965901942708753
1.7469676681188273 1.517009425680065
2.859418099192313 1.3885363130798853
0.9378054045854785 1.0712473355820369
2.5271028258310313 1.2692175010716793
1.4744644084508491 1.0642505619984723
1.1768219666575934 1.114106110507374
1.7331896307937376 1.084415161700605
2.186292769026683 1.091800133688537
0.26717726462696223 0.4627155971753418
0.3487987039606103 0.44770516000227445
0.2859307838230278 0.33885794435234323
0.25256205507261753 0.2129881253236608
0.5401528387236965 0.7860462505166013
0.1741487502413701 0.24942364888114205
0.2541648222448641 0.1728194058451587
0.30818869470412513 0.09496614998849598
0.6273053284142271 0.7640873838309686
0.5759820303413418 0.5612666874169191
1.024642790040527 0.8634455953204867
0.665921123504954 0.7639362073349771
0.8443169296638953 0.905800536467004
0.20547497202057047 0.15658273786265248
0.25579350646300275 0.3821925355927083
0.26890188210277777 0.39403594133544645
0.24854359058909642 0.25022044937595544
0.32477357821973774 0.36062853803546424
0.1935365986726959 0.22812802680507094
0.4788798167304152 0.41115838448837866
0.8848248476715902 0.806285554519395
0.547872577480587 0.3391203866923628
0.29488927260596964 0.11067843950161688
0.8866479346293625 0.7974876005952238
0.22527270761692592 0.2627208300897382
0.23555171235502181 0.16426667246971327
0.2728793770398137 0.25962584734896443
0.2021138587677747 0.16148527934834353
0.49461310447482265 0.33867572119776446
0.47442733754506844 0.48530003216269463
0.21585831073846617 0.19204697477787813
0.2585271770072817 0.14434391524196322
0.5828923415465546 0.1342136241027425
0.21661032491430918 0.15793455067756268
1.2175618777043473 0.292869651505844
0.8284892000984222 0.3249096265909513
0.17025182081342655 0.15192277156039385
0.3217308384663964 0.10764113042146237
0.27694895411721215 0.10506082447106982
4420.173121902974 0.08437426934147027
0.9722674542482721 1.1686467911303762
0.6853835908640553 0.770189073964195
0.5087074992400696 0.5366086525870788
1.73766114127453 1.5861990925170864
1.820741066084049 1.4392497412561256
1.863677152357044 1.660654041081378
0.9871244435779398 0.7451541614707615
2.240160951385768 0.7987287359870254
0.9934277247125807 0.8244435948562656
1.0169595932572386 0.7090606006953635
0.5830938373593946 0.339993063572008
0.9003001263449687 1.081475547072324
1.2467337356384587 1.0519531149963095
1.662449430301685 1.1749994873959713
1.3586382843328315 1.2123400225152234
2.819159178776607 1.534558242640236
1.7625206549425785 1.4268920605305595
3.014738804461615 1.8361879362424958
1.2035360322790836 1.055398492183372
1.2026210049075008 1.105635899419761
1.4649493192570988 1.0669432471560034
2.189032657782614 1.1778684427310575
2.716896065139628 1.5186016025819005
1.8241990623938644 1.1565437348208953
121663.55148097314 1.3004113231335679
0.26429698369172316 0.4688444968368867
0.6044519031874405 0.6854976309277598
0.16877424434639224 0.2988326300904426
0.15453907457758487 0.21357083203960436
0.1602535620046719 0.1507819777021635
2958.1467863504704 0.08213885270157642
0.8439588359909035 1.0669352480445933
0.5941252978317644 0.6985189110192707
0.5506594208915303 0.5945721690673978
0.2227465619132958 0.24068100794599417
0.21087687182414652 0.15999606651497417
0.7584119158427833 0.9172136793508361
1.166032138795313 0.9638819981493318
2.341511476026114 1.1149741989950577
1.1991569282227545 1.284137790007112
0.8320666397552612 0.9665118392673058
0.9222957624744531 0.9566452804197996
1.5515528385634387 1.5427559571729064
1.8003257422720127 1.5424877520052238
2.9080661682523474 1.7285326125875777
0.9536251165931198 1.058841006294385
2.9976956084475597 2.1002577582970043
1.1843034156253927 1.1006558717062986
0.2701753827424984 0.46057386398931766
0.31985627757065677 0.384326835158594
0.3692802613997334 0.3181841565424175
0.8475942200972906 0.9478998256095196
0.18104850638461786 0.245123143018688
0.25422858922850095 0.16243937316853085
0.31369757722551384 0.10686781225657274
0.6407557488815152 0.6451187708972671
0.6324919842073107 0.5414798309412258
1.2782180300437496 0.8077965905073871
0.6852914430973738 0.735783512969048
0.255216330352645 0.1605990133915498
0.2606519518329294 0.38255109947045124
0.3394995389962194 0.43614073107427576
0.2855335819098062 0.26513029821728856
0.32720257912842987 0.3774128880228763
0.19475794299712676 0.22674840610000124
0.6592875805440814 0.5684504910961128
0.9177806368962682 0.866888593833333
0.29488927262068476 0.11067843988044723
1.1315232455284296 0.7634296640756053
0.24945919625496987 0.2796334479542209
0.23759076363428525 0.16252866627340157
0.31484645209672346 0.35906538414203854
0.21537432532334322 0.15553666197936666
0.6903317459481682 0.2959040496955596
0.5196882337808073 0.4954125763051885
0.22301737152288817 0.2091273057902821
0.26118098926439487 0.14602955733719059
0.21858328289941847 0.15525410692862934
1.3676449951197969 0.3065074623048385
0.8304384333483288 0.3083254437246601
0.17094323362036903 0.14900310287860782
0.36712833333249234 0.12231659294736033
0.27942802809067513 0.10556753643118572
5849.130887759834 0.08103149317557379
0.9774728722756416 1.170167468221226
0.6906987396265662 0.7978523259830708
0.5909479853838173 0.5689349954099236
1.8814804416721933 1.5102373357028889
1.864155430552548 1.7563141801083506
1.970042367061187 1.1915953219799578
2.4113938376030895 0.7440045787255891
1.0656606346463575 0.7520742742238993
0.5955661527843281 0.3563949297749326
0.9004989599486708 1.0800357992212644
1.3003987167345477 1.0514117998213675
1.380749189416249 1.2331595237898958
1.8374579627440206 1.4831681248062731
3.2095933473348754 1.7910867846671559
1.4465580106455378 1.0542771810266307
1.2046902863676163 1.1286317291596486
1.4806971971463283 1.079518236272663
1.9566728233616821 1.0977764312107574
0.2278843152780078 0.24980787631357146
0.26085724228933294 0.38251649090804035
0.31195002041830666 0.26613168417726224
0.9095451158688024 0.30724479672406435
0.613384750966999 0.6789950343553672
1.3833587998670476 1.2128874555270877
0.7925883234194292 0.7133688972739016
1.4650504660388353 1.3963277190868166
0.3282975925800604 0.4430931133713245
0.8374861192308413 1.0415449325164414
0.9066972384382228 1.082105950391937
0.40965897921928385 0.2885752220243101
1.0166050213872178 1.1672933571834783
0.27088343709069956 0.4614714992332111
0.5980403382596897 0.2662695452410434
0.3161428679321209 0.093015999066027
0.37268876448527744 0.14281721352663673
1.292551179679693 0.9769582863153282
0.2254949070351781 0.34248135104487104
0.9810266869354043 1.1680076064720248
0.23129947574228255 0.2735901675681186
0.6014870594476824 0.6498258439788067
0.5276829304314405 0.1631861807157391
0.4095563484942506 0.3766507941886598
0.8555743880130755 1.0646736006765058
1.0147949416273114 1.0697206011758524
1.6241260831796525 1.6486312675814125
0.45188329960111484 0.12596412602779336
3.4819733876628067 2.4299333546760833
0.6078957649257449 0.6602173611506035
0.5240546185680154 0.5039120703452931
0.7396435524013153 0.7974871374514036
1.4875623812783916 1.0836757360228273
7133.976960198128 0.09172414322091718
0.6679299318813989 0.6485147719902309
0.23777069068233236 0.16696815670535506
0.7036229421261444 0.9206568637241519
0.29681508343376206 0.11290236189082575
1.207757020727239 1.123179117831984
1.8776870270078332 1.3641178955411162
0.15585496197848342 0.2137452000777224
0.2980683793482654 0.10158684401152167
1.0338379319727034 0.719129724283786
1.4339622025226348 1.1949793207153152
