2.5120397457408097 2.7914801496834922
1.593118340514883 1.8694444611926053
1.5464166327792674 1.5162476717066882
162852.7683832563 0.9723426413426949
2.8749615867253273 2.985928469173551
1.7125856303864522 1.9811548891202513
1.535573460897988 1.5747705691344098
1.7524962502127235 1.1746998797467625
5.706858522303615 4.600367268895702
3.9459896020056107 3.724820503436824
1.8438302747334792 2.036384969997952
1.5550533498961387 1.6203120919015894
1.7707575616222853 1.1550755185773118
2.657153248588668 2.802095778372685
1.7990856336372807 2.003979943918878
1.5897903845042465 1.6085421834697127
1.800930535402558 1.166651961598691
1.718629556123998 1.9220640353971035
1.6320848580503633 1.5735315550772275
1.8423142287495984 1.1784776632758005
1.7068776136898896 1.601359170353174
1.8809761869547013 1.2052696199239257
196527.639724138 1.0998706915893368
1.7091415494123714 1.9807926471376152
1.5373033460075545 1.563572497314226
1.7495757638209954 1.150116561343084
3.9109769167439046 3.4925881143687016
2.5209598371966884 2.68748590911432
2.8219615233651862 2.2533634406751366
3.621101920854759 3.484890145911324
2.5478429718715416 2.683587462728087
2.655415379973401 2.166812456576491
2.65863746789215 2.6181403146580795
2.709867068355806 2.229105807340429
2.9435603394109577 2.2494904981489725
3.001253472798286 3.0335112339711356
1.8196714068212856 2.023592982617686
1.5431170586816947 1.6003701820123972
1.7677450953213731 1.1486563883558056
2.9670284265984783 2.9939351329528323
2.5168554489403476 2.6660029748757093
3.2456104198277336 2.3136141610164214
2.5654586103020605 2.6507296521188026
2.6566756531656157 2.2275497657021095
2.8124087100636936 2.2041994020610867
2.397271954017402 2.60094461523573
1.7655836086306822 2.003459439546051
1.5663626314633614 1.6222425970008207
1.7901387395667594 1.1615209619955742
2.7378499962133516 2.74754723231084
2.934433986399858 2.1688553110160873
2.91267833608665 2.267085137214219
1.6890650867875006 1.9216901844855068
1.5974671648653547 1.577443681659263
1.8160846912228026 1.1645238704895282
3.2106616078143344 2.311589195022916
1.6639388930794317 1.549970023708138
1.8467836914992932 1.181414438651585
190364.94281724005 1.0823762288718446
2.9279848179049286 2.9900867341638766
2.4757242709979175 2.559686713593715
2.6971050465205395 2.1214372601763976
3.673695473649337 3.4679858990336916
2.455322682531278 2.6663104901458503
2.588511310183035 2.151658197489423
2.9316364077793797 2.975708299084083
2.502657069559373 2.666137714015156
2.573069984878616 2.1764831774132345
2.480213018633685 2.545068925188123
2.65479167552241 2.1674346682162087
2.7533332077324584 2.1279942945434387
3.878158004403413 3.628450554119009
2.4525572168388288 2.643661402131319
2.8285601604200754 2.2449193882737593
4.100678360576534 3.656481691013779
3.6771716519952076 3.4372766670731867
3.767090338243686 3.353142127680062
2.8942600827694145 2.946703350550924
2.484316254077215 2.669072929591362
2.7695404975582463 2.344067809110379
4.055853643803172 3.0976094163594405
2.4535369746580393 2.565061543932247
2.7229732025693423 2.1078568534680486
3.703927167192468 3.6151815063484234
2.384215678328665 2.567594184688018
2.5886632878069245 2.1202860987354035
2.7967322173553963 2.9579912769206578
2.4082341260709192 2.6381330498672635
2.8056823292936484 2.425523779985585
2.4210519770981023 2.5781962869903534
2.675009061274175 2.279513873785909
2.6575751033895565 2.1526870872593493
3.7048520589017473 3.5881983395552792
2.415525344097668 2.6620967139214597
2.5375284361712755 2.17648085196193
3.858925820690326 3.492979721122604
2.4125627557349025 2.557940696814436
2.8115415714377883 2.3435868490884033
2.631854346027236 2.137166454456385
2.4865412596773924 2.688001857176511
2.3472614349090697 2.510824367201234
2.733071439894421 2.2135123995092676
2.4935381013999063 2.628663064880921
2.54232041720113 2.134607520954002
2.7762110880259137 2.195390075567906
2.3828468459701475 2.5530120186551724
2.6093437849817454 2.1318312443392733
2.5939692140531307 2.1300196424783224
1.5440859038639057 1.8516342007677284
2.59891793784233 2.1146070909841703
2.597447997651836 2.102768134229222
2.6178133006488133 2.1257203399983133
1.5023192366723435 1.4780015526921946
157878.65343344695 0.9458105295501564
1.7061246807027204 1.98631683167214
1.532251209930751 1.5769021072786937
1.7500439359760573 1.1541417230905
3.6970192558884687 3.4630582542879527
1.9532086147096845 2.0832025328358985
1.534161879748698 1.6534509548376488
1.7504507021118831 1.1411270971777392
3.035388598465695 3.017082970335908
2.027545060523547 2.0828127978226236
1.5670064825564745 1.6873848750967346
1.7798958295554874 1.1586953485184766
1.8299268107172435 2.0531749148665996
1.6065071316926884 1.6940369569086526
1.8234456544199822 1.1679638410436184
1.672118941923576 1.644714499682906
1.8701543357447696 1.1766029377401719
1.9361828413078659 1.2086034827767613
5.970046833863709 4.785027200599326
3.78951292086336 3.55485620354519
1.942743984262873 2.060347980160485
1.5299440696093538 1.643023173319051
1.7508558402873007 1.142298305402275
3.692681044583167 3.412015506728748
2.619570423494854 2.7661792537836907
2.5652401542754295 2.2314122573382953
2.5963464622911445 2.7309667689873764
2.734814608109955 2.4364809235822777
3.0895993019973162 2.363593194969069
2.899015634543137 2.9080982278111684
1.9900284340335803 2.099039022622786
1.5549630118447655 1.705482769910495
1.7706076465307885 1.1629312093272506
2.59669940829252 2.667225459770778
2.9024110050958756 2.6000550597680405
2.9155525712666384 2.2791613432100135
1.7870160475101422 2.0260345886343796
1.5845403151751705 1.664795397018167
1.811266402503799 1.1656023092507126
2.8894029252927034 2.211318167949684
1.6419417113970387 1.609195417237176
1.836556060032938 1.181906787540779
1.9168109871959529 1.2167288802592835
3.962250932196757 3.6158409035468493
2.431437499746953 2.673792495690908
2.678542457173221 2.2063821989654935
4.110388667939805 3.8078624019839635
2.5497152698702354 2.7632853633263617
2.895555760613425 2.528760229743065
2.492492199580897 2.668296144842661
2.739282563933603 2.5150640752134974
2.665585211405162 2.120517401705114
3.797548677555166 3.6410899293440266
2.5528942191536235 2.7688450362396044
2.735797460126925 2.413249414196362
3.723001751643419 3.496432033831727
2.4780428666697585 2.694154336497669
2.7621357219964615 2.312398487253389
2.604780619107666 2.157518434298509
3.514163851458788 3.4064964805120175
2.397305542501193 2.6459551649578312
2.659459341312567 2.3729852885782154
2.41477929789356 2.6590153542507533
2.571231047432554 2.3906419590026613
2.6518613397094533 2.291805488216346
2.4132147383266234 2.6235177110666483
2.8622208033878045 2.2398572979774487
2.7450349776587353 2.375524799470539
1.66089401891807 1.9451137179417728
1.4970693727219864 1.5712309229903514
1.706106903389928 1.132331517859565
5.411066100860111 4.471234587535034
2.8678934135279057 2.9684096545944696
1.8021979390093597 2.011879105252387
1.532546426969526 1.603890730660551
1.7577283258360934 1.122539275644907
3.4325121816110977 3.440939944518862
1.9791194295833892 2.031695689818649
1.548966074094773 1.693600229491061
1.7598021718735493 1.1484149197788716
1.8701078204425925 2.083224039324588
1.5821259964126972 1.6877702878030072
1.7850187286268604 1.154101268979403
1.6411958817891548 1.659140044831528
1.8360783507407983 1.173466746861645
1.9209420317902102 1.2113874959832047
3.825278035078502 3.658467605205649
1.9722291810295052 2.0961381223873286
1.542902603669396 1.6935681903849216
1.7607413761557908 1.1490683142588933
2.603754583929558 2.666675309551881
2.7046074256699746 2.4006632195997457
3.22015712850568 2.4060042292100876
1.8513096728297054 2.0679383299044813
1.5696314645433107 1.7150060028506247
1.7975950152685594 1.1652404422177787
3.0509624465257286 2.303430639492596
1.623033566337719 1.6748228750054128
1.8235149546368996 1.1746225347590802
1.9039840518327988 1.2243264569653802
3.404010690145958 3.4308444773402202
2.4305959923976097 2.599255109177962
2.687262353942755 2.169749711487576
2.441975517867239 2.6427065007017876
2.9100425781232055 2.605594986822498
2.753440294541612 2.3012149630470993
2.453336038287674 2.692237727291932
2.6018847882477005 2.3151586589608035
2.776963651319501 2.4426766859413775
1.7708186950542246 2.0044131296900978
1.5008126438533722 1.6137130172989218
1.7295681633277589 1.1323855223064208
2.36580624894435 2.622683778545388
1.7272637022125226 1.9864578552385304
1.5391583001842775 1.6268258029127514
1.7656475427589635 1.1497643675203009
1.7761609566045524 2.0154118583266674
1.5568844584572565 1.6497271191431155
1.7778978090627333 1.158386191099345
1.6134642285022887 1.6761001686485744
1.8092794805921681 1.1835919533476476
1.8928341381402702 1.2058854858646022
1.7543263029871357 2.0297162725244338
1.5525720227207866 1.6599843092025854
1.7759417732117186 1.1438681623228124
3.1103374963968013 2.2530168481260424
1.6160517941670456 1.6779355771147915
1.8174516060286883 1.1553007398295871
1.8895461516573184 1.2104284225525965
1.7218199148022417 1.9803447748740035
2.8271715184502293 2.3121193519988474
2.689775883881277 2.1564517761872914
1.5259454523475964 1.6025136355625864
1.7346143967163394 1.160467789332685
1.622581107520125 1.8769846976608682
1.5547748338048968 1.5779933471649483
1.770293106708709 1.161263212161835
1.5910805892870363 1.6039034768019864
1.7728570255796043 1.167574205421076
1.8614147256774012 1.205034793326993
1.6038971615000712 1.6033029192961121
1.7927168100572144 1.1927991473792983
1.8749300384126268 1.1838581619720687
1.5431025095622835 1.5741673215534613
1.7625794460062945 1.1749695703186211
1.5720978961501721 1.5309265660454185
1.773841740001664 1.1665954309338247
1.8263771403022757 1.1749950677123229
1.8524106025762508 1.1891351845578986
1.7705014290965164 1.1489183207875147
170926.49125099136 1.0105854385319502
2.4961710351098443 2.665939895996804
2.462017839109599 2.5689154426742875
1.7605131574493214 1.1757234351552712
3.650070801952073 3.480495946667517
2.854953006406192 2.6706491891164066
1.8946749020866902 1.1982459151440783
2.978657250036449 2.3756653996496393
1.9780857390544244 1.409485957280618
3.316870239252284 3.214989810268775
1.9924118530032975 2.1014246863788446
1.8421921678497073 1.3061561865277094
3.0514583160607325 2.288442768666534
1.879926046888849 1.2690270249348155
1.645835311976208 1.6569542675517042
2.836250389422845 2.2507579874777295
1.6074909786511593 1.595079600725757
1.5663136898681058 1.6539527662137572
2.8094393597426697 2.2530238481884313
1.544831163227966 1.602838298241636
3.820511686064215 3.387796914246117
3.719576855612814 3.565646082281175
1.5986781229727067 1.8763661644378646
2.5459518448217695 2.5450089953581787
2.627277105799894 2.125713203932381
1.8517456294435926 1.1944066303880823
2.516891952752969 2.6641884018336617
4.085615427137318 3.825117305175444
1.8928931401786877 1.2051857090655325
1.7711606565991378 1.1565269690763056
2.967764256916566 2.9975756456829528
2.6322019858612613 2.638692767449179
2.572880668010084 2.2374321837066953
1.7726735733360486 1.1820323762327452
1.8131434728974323 1.2001151752319639
2.67423985678876 2.3276227189237906
2.7766702587455456 2.5627124357721986
1.613556169032662 1.6738942248102369
3.4696897877754473 3.308283357026543
1.5602376848991408 1.6481285213915466
2.7204335483018016 2.236006138204245
2.755565179958993 2.737114840520407
1.943692947714787 1.2290817408444097
2.995992049832206 2.2413540199336985
1.5008310386887946 1.6134851725355817
2.469928418862223 2.6891737802060742
3.135970479338146 2.4957193486554914
2.7579200009334053 2.4164304888503683
1.723209275052448 1.6710582578210298
2.4239645016772773 2.628524448297228
2.8050134573449377 2.1595065869259633
1.8612365516403142 1.1618148966573796
3.107632886045168 2.972468877087699
2.964129194808353 3.043367895909232
1.7747437400085455 1.1486836462060248
2.8595299956608256 2.5207176051159426
1.5414057671083232 1.6403674184789712
2.0420064684252854 1.3105084269405243
190529.4664540403 1.0852970603899212
1.5721567442760787 1.5321699975666054
1.7077642199197411 1.153468514060276
2.6091378823813907 2.3602265959483457
1.8281290860503694 1.197088082476701
2.603830883544561 2.666466293250472
2.812843566615142 2.208046487191625
3.0156732389067935 3.0031882596480535
2.5535155513413725 2.7740911701726727
2.6041975651927918 2.7795490551205155
3.702298626697477 3.4907685767668992
2.7235460557392157 2.1161230707640923
2.502794281695679 2.667247065250748
1.5651687184202476 1.7074623174469465
1.7662464454001372 1.150177837231921
4.32377006167135 3.1438772177827277
2.6600522196325844 2.165941843876449
1.6335864779223295 1.6489065824596234
2.5040308863543927 2.5454041621976233
3.7311203384184384 3.5251148579888745
1.5871949536099605 1.68876312433877
2.8836748942047157 2.5554697333441716
1.7709550277042703 1.1672632128401106
2.7623097018983653 2.6358778056888656
3.253109619753989 2.425774613369129
1.5320994379565431 1.6429867883599034
2.523889814456164 2.688097400315619
3.5356640088193734 3.5093700650653146
3.793356129958688 3.2103357000641037
1.7374237888515647 1.1441374336753152
2.8437334538367756 2.3027043524650983
3.971344630610796 3.7505500198722865
1.5782504420815924 1.701368743486605
2.813926472355125 2.4956266363164463
1.8369863215433537 1.1828315392935511
1.7059751042697482 1.702004921201783
2.789973883162561 2.469112143269073
2.037655582405871 1.402199408510282
1.7306253363447146 1.1486634750536395
1.5350038349655661 1.5826149460149828
2.6679528287317407 2.3019418144313804
2.912804550932596 2.250501869841608
2.932957603607987 2.979804219791701
2.6579994916846696 2.139901873421227
1.9115675524372606 1.2169222251660639
1.8443377890838164 2.03900324391741
1.7388364943427606 1.677853476385967
2.898567556562173 2.42697518085737
2.601660508831549 2.1417997890747866
2.9073198643501126 2.9509077300344253
1.5661257081006337 1.6989857526346137
198026.22643228 1.1167942882132278
3.738029630734967 3.503899480037537
1.8619158517825698 1.2067801176401347
158721.2179170662 0.9851077615250393
1.5696466181501854 1.6928743889707254
2.712336394425721 2.1733047757559927
1.542059460095307 1.6200186744347533
1.7584267899567771 1.1225286385214361
1.8781597061647477 1.183398521882335
2.8926083304586303 2.2401915209109293
2.4854677560253555 2.5556232022810854
2.5949979426482583 2.147553089149147
1.6963215542683943 1.6955923221111944
1.5532853830070459 1.6548271410721718
1.7939998172005494 1.1909276847941521
1.602849681536218 1.6093913646044817
5.538876078222277 4.557942942513061
1.8101509938456255 1.1717945101347809
203505.32881592758 1.2145144720404861
2.6990687545505194 2.863579490247019
1.8976412367366284 2.0345431553967166
1.713176456658507 1.8829552045530424
1.6208309908350018 1.6816453252511372
2.454030870424419 2.5677055980376746
1.9097075356653024 1.3382332194219815
1.8099438112568813 1.9922077222778627
2.4082725377715697 2.6380255108884496
2.4056077165579812 2.631046332916587
1.7571812066501997 1.1596419401445504
3.726853863898819 3.4483583171827252
1.8896699401786667 1.21454991138263
1.7740946346343365 1.1614516969839848
4.106606632117388 3.3162800123333187
2.8623577112844885 2.2400134843163406
2.9025170875576776 2.5641030007996486
1.939319997975613 1.207147256491722
1.9454287959130425 1.344070317954149
1.6067769825891554 1.6875027343241256
2.6123766055017037 2.1424553729722478
1.8314927911979813 1.2054714492844236
2.4605106432406045 2.4254243942888922
1.5361759475119223 1.6638453432699487
1.7629966342295282 1.153384841858936
1.75617565541517 2.03953181693258
2.789305113430382 2.9769129741433775
2.7451590770680574 2.399894158624754
3.649806646854467 3.6372909189317664
1.9795008606975673 2.0762095990209506
2.979081372647716 2.3609105706397493
3.8783183584029004 3.6299882231747667
1.972997402434514 2.036258974306883
2.7384706035617685 2.169320175919568
1.6820484271583593 1.9235878887125568
1.785226725495422 1.1622055487375154
1.801340970133419 1.1733109708952638
1.8873492846358142 1.1522373515239397
3.8174400287401604 3.6570321530253764
2.8371958722786954 2.5987297742395055
3.978894708265858 3.7637133726786
2.5668042187003723 2.6540255742150007
2.456056526027595 2.6655843594790336
3.9236779553295777 3.48741803614207
1.8331865364719162 2.055278139010427
2.4155127277378545 2.5643399769244613
3.939328032885716 3.541339203674145
1.6438073200769328 1.674254533638273
1.554392490256363 1.589150954676756
1.5855641608645645 1.6561121125098377
163129.81198792122 0.9765272023411762
2.846074011098472 2.684714250155068
1.9780557872047546 2.0495991938756357
1.8348253003774473 1.225705310698249
1.8119567635782192 1.9981853677785946
1.546805433173109 1.5190636521715026
1.5435620305269242 1.695062269649024
2.674281943220718 2.7120535824111203
1.5902830225949978 1.6016200978831678
2.7165893586276653 2.0973894851091446
1.7282899581732123 1.98838139274392
1.7066117115052188 1.996621976060456
1.8705572357523224 2.0827525286163064
2.7201324307597994 2.7857639716815115
1.8470617744494673 1.1728079091397232
1.7104842968394818 1.9855695471543255
1.8488116273045005 1.2307394243977743
3.78984577390552 3.5523434446488604
1.9231933752239805 1.2133895117366607
2.601011845016449 2.6599708746357438
2.877014775509509 2.980454208477232
2.6438964596815073 2.5894909934948993
