1.4032860754131193 4.192008854896134
0.7092844443927042 3.000585102805967
0.5712122104608155 1.9598259066055546
0.6818184313785192 1.4542642782797708
1263.820626921113 0.8926465186005679
0.8500467986914789 3.704718312444615
0.6429938259386978 2.216160471236825
0.7014545518314885 1.535971958953117
1.0029417101532379 0.9386189876511377
1.1570775518710021 5.036772273629988
0.8967977575007855 3.6603627237854113
0.7278035894928973 2.2661921460016705
0.6412804712097796 1.5831337548346698
1.0138941248994147 0.9478994599385082
0.7533295188018041 2.935697678920036
0.60764104585858 2.218202951090526
0.644001663724611 1.5877949857701654
1.0457152270938876 0.9545421562165771
0.6113737795497123 2.0251618755029734
0.6552458742382187 1.5278430316276368
1.0489837886592148 0.9635658165097883
0.7127593728021409 1.4735349106312792
1.054882815734987 0.9746639919692363
25515.94499482105 0.9903511773492218
0.9090812854090242 3.7974148803544194
0.6133301832782179 2.218877309257662
0.6351891744842371 1.517906190685494
0.9989169552806783 0.9321557359759653
1.8015550709489954 5.1024210285833576
1.1791915964655457 4.075148261116425
0.7271327559727125 2.7558766519787476
1.542501771024883 2.3228417204213905
0.9092330266206687 3.6926797802530658
0.7506460020384667 2.74890504701876
1.2581818564410523 2.192371282165576
1.0283032319756533 2.7198056667685124
1.0482604917039111 2.093460162070308
1.3852887935380722 2.090704694348364
1.1644612299970247 5.024257861224306
0.8492695866107206 3.731892217614204
0.6237219712152998 2.388898739550819
0.6492236884527987 1.6087016068876854
1.0103498923477519 0.9228794420359828
0.8923443220787446 3.844634835212346
0.7376998788925374 2.778495436208062
1.2073577027236069 2.2967409128176146
0.7566521656102931 2.6971795915007153
1.7789543273772046 2.4298127407935506
1.1963023391976066 2.0577352111779703
0.7187337579666646 3.014980012937977
0.62569087040072 2.1915748503129793
0.6254234749992857 1.5902240117268343
1.01499915013182 0.9063668377194538
0.8668322894145948 2.5736930213102744
1.5310400114691343 1.9386341603312194
1.3779382359123968 2.034057148400448
0.5974589220704244 2.006423457644952
0.667101571260884 1.5498663353396829
1.0445658501880102 0.9567400651034261
1.2276638746818134 2.0168757810826534
0.7121669945601485 1.477833041654046
1.0495713268786955 0.968252992504972
25430.60449168225 0.9909888122155548
0.8817864010254626 3.8191432548350366
0.7275419553944572 2.5166904670168937
1.1616557346272933 2.0168368998296886
1.201043739674116 4.028515764518405
0.7162482081228478 2.7460932175543324
1.0246894548742254 2.055383481921866
0.9141395634258173 3.760523002860687
1.1498592255106797 2.9327207542177183
0.9026574523830074 2.0762785445354837
0.785107385347222 2.5218232339851214
1.0807979653449604 2.0226260008672896
1.0405354644095066 1.9144666933466001
1.2243193454185133 3.9948266918269257
0.7146290026608427 2.7811088047818204
1.1774161999547106 4.116121690820124
0.9480179035803732 3.5310734632708423
1.3733442194797438 3.172765164052916
1.9874005766606755 2.917201949391763
0.9135643097073026 3.61668597683499
0.7365660858134097 2.784230772062891
0.9868072010193901 2.1260309771380537
1.8638104530163755 3.567336307534057
0.7526667482267847 2.533949366020984
0.9824550850315465 2.031118240828518
1.045513944156228 1.920661241421426
1.5345946457464947 3.8618180287941684
0.8990886967288854 3.879115055554861
0.7439742836372946 2.6339482909518432
1.0639945672686322 2.0067708196618472
0.8920174727602916 3.763434887050157
0.7210945684300034 2.741463453764034
1.4480437458211657 2.305843048502523
0.7531945754629822 2.6075770651947985
0.9319549729411525 2.0748891487226655
1.0115809326770253 1.9985089136446086
0.859634626227069 3.704493106652201
0.7147089719183248 2.7471702519638526
1.472209992353383 2.215787500386962
1.1372883882159242 3.4611370535318846
1.9365082601914456 2.964726725027521
0.7754679890840745 2.6211301150574684
0.9448216681971999 2.117434693630602
0.9796541327326246 1.9784167676687157
0.7543128150281296 3.042111708726093
0.9698426287629112 3.034945991507433
1.3559242447409656 2.183446176762828
0.8624734269487889 2.4923267586896896
1.27474642607026 2.100403680222334
1.3086864302255883 2.173224320437711
0.9152111804054748 2.682270102869851
1.0947480246334163 2.1085499375561643
1.001614979245889 1.9894218959202163
0.5800389865655844 1.9760416903698037
1.0553887720307802 1.9239996993279573
1.091953120940886 1.9292155321845743
1.1807468423179044 1.9517743490331876
0.6822380202372279 1.444542736922704
891.2104055358686 0.8960546670788023
0.8657057188671399 3.7691036608186637
0.6061376870333612 2.2425882834786166
0.6523157291190548 1.521950929171575
1.0122598576574733 0.9718881431420001
1.8173606651777918 5.072047009526269
1.2955302899823808 3.8177313257062813
0.6713203270083897 2.6447343329763404
0.6520037023200147 1.6175819586603524
1.011093859664237 0.9637007203542738
0.8907118720548541 3.6811398055855618
0.9176941264226686 2.2932786660376223
0.6359599960773212 1.676632739931863
1.0429446974848466 1.015061955114001
0.6088290024436417 2.2479159119922407
0.635870243030483 1.6374273261719365
1.0509531783125283 0.9423790056239012
0.6807787903311586 1.5463752793028842
1.0508699415648344 0.9688282919255721
1.127102486870844 1.021551543127917
1.822221936815065 5.018511375691116
1.2482606957688942 3.952468989872041
0.6872325878575167 2.695736723249378
0.6352560345187119 1.6454089453264733
1.0045007153763568 0.9383914864030942
1.1249398481906503 4.750680073517811
0.7663770448975943 3.032124658394547
1.7798238129467276 2.331882133530664
1.2362524372753572 2.8151279815372634
1.4208874343871374 2.1239032928001818
1.646833402968841 2.3450142352512353
0.853976632074604 3.737185757589744
0.6724658773554822 2.6251824640475014
0.6040267283728017 1.6829453300510648
1.0123319951766876 0.9572707329858853
0.7707369130370741 2.8114696065014906
1.8108736610694929 2.3413481768625095
0.6077430842203594 2.244797529741207
0.6304728139024444 1.6445735611437535
1.028060348108172 0.9511136156371256
0.6857913530269599 1.5531913864512186
1.0444247376702973 0.9719735399720244
1.1203922705247251 1.022957439453487
1.1921772906715473 4.0691917000210776
0.7272976594165002 2.7677126550354316
1.0692002271715555 2.0388591392347855
1.4901902641860216 3.937163446838839
0.7475239498446578 3.0161179195677175
1.7795467506027516 2.4787540463267765
0.7481461689934956 2.730543966974202
0.9563944528047897 2.0342580839216895
1.217685000700893 4.025643626428476
0.740862939326291 3.039571137751535
1.3399427491680829 3.5448176095142014
0.7088973309706618 2.7422113432863595
1.6424349569445664 2.3188556889397454
0.9386989083970395 2.012652020873444
0.8543038755348364 3.7265436103632865
0.7232477084531286 2.7583165580705797
0.7176366620059385 2.7552811414873846
0.7140369554827339 2.7496109605501426
1.4233477593123418 2.374353931958769
1.0119295355309437 2.106141784397222
0.66221776721685 2.158961821403379
0.6356072946382596 1.51669197578128
1.0052481375581805 0.9340990952816981
1.1826040557189077 4.926794660390774
0.9000200072410818 3.707875152595486
0.7651535300275706 2.5788900691632968
0.6334597439317986 1.5864025590312836
1.0235596630125887 0.9593278234618954
0.8577855228645377 3.770026940980069
0.6863412872317268 2.6332229531826847
0.6361604350183273 1.694290960673741
1.013023061991173 0.9524204639357098
0.6226785266766935 2.3834859728416102
0.630828620801728 1.7232003357536898
1.024588864200341 0.9790011230293724
0.6903808780886953 1.6014090631876374
1.0876716483594375 1.0137550092711924
1.1308341478038968 0.998627430684834
0.8887430063964384 3.7242526565639533
0.8200733057899131 2.790670382517307
0.6157834220778492 1.6854908005180445
1.0045919332476076 0.9353573656017596
0.7570439635523072 2.793962587913386
1.6463952497385306 2.5819539737119355
1.881289985716253 2.104120374940396
0.655807024561753 2.4021580073381994
0.604412247446591 1.691460316952179
1.0475488373416904 0.9772795034134032
0.6575216705690705 1.6187023670006357
1.0453932709127465 0.9791383016844413
1.122115784393368 0.9960021187541728
0.8611499961035565 3.716857299842452
0.7416115958789182 2.7568795396805577
1.2588427432962925 2.1791889607280357
0.7501785958056122 2.7441876785745465
1.577665193273602 2.5192720724328423
1.1058469410331448 2.0998005989373314
0.7206984458205 2.7294434469748126
1.4509822173914873 2.4369876575029306
1.2783979564011714 2.015534158742783
0.6630614501223577 2.4674724461837805
1.4164391845821425 2.1206918230800973
1.0452739856457796 2.16846930208557
0.6302072404129869 1.584600391960869
1.0220993648450287 0.939687768502363
0.7162297873747736 3.0188306663272195
0.626370354057444 2.1979394659078073
0.6312952088884936 1.583389357464119
1.0197207795061896 0.9575821887655986
0.6060527705680695 2.246340075132676
0.6305438827042836 1.636866148688596
1.0153501956310809 0.9505059512787131
0.6958489489760389 1.5952087228882623
1.0561152029938958 0.9933446327139741
1.1147299351041853 1.0268674422258552
0.6160536626956189 2.2478072923018275
0.6470204772949671 1.6593002324393673
1.0170180148849564 0.9517975524908295
0.6548754471741615 1.6124253337538537
1.0537685360168954 1.0223627850547365
1.1132104314435958 1.0129111262323311
0.6464354691488166 2.1978421797318277
1.7021636395957178 2.1143284695500384
0.6178131999676925 1.577995326672807
1.0098245190299293 0.9501693428116048
0.6004833247596075 2.0162716079351437
0.6342452466067312 1.5196736865057954
1.012677618371825 0.942860780739083
0.6856503478808111 1.5573202354561886
1.0196876585852939 0.9620774576307811
1.1014065301401892 1.0037400013475997
0.6741286562158162 1.544841869061735
1.0295696393391338 0.9256256621464449
1.1125091539854024 1.0073082556516755
0.6402240186854902 1.5243674197863235
1.0276069002928037 0.9279534274708922
0.6769848396292912 1.4413409628945832
1.0176806231329976 0.9608924527256062
1.090499740109851 0.9807783185352961
1.1082306464106928 1.0205553112958623
1.0086603569208006 0.9352349482876474
4336.923830790972 0.8965662871816928
0.9020755603524895 3.85454786643765
0.6485934207881734 1.6904370491660126
1.0534072251975068 0.9595095178211542
0.8857143825587461 3.7085768107958024
0.9237631839828744 3.7519884278913156
0.7861967007751005 2.7202481767590263
1.4312519175180207 2.6756870901102747
0.8096028883286813 3.049066223743356
1.7465649354212969 2.1612650486306064
0.8692827763800951 1.6428456840647747
1.045681819514684 1.9207731211414
1.0100651522210338 0.9167992613587214
1.1276763806261099 1.9390162236548918
1.0454556646027828 0.9792336388941324
1.0232268588380282 0.9194668231347427
0.7741473869907115 2.7256218267293004
0.6414748290571721 2.2470756504910625
1.0153989021139778 0.9504489388065404
1.1850731666438952 4.922316911011428
0.6285452263389462 1.99490927431194
1.2265568524862434 1.2773587753025624
0.8560943143156655 3.73834338423819
1.4487691911078082 3.6780975342769375
1.8800046708700764 4.976362404479598
1.1572706720864374 1.1217915872885746
0.6855578693353526 2.1332361163025024
25624.93202791578 0.9908133803675301
1.1965904743822096 2.044102200060915
1.0437770412211231 1.9176559633377257
1.8094949486515306 5.080310527641482
1.1533980694364896 1.0464679359203868
1.0971133029687772 1.0003576510738827
1.5755532751545696 1.2542219186029497
1.6319337065359774 4.059726550130437
1.2058622429847714 1.711955223989207
0.9835517802562408 2.673759640283063
1.1174657366520124 1.9640399331227454
1.1438427806994584 1.1526234424309898
0.9726205786000072 2.040509759820277
1.5787869813479127 3.074410515267988
1.161645906519514 1.1525297002962964
0.8586990975564129 3.7695742569483124
1.1994707701938907 0.9568806013842684
1.5211750246019204 2.185454488871806
1.5460084167871833 3.849541727896109
1.045026324111353 2.763429866567933
0.6403002720787065 1.524429306801996
1.7085099175227576 2.470367156848657
1.2393831828756487 0.9115400102429949
0.8955426713527657 1.5130170739259687
0.8530343597166459 3.728966760840058
1.5801970266268133 2.2121251515964095
0.8673673681164162 1.6364512329010399
1.2079720122927633 2.296439699664976
0.7442106872938178 1.4949305255709981
1.0495408888676527 0.9829557605420457
0.8982416934562439 3.678460636313559
2.0199208659134023 2.0165559709690903
0.9095172835080633 2.6617535489708954
0.8226452109517357 3.003719575976695
1.0578990568309967 0.9741528733751031
1.0105959639276865 0.9450513169305121
28910.489004956977 0.9965370113006081
1.0471402982764304 3.1376237551209805
1.1808004344055538 0.9530656178932397
1.0407743048655316 2.8314327234240872
0.7613978978731342 1.6220316104539068
1.6473745523982184 3.065281139438646
0.8117316341583299 1.7359459039401197
1.039866890214212 0.9799760133936943
1.233345426123249 3.9739592669715647
0.9169829429793657 2.6859037854643666
2.03694648312033 3.001371737309065
1.2344490398267993 1.9827042612400272
1.0458960987212058 2.1687439684552197
0.775263548339466 1.6666299303521392
1.730569840202445 2.077276589630367
1.08595755033795 0.9924455596637138
1.381880955794867 1.2433662785656794
1.317797105619189 2.990680350561795
1.0151627898572013 0.9420022141923512
0.6402051089122833 1.57375478733954
891.2173350763417 0.8960546619481848
1.8226211001181079 5.006827333332448
0.7498595548968787 1.6255648111484904
0.8548157224364014 3.7112643950495237
1.2517993118218964 4.026574689561096
1.3958376146868607 2.2164080320668234
1.6679267331158791 1.9850795743753693
0.6077655754055153 2.012641230255972
1.2627488784696135 0.9781993296137068
0.6826788014039815 1.443245389736701
1.0190491018456576 0.9694603128324576
1.4325911834777485 4.100566822553459
1.8708499200833182 3.781491865458661
0.7474765245247483 2.558377264316826
0.9737281982499759 2.5081458862496024
1.4222050396082773 1.281424696508113
1.1752149024743053 4.95229373549726
0.6822944714890067 1.6639702474718254
1.0157986506668713 1.7716018508486089
1.024554531174966 3.851343355145527
0.9415279638580956 2.641746951140904
1.124252956201155 1.0294490539246226
1.0091919869913064 0.9385392210581753
0.9525732119540296 3.0068189037613675
1.055688240874214 2.835778812845784
1.7132117004701874 2.4255273236635455
0.787176382902444 2.8171580485500893
1.5610485338811624 1.1941267368658712
1.1377269919103778 2.068707545959883
1.083112513460779 1.00666812188291
1.0509579510889484 0.9691121749310645
0.6192514981630057 2.1971347121464166
0.8700461408709177 2.556509075255468
0.9949931105273836 2.4966683457867744
1.5140030074600401 2.2526311738793003
1.2620713341504004 2.1860526901920463
0.9430258017344118 3.653736647271206
0.7537056987282802 1.51432084748509
1.1222957522335455 1.984763164153266
0.9990204635589232 1.6266054113006772
0.9458859049530614 3.8617987473547517
1.0970842759868864 1.0787923145068212
0.9666750873844381 3.8757317922051007
0.7680460232951385 2.549280020282291
1.3026930294557095 3.7871246285533706
0.9061569821798763 2.6141107295802595
1.037280691087324 0.972687959910381
0.6772669610244025 1.687643928756058
70436.43417010695 1.1886665402003973
1.4295759324261899 2.9668224105018446
1.0812770396892821 2.014338109811521
1.2310259438987683 1.9690127179628991
1.1594126863805623 5.0270872905840545
1.1196717423836127 1.9979110376947293
0.7178987392162157 3.013702185462627
1.5096875830961314 2.3832020063254147
0.5763822959116497 1.9656272390424157
1.4343071194857742 2.1594139939565755
0.741412428175728 2.7851274625111406
0.9815959273430622 1.5800948775088188
1.2021602203858734 4.715193981618249
0.8481153425244039 2.822487103481899
0.9382930564881619 2.0156967276009805
0.7157347363699786 2.996993140684058
0.7098271818120827 1.6557374036925552
0.6415993944051573 1.664192954982028
1.5529412309634627 2.193217604697031
1.0652702342256652 2.4217089776395335
0.8252354829628403 2.874923500003554
0.6353316108716118 2.176997675199464
1.006804068948622 0.9434733664776166
0.6618445762445203 1.5430407033154445
1.4566466415633208 2.0820264555546566
1.3117077938431134 3.9891133570617523
0.9806691147727064 2.556599345739535
1.3884001231398972 2.594395369771449
1.2296945577675493 2.0161943351122877
1.152872720320845 2.5738257555752284
1.0546727757882026 0.9618317121039159
1.0920708432492985 2.3298244984731236
0.6307689191951603 2.0779493256660504
0.6275966561708652 1.5868661665185815
0.8480726209011619 2.4795087706090446
0.7174673878515266 2.7469732245738703
1.1126884965265986 1.0199036376639592
1.2901926206314114 0.9765891267838149
1.129792221349402 1.0711134254293693
1.0561791108601422 0.9932983946533019
1.5757774824391868 2.467789835806343
1.1223065127292442 1.1097301897141674
0.9965404171479586 2.1344489362563257
0.7331584702783791 2.359164294178088
1.3718867485833823 1.992533855599379
0.8524477368493095 2.5664528229566868
1.2101269228587745 1.0620142442926477
0.6429403816820197 1.727221473014841
0.907875016170659 1.4976662369077158
2.0061649040208973 2.9289444195280114
0.6678701376034489 1.550228471661628
0.8281829390622178 2.1674370998938657
1.2566653685254385 3.210976098095861
1.3963664869802395 3.8341082469566543
0.850126161326167 2.8616526447095687
1.1039196331925445 1.0105724791614843
0.6868246231135542 1.563045264038583
1.301803486081575 3.1822305629955814
0.6642932185212799 1.5041860442640576
1.0787530149688065 2.0305093487177155
0.7264685951398623 2.7522054720172475
0.7509234954898631 1.5117721788573537
1.1474301362695318 3.187511416903832
0.764918399047213 3.0503766605579097
1.14898086273481 2.0251356178311113
1.0943593445888025 0.9243119662203491
1.1073666125374027 2.6073400139538254
