50342.05105122635 1.1482943458003048
0.2880677946307246 0.5196299930669668
0.17929261893513035 0.3643309961454424
0.16837214940803027 0.2809419727352423
0.1149881659935586 0.18812806646711033
0.16370386692876912 0.15133656134775714
244.38745056295045 0.07884398380949348
0.4219703619915134 0.7274673969377023
0.3092602965222399 0.48841355372375633
0.17578748504453096 0.3008662603792393
0.21116652193016855 0.22178834664713729
0.18691234874058427 0.153584836113675
0.23110829308239983 0.08900391865073555
0.493337986208686 1.0288413901896472
0.6896619589468531 0.9708595301605517
0.9417672802760619 0.837051491441154
0.3080803772717905 0.18954498999275934
0.697416458883596 0.1957340592306894
0.734288287610167 0.9683858213389105
1.2040484035578012 1.0997545508728435
1.7486958885226165 0.933792034239354
1.1762496593121856 0.9805269951939581
0.48447167055443113 1.1408497655376675
0.44851507101154375 0.9238871794185723
0.22634020024293278 0.273492338526435
0.5417328677827655 0.5192266447245484
1.5247426331397724 0.8290000394284043
0.6091181462816925 1.2099574650017422
0.9053579999427476 1.5025606021465152
2.3944859710632747 1.4984919225519033
0.5243750359826365 1.0953286744827049
0.7953186898934264 1.0624632501329143
0.921807713692826 1.0468135898244117
1.0575733830722356 1.2604999960212304
1.3137608780598962 1.226566160245885
2.593226778840015 1.4338411420787944
0.677685133706507 1.1660292469698388
0.9991759893099867 1.074255316658339
1.0858614077569053 1.1184130678546418
0.27351046301648985 0.5707461773272193
0.2270779257950956 0.5079300886249554
0.23374670247125826 0.3094748331284444
0.22021696564564477 0.5204693243515665
0.17983306741016286 0.3077978191304695
0.22469404062079262 0.2486504489037091
0.26608328641248563 0.1492725135800183
0.28659123653378193 0.49953803981726325
0.3337870533615553 0.4593717783324263
1.022277126122818 0.5341886883989948
0.23777572806639094 0.11214625874397845
0.8608078310151106 0.912039832856784
1.3009196049166007 0.6966137521391109
0.29264130487652856 0.6436268816017714
0.24979016310657154 0.45679332641304277
0.1866046658598009 0.24402871441779694
0.17547452690387838 0.1700419340571297
0.24759932919033642 0.1104341704578643
0.4541082987998274 0.8062014338397934
1.0431084600994778 0.8347826346685628
0.4347014634494872 0.8292456541477481
0.6326511349528489 0.8063289466916066
1.2152251315976468 0.8347969980120101
1.6883386566056822 1.0026438155803103
0.7851026453729213 0.8165722159842221
1.8585632213962004 0.9773282838837558
0.1329731258800367 0.32328502452958136
0.14519365899070635 0.29812863789346894
0.19677023803279142 0.2237177088859628
0.14191000925050598 0.2968137960245674
0.14255999428842453 0.21266261325280178
0.2128112076631012 0.17060227231874087
0.18269193616603793 0.30329569571434134
0.3360919780753059 0.2731124114572394
0.22213459045304965 0.11041455350282373
0.8706743193265754 0.5355370863236268
0.22029106091587103 0.3580837193291543
0.2741839554236549 0.34261506799662544
0.17798817681359874 0.17031510217866289
0.4489583726294492 0.5878505716539424
1.1432676287128651 0.587580080775705
0.11100442266036598 0.2462092665820949
0.1480628160244714 0.2045495257175175
0.36585604821490414 0.2717148772984609
0.1313977339314795 0.2163332807708619
0.1830866592751119 0.15448352604452992
0.2422866181334704 0.21067785215409715
1.6261434375126884 0.3673235304003518
0.21317041777372922 0.29735455133432115
0.30818711788955744 0.2559527757642014
0.25367015233105983 0.11312158789709284
0.10572749150514729 0.1830232574595589
0.13558113288310644 0.1477569011655571
0.6489494284730817 0.1807575670191911
0.13284920530107236 0.14598500064871944
0.1886558260512794 0.10152723304416467
0.7885861137329317 0.17072261939527958
0.4030811780207174 0.2714429740846803
0.14373592786555167 0.1378091491813685
0.19231602310671203 0.09388545127636941
0.2026791238358501 0.08535685396181575
0.7913201888146476 0.18854668666931867
28.82646287722998 0.07827224745935273
0.5088863853524769 1.176785355677672
0.4587017002577737 1.077607057503692
0.8705583340075304 1.0429653775999688
1.1582687022049392 0.7305936651476459
0.5701471060536527 1.2892013099452646
0.6346458931309071 0.9436044151553218
0.9794484856612269 0.958559482141556
1.6580187913296331 1.026098892394118
0.8925989668111116 1.5233211918245613
1.72157934938244 1.5131848991659536
0.7230779777112609 1.55113631003822
0.6540738535422739 0.8033042643661363
0.6070449741987985 0.777472436325894
1.2689759309748547 1.7922617411025934
1.9082061226120488 1.865766161590098
0.44699265758123147 0.7314085277431575
0.48701482868220297 0.7827547648514257
0.32703878555545085 0.5718975218915275
0.43797291700637864 0.4946056695659108
0.4509710902990689 0.5299213911073115
1.0172412966030078 0.5151855759788524
0.5334268330882845 0.34344823670969327
1.276795802320431 0.28814234506757935
0.5897365238004013 1.141229282169915
0.7143227621353979 1.0790882175584684
0.9041609719304803 1.1029165047936205
0.5976074622116826 1.1346657932779833
1.3828542817875251 1.239450951857919
1.3895172674234453 1.5761962067965498
0.7270322741921246 1.096427496205454
1.1619369921919795 1.0933257874741715
52467.09111972063 1.8483571350816135
0.292951906288034 0.518251441667646
0.2708955250718167 0.4429470890301711
0.18052257794426907 0.2877596904688646
0.12299962777692092 0.18229390203727996
0.16540129661301517 0.1535233918333046
269.74902129585354 0.0789038586037269
0.4350709538230797 0.7825887216636989
0.3198123304580373 0.5318897515144188
0.17598717511584655 0.30079780771216086
0.21322086214288588 0.22478304447942735
0.19944455869724448 0.17984906035981296
0.23113251695632034 0.0849780274826649
0.4936944263034033 1.0728285889879718
0.7204570287918539 0.8802468338453154
1.185362277151967 0.9621572658241041
0.7381533772111195 0.9677832775776478
1.263621906995085 0.8630148189429468
0.4878609211691738 1.1821737342022343
0.4898697379556964 0.9775198025728117
0.23260876134370573 0.3080957680975121
0.6491707626091151 0.7421381936040528
0.6575428863410937 1.1390571237892781
1.6941964273848276 1.4103898183115233
0.5535853967720213 1.0674397739091426
0.8041048770611665 1.0665902741879116
0.9544537314937258 1.1096250206603333
1.2601034615025362 1.2267890727428505
1.901231593023612 1.4898782415928715
0.8087253412861333 1.077664363093577
1.014635061229668 1.0886370023305985
1.0981799568523587 1.0625125247254026
0.2868149604715685 0.5942851119394014
0.23016554408525106 0.522973214711074
0.3984692507483767 0.573478516648537
0.229202278213157 0.48757642459876127
0.1799315274971476 0.30765867768225547
0.232724093851171 0.23211546882888412
0.6033898317909416 0.30089307971143364
0.29782164454126836 0.5031486733145942
0.340460326627784 0.4801645575982003
0.23842410895277943 0.11295252490928008
1.0076267597617214 0.7780448680175988
1.518772149782946 0.7440791151079167
0.29350517725919145 0.6341271373493478
0.25424583754288244 0.4519793529237257
0.19256488565322274 0.2501916085448187
0.17574575223948216 0.16949236583087463
0.24774110312498043 0.11043392060994206
0.4758631320618497 0.7965072257022459
0.4493613131574385 0.8422672224126744
0.668351933936386 0.8521504182718564
0.8019334869986319 0.8049324679278712
0.13329754432253177 0.32315797884709474
0.14556092010366087 0.3029642821718036
0.19752610312162067 0.22339890839196463
0.14260129496454363 0.2978912436373243
0.18875130418720515 0.2575370658072646
0.21282028130147923 0.17043122310974337
0.18271664285062555 0.30332221747122334
0.3467744497653171 0.27930411222787394
0.22235209820958377 0.10491059028159985
0.9572045509760663 0.5074641824699806
0.22277569144775222 0.3695223997933039
0.2950191342792058 0.3570119244187048
0.17940326304808918 0.17221979271226537
0.5996274801946777 0.5935213385192242
1.1751774912031414 0.5816786242577288
0.11359346664976384 0.2468977010606876
0.15169596008665243 0.2036302554901523
0.3687677087439585 0.2736040333848846
0.13352317435614708 0.21709512675789622
0.18427500244658013 0.15466542144737128
0.300037830425961 0.23829105313020404
0.22652054500226235 0.301900068017653
0.34144290699206525 0.26923899089701553
0.3180555010363398 0.11369989787701623
0.10586834341457708 0.18266656659153183
0.1392732701719059 0.14854582275296313
0.7034539076143052 0.1849120935438655
0.13355363184730015 0.14665292757741727
0.21641539610271943 0.11719661513564802
0.925899601637162 0.19784122365516238
0.4639842888397747 0.30728021415003903
0.14453554728189685 0.13758886516974164
0.19697016152061284 0.09647552045436276
0.20562171720057176 0.08789652951321592
42.61431578045922 0.07826741953700078
0.5340185157298395 1.1837904762063105
0.5687769490866174 1.09927526294553
0.8846326421174227 1.1467200085523364
0.6035559857836157 1.2799069611278315
0.6445452652397778 0.9282269314370606
1.0923716405418076 0.9585594821415557
0.9662342595390961 1.5251802183897125
0.7295758839695905 1.5505873594947261
0.6883407256709486 0.8005535364450709
0.7307899025114631 0.8133070607443995
1.4621342019959935 1.5689678327977548
0.4473804427531941 0.7320552350948375
0.4872331602529151 0.7829423457694136
0.3751271363492018 0.5572263005330992
0.482196657945976 0.5488546941852801
0.51222574429976 0.5595949239911622
0.534654082447942 0.34351773960484955
1.57063110292338 0.3036955085180777
0.6067075283973723 1.1322327224471402
0.7246666164647193 1.1113082491856994
0.9891500900166637 1.063893236444125
0.6621674124521361 1.1541527711366513
1.7593127377952047 1.4006625077299424
0.7623684581563086 1.0989963059251437
1.220617003651863 1.1278972650862955
53892.16701081276 1.019014223493655
0.3212613994082466 0.5180382416747027
0.2709854135470807 0.4416972495450641
0.18354995174423613 0.2672501821299413
0.125928381438771 0.1982858854538253
0.256687499945745 0.1971139835049407
279.479282146385 0.07892620596109096
0.4353179225894339 0.7842027706164186
0.32188974226132516 0.5559653356581002
0.17915073857534963 0.3077516815022266
0.21654440283357457 0.20333773812156408
1.6619503115086602 0.89639100605775
0.23141079305686693 0.08755682550404978
0.5125652939545787 0.9626785099257361
1.4216635360314003 1.483539759068894
1.2062437667370343 0.9946411645580442
0.7395664401088746 1.0327852687246402
1.3079917084081454 0.9813659985345844
0.4883345912819038 1.1453823232146398
0.5019479749744682 0.8796007992164071
0.23825419395117106 0.31792481988717247
0.7532264451660562 0.8806809250971277
0.6615919368887576 1.1599207031830492
2.9642838354508116 2.439118457563792
0.5582152969231883 1.0751416675872876
0.8250221360700066 0.9078997647413074
0.9687521911350532 1.1350825230797388
0.8272289598383773 1.0765950439095535
1.0152580489571834 1.0887996392531911
1.1399317730266036 1.0906111063202273
0.2950093604366945 0.5707277578037896
0.2314570903118477 0.4234992330359296
0.41528176098799274 0.5776926404139396
0.23679633835122527 0.47409548885055935
0.18406515832280557 0.2961193803347027
0.3011057862948813 0.502484952365359
0.3569694741802054 0.4804472129008461
0.23887851419250905 0.11324213259682962
1.2160237192772803 0.7701062506755085
1.7266753293834896 0.9419239017536006
0.29406169094331785 0.6531567537361622
0.5024373604542653 0.6959405613266255
0.20759905783960092 0.25487525424753127
0.17852696419242034 0.17165268454381555
0.24787665955876148 0.11062172707530621
0.48185274320146654 0.7720544556406905
0.46550279437209585 0.8364849573357473
0.7897878940631884 0.8064149589823231
0.8104171388151384 0.7993579621430003
0.1333787152188222 0.32315096128341353
0.20201871669304217 0.348125451138256
0.2777072059782242 0.2911201065131831
0.1544471802360942 0.2972393681365593
0.3076422789259588 0.2859692291336403
0.2149264439738977 0.1731266320937271
0.19574180542148917 0.3025115813188718
0.9288808578058878 0.2659340298788695
0.22491075639624858 0.11181770602736663
1.5638677163743957 0.7267900999720546
0.22705918886257315 0.36081113509589147
0.1794971164086212 0.1717858911355693
0.7570475493652575 0.6660297225003653
1.3565132512661666 0.6825227043948543
0.11397258010485521 0.24690825057710536
0.15844083834004496 0.20171013015529193
0.3716745894253479 0.27322722558270973
0.13437762454026192 0.21590243635481404
0.18700074950525902 0.15316303735483816
0.34187007639920286 0.26142999573127434
0.38142906809701915 0.3155902518220967
0.3257159896259863 0.11019336048395967
0.11563139663867716 0.18679436701750926
0.14410544323196528 0.14551706507597806
0.8863581265971763 0.1829466487458128
0.13955346603227461 0.15276075134975312
0.6027755810547892 0.21312033949450587
0.14473563040259604 0.13743218231903148
0.1976054933288725 0.09588138020613143
0.2069707508179932 0.09700490184025592
48.81985352785948 0.0783629134149022
0.5344215147556732 1.1839165173600055
0.6073524568865478 1.1131595161549745
0.9219533566675954 0.8996100521667618
0.6185241821428721 1.2666880960776465
0.7408816257388922 0.9394616779995799
1.1056708228989636 0.9565358580785479
1.0116499928221567 1.5415776733925657
0.771299309818337 1.546492170734569
0.8184782896950213 0.7333073893562467
1.644731559916035 1.8363485177506251
0.4474487644616135 0.7319671528657028
0.5173263409271641 0.7848511837172634
0.3894343683498235 0.5665169204404583
0.6703819314826648 0.47773764216623393
0.5409592149370613 0.30983331273175924
0.61711579694632 1.1909803698170804
0.8239296858118925 1.0844142518025954
1.3270223247053816 1.0902182981173438
0.6991915080698048 1.1342691128729996
2.105450646051617 1.3468929392120033
0.8332763875986091 1.0844520880767812
1.2519362697757404 1.1754168316457068
0.45326414622322764 0.8281012982889893
0.27177099028889007 0.37334615828021295
0.18464589799440145 0.3212423424058022
0.1312696394622903 0.1816643679125038
289.42430567989817 0.07894968775975619
0.4427981901439681 0.7671313625408452
0.32260552200969866 0.5556681162388377
0.5552423678356995 0.6537010368152687
0.2170320268038637 0.23394452131984425
0.23165743511930723 0.08768469599734466
0.5319341894982 1.0392866704096806
1.2608619548650557 0.9014054879794681
0.8488627813129402 1.0127580571851031
1.421573789816287 0.9638294816373145
0.4906713664090754 1.1450999738673924
0.5400415110869827 0.9717885387211626
0.6879288962135215 1.1870916512027399
0.6318606226968082 1.072918560871283
0.9688732293890993 1.1350675958022813
1.0286855658732352 1.0767683876485106
1.0192456714633862 1.0429584537078003
1.1707127118573948 1.1156980142706936
0.34295330771882604 0.5308641739368132
0.23159022241500768 0.4230769615519493
0.2394163211629819 0.4453644785238478
0.18531604540817365 0.29143555945403266
0.3085789669117246 0.5230082303678149
0.361608695529738 0.45604244687496015
0.23895382333527498 0.11331485578277771
0.29439029217302015 0.654272018823011
0.668283477694732 0.8613496139107886
0.704468869674987 0.6885423997582091
0.19692369910218044 0.18293973711662598
0.2479008327512946 0.11061860965081088
0.5430387864051316 0.7053375130283326
0.4926637070265343 0.8439032669577691
0.9380349334437774 0.798200349488349
0.8302936748186162 0.8020625144935751
0.13430797352780235 0.3231164523898921
0.4036925767214967 0.51018591653311
0.29186890146335676 0.3002465930950265
0.2638539167533669 0.3553297451013989
0.2151660022456405 0.18206661711938016
0.20388908873724218 0.2833197947268219
0.24842534730533375 0.12518103073409398
0.23469136294261955 0.357345576232989
0.18156371687098405 0.17397469228607498
0.7968040896398478 0.651777901262511
1.663623506747048 0.8804244859054005
0.13383216576510562 0.2464817025317351
0.1589290700301445 0.19101276784735427
0.5164975045606637 0.20825730243386467
0.1387682725184644 0.2076933324387774
0.18725537905969755 0.15554961556836985
0.5057201395831448 0.2677222229843159
0.3267566474582051 0.1095522827038243
0.11669296682257711 0.17480151771303237
0.15489453694959288 0.1468080308917919
0.8876489175190603 0.1739449769937244
0.15160415200344882 0.1475783713935164
0.14479677524847873 0.13757764086231017
0.19806466271146023 0.09623488666929184
0.20705445693073155 0.09901018591324989
49.10821316412216 0.0783629134999561
0.5590211252678248 1.216551120507231
0.6116033337193036 1.1116264120363952
0.6406712306835829 1.3242549838443318
0.7898336303676483 1.0230847750611176
1.1062878932261522 0.9564665979446167
1.050280763971272 1.5648071463901865
0.7804430364017139 1.5462189657992558
0.8520936907348515 0.7196766884428378
0.4483936179733574 0.7339989095735422
0.5248509512853251 0.7281563705455439
0.4450414071177724 0.4860117310957594
0.7300865590433543 0.485933389975738
0.5509488313426192 0.30404887874341174
0.6529912588954776 1.1283440223841663
0.8261330677014279 1.0829788936643603
0.8523577148012298 1.2427903872201338
0.8387378766391915 1.0818044665805644
1.2689966438631832 1.134316325599107
1.3354148416185907 1.0149632981557235
0.22017328485461135 0.27083048127354975
0.5127424119142665 0.26778974712944054
0.5538774397761281 0.9817496719477949
0.21731172039006957 0.1744163520562026
0.3599743458418341 0.6450426544931548
1.468638021744246 1.1579997307785908
0.2094170716197267 0.18817144646775552
1.0942271218845157 1.2220918508006828
0.16044352049882155 0.13625152720455602
0.29515006392381915 0.650816806069334
1.5521474512540714 2.227241806399421
0.12153778963249809 0.17430418107590506
0.8341532161302274 0.8482443880759776
1.1526788437094688 1.3574462812411685
0.663311406528285 1.2891563467881042
0.7933990948530786 1.147427119361765
1.3237795670319925 1.866364833697237
0.9625468606943058 1.4211620997507146
0.16654014793751673 0.1296202991331364
0.1889271279295126 0.31233454882635425
1.1556566364638883 0.21837595084054076
0.1484193712620636 0.22002334936193432
1.8001065457005674 0.8295355429600406
0.47031756602628205 0.8903244714633048
0.247559346964221 0.10703263291301347
0.9420299447145186 0.1833123212066941
0.13392633902757436 0.2464824989041779
0.49240956027521166 1.160662509434128
0.18160346776101707 0.1357321767112695
0.8362087212619347 0.5876052535023623
0.30103987463735205 0.12332361914343586
