4.343453489723007 3.977918106404737
2.3111554740868203 2.537012270830145
1.600000395130309 1.8968411553254119
1.540655990743544 1.5272200625465202
162265.07887888767 0.9717580235399544
2.8658809711113897 2.9287995428339033
1.724881959028775 1.9770095140921593
1.5365736265672774 1.57917763443287
1.7495709432239424 1.141317042924616
5.347507586864848 4.42803969597453
3.001098648379178 2.9602870798579906
1.8677442276119964 2.0443110422397845
1.5599031140073416 1.6205455717978559
1.7692122409234141 1.1817922901931277
2.6469664057794278 2.7612405996333265
1.8446642951916392 2.034053601582961
1.6052009726553076 1.6398483202453114
1.8147046864513658 1.148543413865395
1.7546185405381984 1.9369548565119312
1.6474129469915166 1.6217463825003098
1.860876937937857 1.1832824403468054
1.7167813958139773 1.5730477338901632
1.8992198312489967 1.2005954281397373
197901.8654808991 1.1239311106071475
2.873150141974737 2.9210228936066778
1.7179800737436568 1.9885236940373572
1.5337016741503917 1.5914562322932215
1.7443134003450262 1.1600494049482664
3.7532262380100754 3.4682345367834753
2.702785576322643 2.7024251253630363
2.7206718554858407 2.296087051557702
3.3747845161651835 3.35300106470235
2.5775355501691832 2.678124729741197
2.632972453835675 2.238683813612783
2.7285467393406053 2.669946036144057
2.727332412378872 2.2226268511109857
3.0498730253458133 2.3174817499940783
5.288246938238911 4.401390160112225
3.5876217778654906 3.3433502410752323
1.8267314427456895 2.0422466504740084
1.5438801663278756 1.6414311654165514
1.7572304779523056 1.179987439654267
2.9837941570139126 3.0182639687058463
2.517844728039114 2.674352724644679
2.578210374387944 2.239233008681383
2.584024504201708 2.6778219142437605
2.661504539081122 2.273792136602389
2.837082674164377 2.2481323314295847
2.519433939538545 2.713146227752594
1.7678089065163556 2.0079929345071004
1.5696860350808017 1.649761833165968
1.777604058372025 1.1637496793279571
2.6263124925003134 2.6129004915301888
2.9693455088670753 2.281440433855094
2.9710225250928675 2.275079000969775
1.6844052036774408 1.939501538323191
1.5978549053996298 1.5786302789455848
1.8050212190035353 1.1813943075110478
1.6590516588226816 1.5718280647252172
1.8340851842973798 1.1899198520736913
187070.56730158546 1.0772989818979952
2.8665498737178985 2.9418108009171036
2.4407827242982005 2.536835816113095
2.753366630204016 2.1814413607982166
3.769514090890638 3.5385535110049764
2.476444331247515 2.688285287550707
2.594415430877242 2.202023301250761
3.5352410997038004 3.3664574027964886
2.552969438418279 2.6816766904490206
2.5980514710501534 2.205951417134192
2.5597877057713103 2.5911452902039747
2.6844259142481275 2.1804230969100105
2.789559615829415 2.1247176495832516
4.143397271846026 3.707008943900602
2.469258592931385 2.67089261361344
2.5868131206071996 2.198039288564659
4.1323123675986055 3.756836454154552
3.742123574086341 3.487047416032673
4.064647816830686 3.6045214415116646
2.927991472420386 2.9820605910648084
2.498780031733021 2.6730301292088314
2.697891587232179 2.184020439583054
3.764348389025776 3.3230976602419036
2.462081110737321 2.5732196067475748
2.71773674002945 2.1224752252492007
2.8787307802390556 2.9452627682734382
2.4500971242211387 2.6364505112164
2.6865037459567676 2.1867845126054437
3.046453478030125 3.1230524522374132
2.486613120285615 2.6620663644048874
2.55567200489925 2.2017350834593366
2.490107292777037 2.617241728406151
2.598070337988761 2.214449920468085
2.6999303806334027 2.149669327808603
2.915440534863423 2.977176944517028
2.487251103617348 2.660709403116379
2.5898749074762106 2.1662820348591927
3.7967637473899405 3.3602504097135357
2.4644993113828653 2.5858686920525242
2.5990782295031707 2.1519486931806187
2.6585493239899405 2.124929487384471
2.4746725440412956 2.7250687288451223
2.4461205388513254 2.5863138366754885
2.698675673705499 2.1941534036319714
2.463104650866544 2.5191821298543946
2.587572912441542 2.1565017491963987
2.652139408368264 2.164496385502147
2.4579349642232375 2.4945110998560267
2.5991438598487315 2.152184900696054
2.654385524450324 2.115240664088006
1.6351388204063908 1.8733851784489919
2.7373514359491504 2.1367509099519157
2.6763311884181773 2.1503022226758075
1.571521563640074 1.5116637316560848
167141.32372327216 0.9972456321895409
2.917994646510942 2.9794069993694965
1.7144716438218035 1.985312054052764
1.5383488522083353 1.604351471826425
1.7420011948517653 1.1571266552627517
3.747081971532813 3.40771255575329
1.9732268906874921 2.1061184817547614
1.5352695828695873 1.6553567393119808
1.7565622774895195 1.209562743872929
4.0442880848380085 3.7559131133824915
2.356915567656802 2.4024636309247525
1.5798498142042765 1.7091173037597538
1.7781989212369664 1.1634671622385002
1.8653512915252706 2.0337888910132027
1.6270025620322 1.674268261807494
1.8293893130653376 1.1797390942183559
1.697391849711356 1.6427520171803642
1.8859595650807175 1.218835930884048
1.9596104024510081 1.2125560559550068
5.9717375684359215 4.779544836224219
3.5920672658225477 3.37249293248819
1.9598228353434881 2.0493199634908708
1.5280184215749681 1.6446205499595754
1.7471866369654345 1.1639451569514754
3.9662352048255602 3.6146918626520863
2.628516805692861 2.7807668125457017
2.627782425929562 2.30895097213705
2.6241497115429375 2.7473226663583863
2.666378683401839 2.266966688127935
3.000346844174304 2.4236040708441893
3.3368179157966242 3.1538181039896522
2.0035557707507152 2.117978134657648
1.5599775679995966 1.7094114870734196
1.7829169778111345 1.2476960265708954
2.719315640572798 2.811668336308946
3.0632513737615827 2.3956126670363305
3.0398004306183983 2.5007319211815098
1.78975450138433 2.0388797259156375
1.5858269499088458 1.6679913993918563
1.7929479821805732 1.1685609445948026
1.640660595911759 1.613385402458011
1.8260540295863135 1.1699353408240465
1.8936249206128157 1.2273516949788752
3.666135666185485 3.428758358165675
2.4806367015606345 2.6628149644151478
2.615556028669214 2.2024325708291723
3.772956861304435 3.504620744451715
2.6098950257137004 2.779535110333841
2.5386029552400005 2.681214169431353
2.8441906520083364 2.5171429273433055
2.7067272544826118 2.18969290133109
3.9082758615828053 3.627666024479902
2.5942759387175105 2.7595556377598687
2.8907704740543627 2.46072935164157
3.781552495058278 3.541009066225346
2.4905936464813765 2.6692960174246534
2.8925996221342603 2.594666731088603
2.6108845263645577 2.1942635797344803
2.8930247349295843 2.858820676071646
2.4722541392948205 2.6826111701131206
2.7580674174839164 2.2411441821762175
2.4859721398000434 2.6629027750350804
2.68446523256342 2.400871803586241
2.6388277899091133 2.1933516779070485
2.4882788794822774 2.6812162682585177
2.594602304473782 2.26948261590935
1.75919523010604 2.0132192008842162
2.639683935207902 2.134956394709964
2.627367642058735 2.1676485322640806
1.5650408099422404 1.5950935878908592
1.7802236041523036 1.147720058222685
5.162856752676207 4.450944634478244
2.9163813199488438 2.9983617055396
1.8244324554303577 1.9947164373285533
1.5382423569133947 1.6450404622371022
1.7508907624237993 1.1790321154289356
2.9613557739266643 3.0118543393364634
2.0810905034266964 2.144497353600948
1.5542006420530967 1.6966667607893329
1.7570830487059692 1.1633038506386282
1.9127344990596316 2.0486536874097956
1.5960309207137304 1.714634485132084
1.7994032434823783 1.1740860251928318
1.6596380049588557 1.6743573542193013
1.8576400233488226 1.1866979407139868
1.9392900143012157 1.2318320456756555
2.9609016827912793 3.0165553833356817
2.027106884829363 2.149007172117881
1.5455265959148532 1.682986901399242
1.7641250474010262 1.188878814489844
2.7956902290819787 2.816030293892246
2.6318743212772002 2.320885303993027
3.0080521370849507 2.539455740050359
1.8683507547967402 2.0979030179983993
1.5769491424806743 1.7178755534182282
1.779606758851913 1.1827552512781943
2.758080948765005 2.2755923416102273
1.6256087509231367 1.6604427537735302
1.8182251245480379 1.1890694862508353
1.888876250030257 1.2277132683103849
3.169150323245707 3.107006353932708
2.459257888123139 2.622697208449911
2.6741022647450943 2.299728562599433
2.469404683411632 2.6591708279339445
2.846276016686202 2.610676584015847
2.6190997133996343 2.175721288025346
2.4726038056724193 2.651707635375553
2.7110071651291947 2.48947702746413
2.5902721522791916 2.272214869301936
1.844866554974203 2.018208182872472
2.8041722034981156 2.4310607364316335
2.6719955319155693 2.2854294375742894
1.5634870865984336 1.6043191059837785
1.7776988632547568 1.1688766222012072
2.41862382005801 2.6107619518659675
1.7508265774541094 2.0033805312729873
1.5535531766530641 1.6463295358219248
1.7595388405730925 1.1642077442604726
1.7819242742104877 2.0192313859964917
1.5584401329956388 1.6622872395552977
1.7769259401253814 1.1804464853352887
1.6280697129018262 1.6811928617148593
1.8143178233696715 1.19308575255209
1.9069917658710065 1.2240389800795872
1.7771104326550857 2.0231776814788414
1.567224494691525 1.6965275914959115
1.7716365561512424 1.1489762006513304
3.151144842122434 2.436194342583201
1.6138896224057946 1.6465349839316485
1.8079683464834329 1.1989975264800952
1.8862167652135944 1.2166434045440546
1.7579347546655428 2.003099488087481
2.9331850606639205 2.2912145888242392
1.56560800525705 1.6535833545603706
1.780223767675679 1.144821616120567
1.6367308260587623 1.8961064001376018
1.5624848154870477 1.6138820942075576
1.7742269471174523 1.1745722136270271
1.6063547506514468 1.6010760850201284
1.7800884242827417 1.1830695465601688
1.8691981508670672 1.2016947154018076
1.6139066575565022 1.6134327079038933
1.7980932762860875 1.1913964756243671
1.8726969082301874 1.2109021325495504
1.5661981935778406 1.5856875032797373
1.7765727691021311 1.1719589448194816
1.586295306374906 1.562843154106225
1.7755715322302215 1.1751038752895604
1.8348269128487276 1.2054103660776971
1.8591838681213066 1.212016463469667
1.7786207353989827 1.175094791149163
168727.37852178686 1.01260007679008
2.0975492054274567 2.0013313257043226
3.955610165537205 3.2014525371642573
1.578251070655895 1.7145769225414187
2.4426310751896754 2.5506006509255768
1.8729925215977388 1.2221781022143967
1.6414802817174037 1.9071733536188007
2.604827204447866 2.1850444231064676
2.5068166041190367 2.73127213921141
2.73448731844075 2.134953656604882
1.88632518717628 1.223530318992152
1.591951443037542 1.6271807944622572
3.6936965534552724 3.4408794709168142
2.7377536475815782 2.7343014880118073
2.6071866098127794 2.631387865063012
1.7989688059238302 1.1855662716161062
2.9168017514515934 2.9108831983777548
1.8284412603199036 1.18549238363471
213780.7200534128 1.132862483649696
1.5480708152857083 1.5546217500786566
1.7943029706833038 2.0285920508041686
1.5886490398688526 1.671940348480426
1.5551144222207425 1.695685506323891
1.7710141376687094 1.2103941608293183
1.633547752124672 1.6704661201965876
2.8595123996431417 2.198452075889751
1.6070889947626341 1.6075532544892337
2.0542172296469574 1.177005809020356
2.6162749271957666 2.1962669321727013
1.7834983479948519 1.1658308877955397
1.7181015113868288 1.988701651070496
1.9556131236723866 1.3130533421464228
2.109743786114542 1.7307046620778546
1.5978124055918765 1.7409798174632671
2.7216822790404853 2.85609187375917
1.662085373599706 1.774790374396286
1.8662319758818045 1.2368620113041815
1.5681181757011244 1.6032151332831774
1.5752612479871697 1.5844343101856402
1.785661376556351 1.1884138553373529
1.5665142379289763 1.584820859166295
3.988493109929362 3.787272659303548
3.223608418102277 2.426337204132417
1.88906238024604 1.2245074318017946
3.629915436657582 3.4084574986548333
2.8721264725614404 2.8183715428844858
2.8447929390992464 2.5178733734924004
3.105559855683703 2.3665170016124026
3.0027980020733462 2.4749343609667074
192379.27692832256 1.1336813950401865
1.8068508628014603 1.7031032263024477
2.709647236827361 2.2648045646169557
1.5356139917567826 1.652480988198086
1.6294535124227294 1.6580514474428472
2.6088028183677867 2.6434207603131004
1.8274621743865778 2.0174946276127206
1.8807321086113382 1.2086370199299417
2.644479036087819 2.796610686007911
1.6087024932354224 1.6887990257615118
1.8993489388065434 1.2030797336374544
1.7925525283257926 2.042820706221252
1.5716370928825674 1.5116414797963682
2.4658990455690346 2.5721191977568534
2.9997363714072414 2.287703283441141
5.364521875919339 4.398989462019053
2.8120349416032573 2.2693050028729953
1.7759343646874344 1.6234377370183009
2.474330022079557 2.578163429261213
1.8098496069642498 1.2021792073615096
2.9338420470976043 2.284450252290241
1.800053597449514 1.7447460197055273
2.8493223154775698 2.869016822798859
1.8295054419901797 1.1784827403405038
1.8845102033166115 1.2580385242762913
1.7773270160873404 2.023935442316647
2.0580783704541727 1.4988126307548642
2.636728190439559 2.225968119623917
2.0889606759284205 2.1619201799106698
2.765384098092933 2.7607566520240527
2.7934790933467673 2.3034030037079773
2.9082800517873455 2.4632308240503153
3.016786633782252 2.9345495888445248
2.674872791957391 2.3304969105005435
3.9463152758534203 3.5782259759460864
1.8454892308768365 2.015359979877663
3.6851841246913026 3.459164528704739
1.801140713698258 1.2225517890887088
1.7595707919841748 1.1516248229475956
2.7593703486432837 2.163696907117392
1.802363422190357 1.1764775362573159
2.934411965658576 2.939458495933681
2.595920699765416 2.759201612139945
2.8728518947800588 2.987505302707617
1.7825174655473788 1.2347836383922703
3.966982655565671 3.6168931122105032
1.7294176490217663 1.9872838142203295
2.005375266871142 1.2815089783354903
1.7849255533798773 1.1656458227617827
1.7612611147312727 1.506823561189547
2.6850164103251606 2.406810955084323
5.540857516873374 4.5859633640998485
2.699407739235401 2.247523114597579
1.7875062347942052 1.1722325322765808
1.9373331442830937 1.425582112394411
2.474016637088983 2.667429606887033
2.7356226517232543 2.197134851377311
1.654818436562349 1.8607896696203214
1.5723103267504135 1.6912842380069226
2.5912084102209696 2.195153317417404
2.979243888115959 3.049363174076463
1.7599493126004444 2.011967708624888
1.6693093986037422 1.5971585873260885
2.4636119196664583 2.5733951373375907
1.8752646299825546 1.242697807265707
2.0362283747558303 2.0928782243950383
2.7521819265384444 2.8928889509374924
2.587636480826977 2.1564947227722255
2.893405882750273 2.3396748076326537
2.6528425714840758 2.141689412060752
1.7785231243120805 1.1774778731343458
2.4881437249033196 2.616141442436927
2.8616295958784934 2.3897918927481268
1.5686144101816124 1.5667974971873797
1.9603587287276567 2.048754402979081
2.9524545796838813 3.0452127948678878
2.7447826869888043 2.2916485947132745
3.8299673172958784 3.464857412281364
179583.1069122512 1.095230815240275
2.004008751360482 1.661130684817916
3.151859319913165 2.4387921855944223
1.8348898892157381 1.1993421690264452
1.847422949373293 2.1131335456472917
1.8728316315296305 2.056588890436328
4.350472865299365 3.8006206202523884
1.8990586789109412 2.0796209377499184
3.1813845332444393 3.1060754106154462
2.7524733802302728 2.5405020620617895
1.6871011420185433 1.837546554805811
2.866590154747652 2.91372804445552
1.8244094215002495 1.2412146358720433
1.848269474407898 2.018256043476597
2.6514893160527584 2.820821140900483
2.3569914666251464 2.4030240489467265
1.6919219018535774 1.7298154109830923
3.0019947208601536 2.3201613818732763
2.4861445212969926 2.6722426671830677
2.3242539379644955 2.570251098160931
2.784404210139617 2.371270144236422
3.4527965605639728 3.204878227351802
4.147711815508664 3.7757261825775217
2.0732153991674958 2.1395154763267947
2.866604259350961 2.2370374676458793
3.019999457843851 3.0642048022353743
3.0227006246568635 2.169866478062985
2.97286530965689 2.999737000368667
2.5668545457913146 2.530679276450397
2.6018988053870995 2.6978143152213727
1.816600614325718 1.2768265557512373
1.7425120275548072 1.7203395802383217
3.0773271491267646 2.352208606496126
2.465512730176869 2.573466885687231
1.853753569094576 1.332648741868016
2.6308022560754885 2.2135486924347565
2.5160835642929253 2.7080400284411863
2.9628900369462308 3.0167330992405104
2.794190294474744 2.799950503708259
1.7803548063443257 1.1837685373900766
2.57980809004942 2.7991854272279975
1.6218360787563344 1.696152872328346
2.6290859067164587 2.752345722481847
2.7709326210409806 2.3172495131532505
5.471660369800824 4.2368850235504745
2.520492501547597 2.6370435963421706
2.846688684528642 2.6109150963791303
4.38488301187495 3.8691193967052273
1.7513519488332103 2.0037811389720352
2.0426774492750677 2.2881942060051315
3.058479698411124 2.461116318285633
2.684369428770302 2.408898664858457
1.628736455051635 1.5635133709905549
178016.04657961812 1.1031739253154713
2.9224354187946626 2.9881444604942518
5.347104973322442 4.437190736852701
1.7812067695752396 1.1443682642654427
1.7693829199575308 1.183961866347782
2.7904759647454496 2.2121169999424914
2.61034489906953 2.7709054781266174
2.7035373546098453 2.673882213989936
2.8267787677978906 2.222556266740824
2.493061091992967 2.661511955024557
167864.9013049943 1.06099724666737
2.8275964988600775 2.211960148474448
4.146935357130751 3.708170430302971
2.5798262227245496 2.2249493999936534
4.420297163276038 3.9046074020200843
3.804543506675729 3.3913219981126894
1.721849588982566 1.998010989523146
