1.4498132622940785 4.160571896376064
0.7162872299412851 3.0389955693614694
0.5745066064634444 1.9781607139911066
0.662458701270111 1.447837747497208
933.2846702180526 0.8923242601220078
0.9260589923536736 3.8565937687802307
0.6172564269205214 2.2311004370768504
0.6392244254623926 1.5332863092733495
1.0052930309817198 0.9294615206875881
1.1511764707263554 5.092905870306031
1.1214139362361224 3.915099868658615
0.8018896306365111 2.1945941718882938
0.6205904868540182 1.5977515382916374
1.0094707700115637 0.9319259867887927
0.7145241997991597 3.0540263526571234
0.6086865569603795 2.269667123309385
0.6258372367112539 1.6056878255014804
1.018633456784499 0.9309125837892768
0.602136391329602 1.991008623122595
0.6529598087203956 1.5420124793128722
1.0349548946172271 0.9493659394812652
0.7073231268229335 1.480655263444543
1.0480049613900662 0.9645261811772644
25531.57100839076 0.9901840471521222
0.8540366438963057 3.7634885446792374
0.6061280892948769 2.2458927755145446
0.6396695779143425 1.5286830092445385
1.0084254047378158 0.9188865037919625
1.786014623168175 5.137568113136075
1.199790161399543 4.060223799015563
0.7009563748183357 2.7661532213677607
0.8850702151673525 3.868191656084849
0.7113329791141514 2.7722075973917324
1.4972967993535669 2.514976755431664
0.8111962904532748 2.6761198356485663
1.1595041314729788 2.0281852935278097
1.1327868956449731 4.989992846290236
0.836144114416367 3.7118565379822206
0.7400136455652797 2.6210826161156855
0.6215474728800489 1.587287343892389
1.0051622930273558 0.9330602670463709
0.8786791265604088 3.8623692416382998
0.7425452615112295 2.750026646463642
1.5405963481465392 2.551501349047519
0.7484507009131757 2.717310094648684
1.2194428114650777 2.093811534796581
0.7052752746960084 3.00914413593973
0.5939321694066553 2.214245850891927
0.6272586211462898 1.5992745155475137
1.0092659122879204 0.959698023399139
0.8887043450357124 2.6103421087699754
1.522925162154082 2.40559750089494
1.4686745976947362 2.3779772680528355
0.5810934754013786 1.992335413047896
0.641399500503567 1.5260840442601253
1.0156010042437091 0.9632309249395974
0.7109932110069813 1.481315305698718
1.0323245344685212 0.9590697293137285
25142.72141436445 0.9857331432575781
0.8781645677238095 3.839212039735361
0.8040282199280592 2.699269747514738
1.4046974620746018 2.1261349267288807
1.2114625798289667 4.1072190539376745
0.726174367358406 2.776729378803254
1.6443842347544648 2.1228195365540694
0.9139858152583447 3.8239483357223114
0.7077421898033326 2.7715395714018705
1.195688422067525 2.104119951760908
0.7437935731673843 2.533124697044974
1.1047289086639855 2.102517080467803
1.0170233761295515 1.911468196731848
1.2329346220677344 4.0097702016446135
0.7013521884472546 2.7632785734454224
1.4147676048620386 2.3420577776551488
1.20737935342605 4.033633484433091
1.160307106609841 3.5908219826901817
1.213691674097758 3.4059405009366834
0.9342471932379781 3.7068102036621955
0.7209450270503365 2.7529140225098194
1.065310722440815 2.1861196053796834
1.2758445899713604 3.4621440532402357
1.9122841235088075 2.885317864680731
0.7227212809768575 2.524343653718412
0.9256605899649275 2.0187874184254238
1.9385470550018982 2.9074904259500953
1.0310975043063428 1.904045032293059
0.850758831430972 3.740998710187824
0.7260880432346355 2.6492263644148872
1.3863817500891018 2.323444883078521
0.8988163539756484 3.875974327783423
0.721822957694361 2.76423501104684
1.2521898471655917 2.3086440207868906
0.7027488357208422 2.622854547018407
0.9386796523414169 2.090733980065182
0.953108133862265 1.9712509029572656
1.0358516646017182 3.731811683030995
0.7137937530920972 2.756785970877732
1.0413744445397255 2.173349470442197
1.4671597811811496 3.470577564034973
0.724775485201152 2.6164635836723704
0.9428282157998621 2.120211756258965
2.418829500104909 2.8793306135738095
0.9692415024611983 1.9683480897957164
0.7164465619381577 3.0378491049926075
0.7893329893569118 2.581641573648521
1.221115164746623 1.9723211654415749
0.8111186133314102 2.5680255728002543
1.0388085171282058 2.0780943769477402
1.2291413301199943 2.040568855439797
0.8361489919110405 2.620836828911753
1.5728328830557952 2.393437437730552
1.368722175703599 2.0214500146626766
0.5711284569702505 1.9831962886896006
1.3858036956872364 2.026781769848213
1.2533830217406265 2.0914906043554917
1.4211855510099478 2.1445846368538284
0.6552185230086353 1.440790163313047
353.66032369557064 0.893763474821141
0.8658047709171643 3.768846751981771
0.6094322584794217 2.2484196320816086
0.648296561204196 1.5343338988794222
1.019131743843329 0.9360468367888094
1.8007915509450794 5.09936869305093
1.2476836187823515 4.001613044804212
0.6842667134951942 2.660482841942085
0.6114268566290624 1.6341652710855274
1.0036020767694245 0.9450450607334835
0.8750286085432566 3.8469089068932405
1.135633192662914 2.0557332686202865
0.6277141886524688 1.7069105476386055
1.0132326379532548 0.9163476450913329
0.6121677545301873 2.24795955996861
0.6321975434100869 1.6522191556673884
1.026200676458096 0.9636846469278086
0.6854858002077862 1.5619773968208421
1.0465773414451411 0.947932278753949
1.117897413450685 1.0240875447517126
1.778021367568354 5.140849524343096
1.2520909958569555 3.9592747312454013
1.0045263243749734 2.989836929808817
0.6140362217746939 1.6302462951813597
1.0156730264188285 0.9395705143665116
1.0772791589108741 4.7655743097194545
0.7302078113833023 3.027594922269464
0.9414022235851736 2.1584245197572263
0.7351349230012708 2.804135147229705
1.4855047615142758 2.5665009575253723
1.2064349935771408 2.2071057350508303
0.8859903934889362 3.8130090599894184
0.7245794301208844 2.7267136375978445
0.6254905615740272 1.6969820594684273
1.0124046559388669 0.9429106705421885
0.7375923016089406 2.7942734863498053
1.1308164493553956 2.2476333938719173
1.3821902033513611 2.301330144733889
0.6133170002947953 2.236722275386125
0.6166081241120137 1.634776112795861
1.017978482775474 0.9223367411937479
0.6744953671361799 1.5566796242227756
1.0280745349863611 0.9624372292595005
1.1027118113093952 1.0282573534547739
1.204574834626388 4.041837323169385
0.73854887749893 2.7772691068709223
1.1992913795759317 4.064509865526684
0.7522705383124049 3.0452516473151126
1.4351241717597856 2.367823856900692
0.7221402306541969 2.7855146575028664
1.6421852830035908 2.3341554636579813
0.9478052335001484 2.0304263784116983
1.2463699683865375 3.9439351532636913
0.723075865472473 3.021835864740106
1.4772423498585558 3.6656516886460033
0.7190137564751528 2.7839799444190287
0.9580938103853571 2.038951427655321
0.8521494452369271 3.7489908408757646
0.832528356017144 2.881448394546536
1.336475709550986 2.1942163231055254
0.7233694077409724 2.8074173619151557
1.085334602514799 2.202011313092181
1.2417252069003706 2.073800591777856
0.7166478023384031 2.7643756701271696
1.4598745273716625 2.502480554152841
1.2567650107271575 2.2385391560117087
0.6486180958479201 2.177018223837374
1.3144425139325815 2.1857296104006805
1.6039927212679175 1.9211918661437826
0.6429329472218146 1.5233437962807115
1.0027834075884008 0.9207074582114088
1.1336250260949645 5.08086018489732
0.8826659148727009 3.6486862490576426
0.6493332871261756 2.407520194113225
0.6395031873134087 1.6180963034548346
1.0198921023597045 0.9240325929215246
0.8678300879859407 3.7779506942004324
1.0250151671766388 2.3573066729859615
0.6178186056878593 1.706564558694416
1.0194087489173855 0.938492963103075
0.6559629891388224 2.401752642925858
0.6256952548076055 1.6988762289535058
1.0050687785453876 0.9443918561150337
0.6609381925419338 1.6232712208168147
1.0401352308647072 0.9626114014101506
1.1159653959738625 1.0256899015446825
0.8801849024429758 3.812642967724041
0.7325577935048754 2.751157613920662
0.6030019527116087 1.6808434818422449
1.0288826628383567 0.9245183586739205
0.7810030874676442 2.801660436888154
1.7492971896032707 2.0026444979933538
0.6301147914622902 2.4067973413823363
0.6070562999817548 1.7032848851111295
1.029004125404947 0.940162617788433
1.2990429004898674 2.1930673441085835
0.6705722599376402 1.633861488201059
1.0267437827441377 0.9644754016909928
1.0978616584188767 1.0263782924967024
0.8489553803103529 3.7549864857913713
0.7426369197901999 2.757953683442005
1.026920286245727 2.174869297140839
0.755045648658294 2.8104422683942216
1.5746072937647617 2.627707209417907
1.1917060681602596 2.083494658862433
0.713393225671643 2.770416029262534
1.191639956416395 2.22037388591585
0.8278152597271994 2.1860070473958264
1.5412291832147276 2.2283820954923517
1.2150203835996571 2.177781451417631
1.6011003042758718 2.554021831034282
0.6181669065290742 1.5910075329649622
1.014975133796589 0.9362125091351688
0.713407657753181 2.9969620810253392
0.5949735278848797 2.24071002405584
0.6377895791062452 1.5960647336624112
1.002811518794988 0.957924620701057
0.6025106188731397 2.239700129154928
0.6332160533054867 1.6446149690632053
1.0137078512768762 0.960254435793524
0.704972694090097 1.6270024869706812
1.0459835964553483 0.971927423376553
1.105060513140282 1.0066341404237589
0.6024167446879753 2.2470818535712915
0.6194199946284463 1.6333549719390856
1.0451238244737477 0.9253520202634098
1.527268557611968 2.251034960497371
0.6578542269110323 1.6258275148081465
1.0336457174729006 0.9387864485099118
1.1044836510624945 1.0100267118740938
0.6805405086036855 2.12407097375689
1.4586747936161115 2.1492019800108597
1.3056613433749926 2.18411828333352
0.6192765469102539 1.5878429740905915
1.0335437938682133 0.9314556760813795
0.5822333142570553 1.9797486355950231
0.6474273802791515 1.5374661461323675
0.9978796670006602 0.956521875758836
0.6796521434282061 1.5612447283944564
1.00410897275702 0.9406688941938637
1.0838864072363061 0.9994985683196637
0.6641005216928512 1.5526980988363575
1.0240598963924346 0.959995532899304
1.099679823490379 1.003932106740526
0.6408048337342328 1.5347232895802239
1.0071178698163823 0.927622740096418
0.6662516242589052 1.449364837927068
0.9955248963256799 0.9428075973435716
1.0667033034316094 1.0107616236373362
1.0810432992739634 1.0033125649938417
0.9890095608004243 0.924564407104604
5912.739776799549 0.9133993796541442
1.0420143046768635 0.9627844596334499
1.5114384777428722 2.1706330788350456
1.1427346478313467 2.4818540051588025
1.5764366394167926 3.0238302946401694
0.6866923479379067 2.0755087322489643
1.6407980671505602 2.043375058257734
0.7449054113099296 2.755358103850674
2.0955462380105216 1.9315531583748986
0.8083012648798771 2.8372778605312647
1.6561178868503847 2.4788791131272756
1.1058713938132634 1.0794979673234355
1.0749457442119261 1.0681371700455768
1.311825397655409 2.6837242551549574
1.4670865837282705 4.003994984843558
1.5284652415986792 1.007865580519704
1.448783057069357 2.930910184185137
1.035332810032924 1.9049706115897096
0.6182400065281877 1.6761101881042897
1.1774567059173868 3.9729612201056543
0.9791213596984601 3.0302608831394613
4530.610292911048 0.9112613298321135
1.0848615584088694 1.1278829654425433
0.9368836011441775 2.0394567778223185
1.1054977164081128 1.0076532798228706
1.1455223524393494 2.9609036177989463
0.839723717378313 2.27592110666723
0.7443473279289295 2.7739093833688946
1.5243159322662772 1.2440299364936442
1.2278112826587355 3.12690051439584
1.201685221646621 1.1081076763293405
1.2115921004322696 2.074554708385808
0.7029797526884235 1.6183631843838449
0.965094507254467 2.048257689338355
1.1231426365514752 3.6115583661703914
0.7979363310042622 1.7991916052074455
1.1666440122150938 0.9375096450180681
0.7167826361526808 3.0382626674230355
1.4843306014107545 2.2726650193096116
0.7341298010653434 2.731655542177464
1.4099727738997596 2.1320518251987304
0.729959415809392 1.7106096923052736
1.0466337949357252 0.9662038434941218
1.137754853130899 1.0491760728779462
1.574065018368302 2.473191695917525
0.7527804959307789 2.813268996824906
0.95832926684612 3.9077754722144094
0.9035761495167891 2.0575186632864013
0.9485723034965473 2.0385962774675583
1.30324554788898 1.1403177855396884
0.7447813064898505 2.7773934162853813
0.7970890096323221 2.5062743167764507
1.2066898752141892 2.285822703514418
0.705328768273184 1.6242817452297391
1.7424898985343926 2.1668364043006223
0.9879093603735709 2.971148151039858
0.9891039222100727 0.9249008071516283
1.0681493150304964 2.6928654626616697
1.151854300569271 3.1712679484182162
1.2360159938528494 2.0747407062136545
1.1584765834570616 1.0197173567315652
1.3691106784515457 2.249009166216128
0.8115845695126181 2.688247840104551
0.6690292639419038 1.556587012961335
1.151930519702797 5.091036239864103
0.6224357500727251 1.6443984042394386
1.056975045564608 1.4864400138012641
1.0194534894197855 0.9396343037940237
1.561662735778782 2.385887414152699
1.2160042434188119 4.019808388120393
0.763182654848363 2.66790406165991
1.0252930122610049 0.9674591753037258
1.2730414550773992 4.047412773205501
0.7126517998480597 2.7684259230276305
0.6424989413840385 1.6054518226815184
0.720722660130086 1.4952807800509291
1.087913964647561 2.192386392460942
1.1639298477655402 1.0838978354785642
0.7762653854284585 2.8455579220243585
1.146627196953372 1.162647752863258
1.205091208653399 2.7524225164979153
1.0295873392389958 0.9461557042590988
0.6601318586430297 1.6264383196769534
0.743647306169513 2.7612729930252735
1.2019312678616103 2.1270759333585674
7041.977415834969 0.9190777076286633
0.8545626409380029 3.77225190253837
0.8114663057390327 2.56928065531341
1.3221434674836146 1.3097657817144537
1.0802662947434452 0.9459726548539198
0.8395340784651961 2.8909488953634837
1.4402655655015502 3.7465561552660693
0.6600288504071573 2.425832808927969
1.1587185992895312 3.197693635692939
1.5900594069728466 3.5177292722905027
0.6188749270679048 1.6389878253068118
0.7454537250314511 2.763913000898063
1.422529962097875 2.2336379279876146
0.8032482636440323 2.192438406084293
1.8066791074361752 5.098573894675816
0.7794464439086521 2.718065831696731
0.7094899083422455 2.1560751061390513
0.6122369704924109 2.2350804555589145
1.1808889450803455 4.934961394201777
1.9109928360838009 2.5060803389971733
1.7490222587209598 2.346096002474245
1.3042116552512186 3.968731916318976
1.9821213144243006 3.67016672050327
1.395018022494191 2.275741322164585
0.751003099118526 2.123702945702054
0.7054447104754457 3.004682285342707
1.49473799949679 2.061132489007048
0.8697676120141093 3.7815048311493893
1.3807129627549497 2.741361627967954
1.432513008098726 1.91161600208346
1.0424331082855995 2.114342144822986
1.3640236802724708 3.3235317993743987
1.213185496604852 3.5655362409517535
1.2452329094697443 2.172035436844837
1.4630368393518194 2.5535354962343844
0.7498022053845506 1.5801269413549761
1.5771258971786932 2.149683094608113
0.7514662706971398 1.5091259989480352
1.0485288938436261 0.9467884053668825
1.5256254289042954 3.6331270900659485
0.7381729921185283 2.793519511511513
1.6329341194117413 2.1294486258907996
0.9701057009075271 1.5543655609751619
1.2064418392986829 2.235462219535927
1.2746017016405757 2.5214170452823206
1.2015046113647703 2.2245122921923954
0.8675370002553174 3.795145213572969
1.0809578424065052 2.068602920391138
1.1411863426102868 1.1670477398116208
0.9221967494565755 2.6764520863115617
0.8569092080620332 3.763607068716886
1.0299890583363962 0.9655638597021106
1.7935029358796113 5.045488907246423
1.0321643868625465 0.9501364581570797
1.2406918363892312 1.2233864638806962
0.6276193438603037 1.7041376920131934
0.9875075449343641 1.9655285927620243
1.25924112698733 1.993049572694511
0.6753686802481841 1.9184904606697655
1.0445133234878172 0.9592739643936512
0.8871869883487458 3.812984858232147
1.5249276168835835 2.0286225234998168
1.1634022313504735 1.0818150158121758
1.101795992639482 1.0898458946324792
1.19981015264975 4.070025111264193
0.7149896542040138 2.994347097509527
0.814655764330662 2.6327116124017413
1.337476179137173 3.829571045563558
2.0534925618997297 2.88129285904675
0.9330277740546198 3.924872015896704
1.0374429567996084 1.8182901303809071
1.221560130087905 3.3319499597430653
0.7843499656046575 2.9739042499171937
1.3768125151474528 3.64994925798538
0.63425062202991 1.6949511766510525
2000.9805162595612 0.9008244212847356
1.8724669585744667 5.00070022354384
2.034408649825521 2.428092747061476
0.7299936553697643 2.507224628032774
1.0998815376042006 3.7284380282064618
0.5830377414451805 1.9804939637802603
0.5717359282836987 1.9818701449556835
0.9836159881035831 1.9799181361931855
1.5284581225295737 2.2204962236340595
1.0323740323489123 0.9711112730178428
1.2351892843216992 1.302937674197576
0.7556327142214447 1.5759005659880323
1.2870638086481583 4.5028108052528415
0.9766223455364199 1.7080069754237095
0.8839834722732021 1.634332066966663
1.0108331905173125 0.9433684123256084
1.0060415312099031 0.9256459344032492
1.2712405207050415 2.2050587840910105
1.3490536530609063 1.8363612800999323
0.6302236058796883 2.18848106577249
1.0252463990593912 1.7070298080730204
1.0027126266016517 0.9554427139031876
0.9450187295544289 2.123213784237222
0.6882494182551666 2.6373342683329524
0.7245805663951121 1.5884222562385553
1.0977072682015436 1.0915260515230492
1.3734325193912278 2.074663739415563
1.467068726377493 4.033227036220608
0.6793211621335016 2.1179175994987762
1.3051899342029303 1.0770336303876853
1.4329747873892091 2.4630672363757715
1.084720059857891 0.9938217652100676
1.2360413183785857 2.0477236809035344
1.5579930117207912 2.252953888190113
