3.515830339791993 1.9412198984086422
2.1211763761967397 1.0268794279972768
1.4042102850437899 0.44159654374618806
521.6162861712652 3.1311753410639964E-4
2.481231645252664 1.2852095231270464
1.5030726444597888 0.5360391775523119
1.155731111998639 0.025325570248549856
2.678202826111117 1.3284495665237075
1.5862802005923378 0.6224278812894988
1.6492579095033275 0.1896648653216701
3.5980971529825383 2.004454013514062
2.503855340073688 1.2968838123343747
1.762426770643604 0.7838198125671455
2.15138942559099 1.02241631878632
2.038083399267281 0.875551254806952
1.498343361320493 0.5372754154816969
1.2666267144062724 0.07411207266606645
2.936560502541843 1.4698037587002468
1.6434147338558667 0.6785227266272595
1.754131006121764 0.17369259836830925
4.552162874204358 2.459471305187861
2.956284585846582 1.4602310268017304
2.19157395352451 1.0359367680012037
2.6314340241979415 1.4768398413507
2.790916633356051 1.1836970875176733
2.611205594798007 1.2887887312832949
1.5683206973346835 0.6138219627229602
1.8600963381297484 0.3136806831693323
2.883792242392282 1.4677376672464222
1.7612773108919284 0.8400918946446521
2.631297902405765 1.335137369107625
2.231736603439941 1.1149915067177785
2.799748343384758 1.2329256122686205
3.4141406729693173 1.9554696005715786
2.380468785272731 1.2336249228053022
1.784163255174729 0.8342822361474395
2.386103775898739 1.1923393088710725
1.979428925411447 0.9644200095424088
2.2944954005021714 1.0716087721467933
2.0400483325344725 1.0098935060494474
2.0951013159004557 0.9392141160239084
2.195621831069963 0.9979006343729169
2.4657131267863264 1.2114967470087286
1.9595514615971148 0.6738200738570592
1.64918460142645 0.6814927051928287
1.6966094730753998 0.10063650568223448
1.7921790206759327 0.7348584396435711
1.4776291969905746 0.11624548188474791
1.6514280388380849 0.6379043241715369
2.023869561870839 0.3565681981902569
1.626380073886308 0.6743845216168327
1.645911279057406 0.6072999992806907
1.578599643514577 0.10911452991528359
1.8307209436519107 0.7122553932725479
1.6736028479176723 0.1671924496583998
3.1491184517415265 1.3377488689062957
1.8265538097270808 0.8320101290249591
2.207460076722245 0.41948053427242227
1.9331080256341668 0.8877984546995188
1.6803724873494919 0.7090669168406885
1.812778259740421 0.27853906242772947
1.7801447569112783 0.7840837488253092
2.1774033205146703 0.4717343842755976
1.8133784792151955 0.88828042133772
2.696947853593388 1.3882864467397986
1.6387461942275696 0.7489415341025767
1.7195123563806316 0.8112562150271995
1.8350683768768004 0.8147692556110844
1.6269915046685353 0.6671743961000696
1.779679724092909 0.6620066344600023
1.8016928582546594 0.2347249212999774
1.9111634096598014 0.47547019360835385
1.3574707339196372 0.1450649721195791
1.6370318304552578 0.5515427424741648
1.7013382005225437 0.3138801540999627
1.839161329118686 0.5653499584493997
1.506430077900879 0.17019202904021896
2.12030130200018 0.3942054877808477
1.5653552781585027 0.20176157631068736
1.72880089029004 0.6723567742226344
1.902092341279317 0.3779740508468169
1.7184715065678748 0.5874873856397821
1.7873882916456696 0.3128401763265292
1.698662536551037 0.625572752784071
2.024099447780508 0.44193979301497766
2.3157309518870917 0.5729315329684826
1.5436320648050457 0.6195528808039992
1.605732126980909 0.5912702856493519
1.7383313898441553 0.2524731640736157
2.095639322981932 0.34264804473760574
1.3211707357775782 0.12994341506291812
1.7540654432855591 0.4616967673112784
1.2171483354387445 0.10538702353812651
1.4777709818733389 0.22696702831332086
2.0349226062474113 0.35817942563225996
1.3336449430237054 0.13069386107934436
1.8835062305562948 0.35317241310577996
1.4116554247598376 0.19361636567434531
1.6386362208672112 0.2901031428729651
1.5946870849143338 0.4828541155898543
1.6973209860139558 0.3097927829700778
1.811159054245401 0.3618825174512409
2.0604475390563373 0.4963550006142348
1.2628688095524165 0.11012680724286647
2.0530392013131795 0.39655346193827967
1.0291976580641604 0.020384057266662294
1.149500516285385 0.08050957632559166
1.5313862857002043 0.47402149242075164
1.2630651834568618 0.12441942349573763
1.3359535422817475 0.16031106542152845
1.5829717599815432 0.27064079941205976
1.49642707581561 0.30474644412850704
1.031304026001789 0.022473279712553453
1.0075156495089963 0.016723448744490423
1.229667949596662 0.11344101573845267
199.23543969393813 4.8548169180580243E-4
1.8632442771532414 0.7507085025124156
1.6561285765407852 0.6914760187458888
1.862342032529567 0.16654087227800782
2.994263668593607 1.3940193257761844
1.9715875541876149 0.9440963953913295
2.7247011056230184 1.5850112511504952
1.6594142492813324 0.5988642195987135
1.7932450732506733 0.20283740536405148
3.595083499951249 1.6202120016154151
1.94343203801122 0.9567497669646452
3.1383811631402905 1.7826986789417827
3.14355398811875 1.4615645009824767
2.9002292868311423 1.554323132237529
2.3500790473593414 1.1061666266654122
3.022272512172184 1.7519143456859754
3.112132026340882 1.5023137284793546
2.9377208055177615 1.7649374883640512
1.6531536653744734 0.7042137850960171
2.041035613889798 0.3597972587743944
1.8919749706604756 0.6522426592444832
1.8013914059058216 0.22090169384049438
3.3536605089012754 1.5188734646638178
1.8976988210060823 0.9243903272143851
2.1106603659928913 0.34747238056763896
2.2885503211489784 0.9930660288226265
1.880648595621766 0.6490886824163785
1.5163679608404237 0.17699810724802706
2.0233914683664946 1.0267026021206067
2.1348913122658018 0.3383584030773004
2.4786874752221157 1.1926104131921424
2.9312358932476594 1.3010325041845667
2.1777275554512987 1.1105898131004723
2.47764124254119 1.2312325145963474
2.608679660852935 1.0608489281460112
1.7214108907840617 0.6961880521926399
1.8040670657370148 0.31180686442263683
1.8742838871530991 0.6926694349490696
1.726546797612234 0.2757300355930695
1.70918588049373 0.7022611883621623
2.107262353784173 0.41678921732090035
1.8028643705067648 0.7559262542950895
1.6212507554215592 0.22037586119938854
1.8025608968421587 0.8108143107430108
2.2864314864563275 0.4644692686795992
1.848148597873279 0.8841884373361046
1.7407176641851492 0.4822288232130747
1.6328132659159635 0.25048526271132404
1.6500866344879923 0.5733598417056717
1.6017569868831731 0.25212459060877607
1.8918582544349256 0.3622288584025633
1.6253807557535853 0.6591380175312651
1.8792154012689155 0.3482830422524945
2.0907488501501894 0.43847869533531997
1.5250041969613135 0.4434899456368282
1.4947486166216044 0.21575337086724042
1.5540161286373508 0.24171597222278582
1.7892987402893377 0.31950751081660095
1.4093589817867678 0.1851674365519565
2.0072635513754418 0.9298464475150063
1.8272060928158016 0.884587565457541
2.7003650913744623 1.2920612504928894
2.2095769226721815 1.1113497203572704
3.0696211597987153 1.3894765694170361
1.7756009550046463 0.8207646005733145
2.984949976189988 1.3557851748505634
2.273127061967882 1.1790360543584495
2.679887813184828 1.492215022476987
2.7430542889638923 1.3176631785667308
3.124901775211275 1.4806949584203928
1.8223374314743936 0.8826449956209921
1.841092007220948 0.8531551849510819
2.1578870932867162 1.0910561158814374
1.9889291086539562 1.0074695106595428
2.278856528928444 1.1792732147284768
2.6786026118274275 1.2962310176085279
1.7099402975493985 0.7356088050067792
2.517716780845296 0.620516396300103
1.7286397702315943 0.774374182250875
2.543493831710067 0.6897133145721658
1.8778615451699692 0.9263004603935504
1.5692953695204142 0.5978036388314962
2.5517901839196746 1.1355720423052915
2.052286994117817 0.9663422841433915
1.9579251208927198 0.959051788940163
2.3799979424603266 1.119588068394425
2.4899295291957193 1.2045751606465531
2.2466609140313425 1.0749567792167551
2.5104698072083576 1.2004753435313331
2.5713603675992944 1.1498479801217354
1.9266743320657815 0.9315917142139475
2.010940839663947 0.987464689992556
2.3124265846154306 1.1123129428752145
1.806606569595406 0.8424943110118477
2.14993983662525 1.009735924479264
2.171399375925085 0.9752448116212529
2.2628851212642704 1.0198989058280694
2.1443130816348255 0.9713644575501608
3.6597303039059295 2.0745044233736514
2.1227911379114395 1.0075756153026418
1.4042341208060196 0.44463943634494124
538.314369158298 5.201055418652678E-4
2.4820096602225226 1.2906982810095928
1.5031276081876106 0.5203412452460079
1.1557487671696565 0.022130277136414793
2.679810716848727 1.3181095133854825
1.586311554406044 0.6223291017662487
1.649370641741191 0.18965626153881748
3.5981663164633533 2.002434344539695
2.515812644258582 1.1899780364481007
1.7647575851530755 0.7743857021763099
2.152100515072022 1.0102934307326938
2.043813455017948 0.8940167127401288
1.4983778138697115 0.5278902010612283
1.2668354639482307 0.07476821463198313
2.9368891787497913 1.468190139915471
1.6436050557294868 0.680281593785028
1.7542841917100973 0.16920474682747028
4.553516688024115 2.461508928342441
2.9563058193592977 1.4602136812337139
2.191753843430695 1.0360938850200516
2.633295517460593 1.472063217331484
2.7917152475160147 1.1776251553172647
2.616353334887731 1.2733213991834933
1.5685128057525146 0.6117200062402987
1.8602969800229823 0.3138791171102524
2.886124466872393 1.4691366406695041
1.7618385996413448 0.8407841252710682
2.6320446920153 1.2803341983217558
2.2317964969762536 1.1162862519217667
2.8701310059771448 1.1685343899952365
3.4195908764913865 1.9214344132390253
2.3818613265791004 1.2225407861629183
1.784194179210566 0.8342801467064814
2.3874500509455956 1.205361427102248
1.979888692807609 0.9627548439694811
2.294548259873868 1.0713004751974164
2.040100776789946 1.0085018899434923
2.095101368740919 0.9390156228677815
2.2044222168684557 1.002126036530869
2.466454823950208 1.2086685434116387
1.9639216384993134 0.6427782221269419
1.649967000020881 0.6773109269747611
1.697088383459385 0.09710443148320591
1.7954494185467436 0.6736222603800421
1.4786647526017918 0.10653746475652724
1.6520011153129492 0.6345046848545022
2.0256556459986355 0.3592210387423277
1.6271735728218122 0.6749078657255303
1.6469450307364746 0.616291813912577
1.5787746228213386 0.10671535507803037
1.8320036515437492 0.7106865875125424
1.6737107607122623 0.16624133107353706
3.1822821208019754 1.4644591128071456
1.8277975727247902 0.8449279318159754
2.2078345622927196 0.41615282234166273
1.9368901662441824 0.8790190001659008
1.6810324963796934 0.7090652121932779
1.8146333405814015 0.26513786641945686
1.7810132684623128 0.782296452359964
2.177538337521071 0.4758372821798985
1.8135334357788457 0.8880731466614249
2.7425667249565686 1.4107445506891372
1.6389164299710266 0.7479203644890079
1.7203484251736914 0.8114504449710946
1.8353616415865242 0.8146160202867639
1.6294482049479655 0.6762322817263546
1.7811280310204505 0.6645567263599383
1.8017924036366182 0.23502711079410754
1.9146982057149677 0.4721577529807005
1.361191624415107 0.12316559804537007
1.647699597028576 0.4789614815419547
1.7013638743904864 0.31364253413278265
1.9031750706849744 0.4441401546019607
1.5067189661654306 0.16930463383229483
2.12326939141344 0.4152732931869221
1.5658493966924034 0.20174680293112923
1.7369894124800311 0.655990003472672
1.902534679119344 0.3683105099178012
1.7238723330361492 0.580988673579998
1.7879648383141413 0.31323686347943575
1.7018771165683904 0.6278901311524042
2.024133261299755 0.44193440598853473
2.3162139057908746 0.5731550919375693
1.5482225478309157 0.6163296815518526
1.612346872630142 0.5378095704943919
1.7388748009990467 0.25143673926170246
2.0997691953966204 0.3463890600802882
1.3226596970738806 0.12903418422981192
1.7570601442879301 0.4321349903127647
1.2186102198274837 0.10259268930044313
1.4786166306803918 0.2273700227151866
2.0393970175766842 0.3357478534094202
1.3355958146005322 0.12813207123301568
1.8903793358781553 0.3448874687052872
1.4122705249215808 0.19395966983655627
1.6387464078823575 0.2909390536843077
1.5950389582019617 0.4811570590948269
1.69762973450307 0.3099683895058619
1.8111612771793295 0.3620325796144179
2.064898752840373 0.4961378007057997
1.263293863507651 0.11043621177172194
1.0315947433066082 0.01928300363626838
1.1497086055810242 0.08065855910731626
1.544086707199579 0.4305914241901233
1.280301691449096 0.14170492843183222
1.3385106587120907 0.15904187207744427
1.583006978726246 0.2706862983027304
1.0313985574549074 0.022395293257032052
1.0081701479556437 0.01666123130446514
1.2296700254159159 0.11344210493966811
541.3732946570751 2.4037162099982144E-4
1.8661999529199282 0.7481382067136426
1.6563674447139434 0.7041710577652165
1.862514692508225 0.1665377771955466
2.9945817126319634 1.4327678104940724
1.9720715645764004 0.9458234231765319
2.7247849189205278 1.5849881591565653
1.661871658453539 0.6024717811674074
1.7933707293774654 0.20295048405836558
3.5978983918332883 1.629566004013882
1.9436649758566285 0.9552206313308936
3.138544129458108 1.782669474152863
3.143607798584834 1.4616101958152197
2.900435939186843 1.5562351005728243
2.3501578644443746 1.1063026095106494
3.0223263685755963 1.7517071303178335
3.1187086743200485 1.5090080804324568
2.9385902549104 1.7654767124632498
1.6536324125219288 0.7056324896821853
2.0442322224318845 0.3767219729276697
1.8923810043988056 0.6544891770557912
1.801748033598404 0.21627428614855115
3.3561473975232987 1.5057475622244143
1.8978008320666424 0.925574118659038
2.110664419965807 0.3474760254443794
2.2889374080061704 0.9960192508659473
1.880841669930176 0.648742231940713
1.5165964923150281 0.17718170769588604
2.023401957950286 1.0266784468500099
2.1353305808649448 0.33612838522461136
2.4790146545967215 1.192552219795468
2.9317591867654986 1.3016532865142394
2.1777921290457414 1.1106855683330847
2.4785566371824657 1.2316308138563157
2.609002249360937 1.0766031836823504
1.722575627402156 0.6941235201352893
1.8068665406210362 0.3123522297211877
1.8897039695042395 0.6690871352774663
1.7266362406764104 0.2734295728070764
1.7096462557699894 0.7170921520773507
2.1074028322860054 0.41852102553452464
1.8029831880432723 0.7586992443746279
1.6215651137221099 0.22510809861934908
1.8029837639555115 0.8080903012301941
2.286907486194397 0.4571429108568263
1.848827497659337 0.8840608914962274
1.796806855082917 0.41815418071265253
1.6331345537433362 0.2506743788981945
1.6516553833260619 0.5705627095925371
1.601902000788355 0.2522466974941693
1.8919079386807751 0.3622265533553665
1.646964403418564 0.5508078857764522
1.8795138165515937 0.34873538433048057
2.0915352457430956 0.4312865880512071
1.7479387112962503 0.42525448475611305
1.4953554515620917 0.21573041027644577
1.5540335810501826 0.24172461602360876
1.78930049320751 0.31952515691454414
1.4094929702525807 0.18518562153658868
2.0073718334381483 0.9299118819660119
1.8280169395538906 0.8853647818471774
2.7009994090474168 1.2792551639472929
2.2100010906796475 1.109869797051301
1.775635299644159 0.8208530137488693
2.9863573823691736 1.3609951759063645
2.2731792253607734 1.1790665034798746
2.684800611823408 1.5078001395851042
2.7431015030715757 1.317685774869009
3.129512114070655 1.4761422291825226
1.8227686624009114 0.8812734531579767
1.8432380271232631 0.8616139165475769
2.1582207763809222 1.0797509571369797
1.991211598550983 1.0090753210630423
2.2792700614954753 1.1769580299148026
2.6788472686499722 1.3158178535365557
1.710188055118212 0.7373829876111399
1.7298640434862904 0.7751627294167673
2.5462878600982277 0.6860551541127854
1.8779124238310734 0.926331775164287
1.570040351215216 0.5915586425820645
2.55433268683659 1.147145301283549
2.0523105751139483 0.9663650458500727
1.9581713114605075 0.9591101495662404
2.3803629212419524 1.119709682960684
2.4905277084605943 1.2037112533726557
2.2480125341256514 1.0714759357161392
2.5152461154388357 1.1898436404582586
1.9266743345660413 0.9315917143423664
2.010967953224443 0.9874217977869082
2.312451662169376 1.108805198034907
1.8066370680315478 0.8425252146751983
2.150083418787246 1.0135399721696512
2.1738388998299945 0.975418296247489
2.263556667302287 1.0202092077397282
2.145082499005064 0.971738479685213
2.0628764514278037 0.16267660825391705
1.716986039759421 0.3237187501794966
1.7029692431454697 0.7070313780085766
2.5411021068603796 0.9725439733385776
1.4133287980409088 0.187116918765639
2.308866983411955 0.4827789559390565
1.8817786931760803 0.3408554383742545
2.024149787070093 0.4419342412622774
2.6903921544471885 0.9247598722789239
1.503432644707884 0.5538404066576588
2.0778087306619772 0.5934883180215165
2.13778295788786 1.0374826863599909
1.7112175735820785 0.7198745894633491
2.1568081791229723 0.33428042946492054
1.817464477160395 0.27998797569397577
2.6602409461770407 0.5414942123434141
1.6384038080325762 0.6726970928425495
1.9330277909127909 0.7631985754330438
1.8122791357725934 0.5411036217084624
2.0121684911971447 0.263248969929372
2.3333987971721504 1.0582754745727045
1.795549143305728 0.2047278277380783
2.2076411047079945 0.980841645531564
1.590278617922051 0.655757815250334
3.696694283307581 1.7127310302849497
4.850019578636248 2.5792348674313943
1.5069980453477867 0.16951982604485377
1.4054693987252644 0.147669391335709
2.1094205981518694 0.5853142479309041
2.5507283970885624 1.2819128409492044
2.2010346735583957 0.8363890270392963
2.175778663800087 0.5036847567773308
1.8149552702565237 0.5136323872572037
1.0340035008974675 0.01865828218575264
1.548839044732948 0.10368314413555382
1.857591229736887 0.9152013020857628
1.66541671324202 0.1976637829914747
2.863713891224765 1.4186262772574985
3.234384854452851 1.5683953314559513
1.9951143661185167 1.007218179854342
2.6362323067050943 1.1535629118883124
