44448.94423934049 1.9625915667350273
0.2772534687058774 0.6026072603081507
0.13446959526267652 0.2808770883727719
0.11047538400174488 0.23827188342340155
0.14587672805409393 0.18983439835293148
0.13454150763602038 0.11906373988356561
175.11311443748593 0.07847184060312407
0.5424628549905967 0.9086351906405346
0.3663830047768526 0.5238243173842894
0.22725009272170946 0.3251512802382501
0.17885738462922574 0.17797348839529537
0.5332307563018439 1.0677545943273798
0.8644425383674066 0.824775762977608
0.9006695820351667 0.9564923883419738
2.1450613973581825 0.9510082739974978
0.7258011079622496 1.0769779070963772
1.1223181347066729 1.078059012234346
1.2854149859569703 1.0775845607725993
0.6406977805762013 1.1928241808815685
0.5742388971495476 0.9601765201103036
1.17471458982156 1.0985177802624904
0.9120984369352299 1.3263953962358492
1.2370675810621843 1.6151413530692849
0.7446814831713262 1.0565441311065102
0.792699237647496 0.9317508752123647
1.3073097007488308 1.0159952819606395
0.9325592029497233 1.2969520977117313
0.7621289560299358 1.1152173934028782
1.0130011001273025 1.0704317358228188
2.0518060512150456 1.0832138666264932
0.5051022414653771 0.8052435829473966
0.26320370434720175 0.3952298808171718
0.21351556063263888 0.24793987255040284
0.2783941007023046 0.5419571184043968
0.16597487011216636 0.3034458896367911
0.2396244646173401 0.21007300138196988
0.2792330779687646 0.2036279463933148
0.24770536280884625 0.10323512119294395
0.42035797894487054 0.69372260191003
0.6541479829718558 0.560210437600949
1.2132901931015285 0.5534598211086732
0.8281382126453911 0.7237963531052205
0.3933109955046122 0.6231413266586998
0.27344922578451136 0.37740245777375864
0.19425234048249237 0.23578426726167745
0.21778743947436227 0.17734625883520982
0.5316789511034725 0.7049580791255106
1.0803691945433316 1.0128041014108091
0.25517614342520467 0.3924689686161428
0.24076329622818748 0.2817901638409556
0.2854313581108937 0.21191529442223636
0.22915373076380569 0.3107325021872039
0.2511692398796611 0.23613616435151308
0.20146688309904648 0.1765890053315555
0.357415329262224 0.35334688507717327
0.8264500550317846 0.5101480020156768
0.2534394226936676 0.10331008146360486
1.0762889324553875 0.6191775388075453
0.2699728271930146 0.4117195997986899
0.22073288660917684 0.23826360520394008
0.24194941204300233 0.1904496852316894
0.563158369736841 0.6136606374924574
1.300256750067148 0.6407427947652425
1.1835249785618833 0.5940371553666612
0.13838174887937754 0.2652984194527242
0.2105105037898221 0.20899203939891658
0.6386464097209675 0.368620254112393
0.14912513802048338 0.23338845081809861
0.23368422958374874 0.20299386661729352
0.560547287661621 0.3633846136682863
0.24661947306725288 0.33137473309166826
0.44855006521715596 0.34052460974900817
0.25228467796302756 0.11100367376375919
1.1299952929420378 0.5616737388906027
0.15179899245502662 0.1936532704849758
0.1794953326609348 0.16588847357481334
0.21821478129354696 0.1782332493681664
0.23255671357794908 0.09342072102265575
0.3531049981534596 0.24795775212953122
0.18608792195249718 0.1578460298670852
0.24738965627818105 0.08844467978332
0.257077930427479 0.10917845593034867
9.787031331657767 0.07822815440797172
0.531132430274229 1.148730742161514
0.5596610497366835 0.8670241199697233
0.6115139165577543 1.0785991166390492
1.331505989480814 1.2370872660035424
0.7388905655714362 1.3176618501170392
0.6144752819769185 0.828853913922794
1.11537369112238 1.704604022963021
1.7635184272154785 1.498576580426261
1.0611235479215437 1.3158475096667253
0.8949820579237426 0.8369777054680588
1.5577490384296566 1.7005046050887884
2.3183135012267067 1.9232918465484052
0.5420985440879598 0.646613319313426
0.4888040763856907 0.615948949224731
1.2468031706445233 1.0021590853540805
0.6706400098730393 0.8182053885888809
1.3641810305413227 1.5182547098173986
0.2287752997176413 0.10291444413504414
0.3740902943002412 0.6617921755064095
0.9845037032682749 0.6943324295913208
0.9880688295185689 0.5896777525603663
0.4893087704578176 0.3622456131560067
1.0953847671737083 0.6182599093922893
0.9213967711295947 0.3484600189071767
0.5975954218412942 1.1402506496853517
0.642007229789348 1.0791165332586146
1.1006634438199558 1.0866645322108597
1.0084463007391342 1.3264142727561399
1.566192538775649 1.0260537286600941
1.3166900791304532 1.3347474842709839
0.9609332007483099 1.3150009496181343
1.0402648427784502 0.8310889725059053
0.7927892070809526 1.0500442457994286
0.9492346162090994 1.026725413184095
0.7748648592957633 1.1102969984550435
1.1135223214153167 1.071143014465809
1.040347019121323 1.1766468158799
1.3403040319365696 1.1526342292741345
44727.31397299894 1.928996572956873
0.3015777018222729 0.48185608383333145
0.13693698257852477 0.28068104399785154
0.11210950521236657 0.2381597150015652
0.14866667424159571 0.1913435582580026
0.16218522564795973 0.14781092166408688
176.9811552512643 0.07847774489791082
0.5527417002779396 0.8994280166338555
0.37501166561316257 0.567594337527003
0.24747218034997054 0.3063621725461326
0.17941625445297693 0.17807343871721548
0.5934728789802001 1.0750824609863425
0.8772925084005593 1.1808728715130892
0.9732147665460975 0.8247236517895611
0.8373577235813019 1.0709192375485295
1.1381385301879163 1.1667968379449463
1.3551093296169017 1.0081638036775535
0.6511097280069982 1.1251398351096946
0.5852910810843124 0.9044723054999662
0.9179457564493554 1.3281136466116321
1.3171759673281933 1.6364180970759992
0.7751618835929242 1.0990472994467853
0.794914709040545 0.9257809661816161
1.4517653782480457 1.0263972850347358
0.9728979969359419 1.3761251934147989
0.8592734768546475 1.1159985504934427
1.1612745278015317 1.0831315909780845
0.5178538385279109 0.8358585767576567
0.27556306832489275 0.42038536576221414
0.21541995662604413 0.24995226313721725
0.2979800509653827 0.5642710467271825
0.167257216986189 0.3061539173878328
0.2597211638624769 0.26536119058013513
1.3769638108368414 0.6802638482214003
0.24958130030023115 0.10625821940978292
0.5431230845209679 0.5558360535599863
0.6930042859241408 0.639074496745107
0.9186884894400812 0.7274938489637148
0.3938682852104325 0.6238224334815851
0.2894081285486297 0.406896582712889
0.2101972969820628 0.17760665706004358
0.5322185262474819 0.7530011582784278
0.27169582313443447 0.36256242334301925
0.2509174566729674 0.34840389009728745
1.3808669841348196 1.156692347359456
0.2626559854202776 0.37665871315164734
0.25423608256364194 0.23301344450613987
0.20382801082096896 0.17828353235239924
0.35800786081039115 0.3533682814284143
0.948092271506138 0.32508319498703564
0.25385730817587104 0.1039315619161132
0.3059534952082796 0.4474089931626995
0.2409573369707609 0.2044256005890637
0.13933322984131635 0.2776902226568981
0.22254626050649223 0.22070323181622148
0.7628485800013012 0.47756030117342735
0.1498316882606844 0.23563555694562438
0.23826340931121176 0.2019907499442641
0.6033698512317037 0.34873583492368226
0.2937763973865698 0.339043348977174
0.584716016898368 0.3736545590559085
0.2532027570153869 0.11192789501166825
1.1710524801738034 0.6749321598909646
0.15821653893438933 0.188160233674841
0.19097920716349975 0.16077855105811936
0.22599643060796187 0.16069156391338096
0.24596674303672622 0.11761082565072786
0.3775375191412045 0.2578143401724903
0.19332784431418434 0.16094947309134502
0.2474725240462934 0.08871748530796948
0.25830047043993776 0.10038367205671787
16.007321682371757 0.07820790917959101
0.5922122950783684 1.2176140922670309
0.5907509599067182 0.8365523495019974
0.6157030856008544 1.0838401603136367
1.493385252492248 1.2544551020575356
0.743397171633978 1.3176756217473304
0.778898369950407 1.1538593326771152
1.142453740993236 1.5495752201501891
1.0618501096031194 1.37141591464359
2.7592730922870037 1.9232165348882804
0.5456305660469826 0.8003272951846424
0.5576193010975887 0.7793440734566334
1.3669779212923814 0.7193310620583941
0.803095964248042 1.0148265908431586
0.22886994207121514 0.10376165479394123
0.45372631928488083 0.6352682914439962
1.022820907483657 0.682861064352864
1.4503337062039123 0.6393893617976039
0.7745181115576023 0.6806917192080997
0.6420760555085571 1.0794094514507107
0.7139411154321954 1.1102888693617508
1.272529666038087 1.10868589583794
1.0605445882787559 1.272400583933917
1.4292404446765925 1.466599174570145
1.1324202044919804 1.3131166080383083
0.798307696929131 1.0487914933063665
1.0932643933159254 1.0335767647811789
0.7961092529214765 1.0789495540838079
1.4901071529665744 1.152715076145061
1.3937459569526633 1.0924875948828365
45090.14451478976 1.9885457517280254
0.3425440270199278 0.4470596460932437
0.14234195720155027 0.29131952895442037
0.5267275613876761 0.6654153290033026
0.15024875576181984 0.191403972021706
0.2953949323341129 0.19564585959350883
181.03235979592154 0.07848755054006595
0.5528347324501972 0.8992549690198154
0.5282389544309792 0.8457360143581762
0.32936102402467105 0.5497980641426007
0.18134914118950726 0.1918763426130353
0.7599247447279363 1.038886190753682
0.9696568700388751 1.0704912868855339
1.2498522760800483 1.1072160965652325
0.8453836151858206 1.02484272968705
1.2097091164204303 1.1033750663102369
1.3612812180545533 1.008164413293849
0.6648552022711803 1.2183427993708276
0.6821672751803479 1.0461254643284033
1.0494868759479734 1.439798366440165
1.330888173349273 1.678899329160866
0.8945571826336232 1.0808345817320788
0.8943411772763632 1.0879094644324416
2.028380797721007 1.079145331342652
1.1307535284806 1.27708052020234
0.9858237990215266 1.1525707559766913
1.98969337712621 1.0831309492072871
0.5315856690889177 0.7887576263601435
0.30353368679740805 0.38318076882604407
0.2186358690585309 0.25424730721686417
0.33680271580541254 0.48850845884127764
0.16883232292590578 0.3104158305755358
1.008146353556609 0.638586717527911
0.2521503349704456 0.10867590670567842
0.545687598193372 0.5660713238183157
0.9273319411744896 0.7007922475699885
0.4009024594202904 0.6393249287697993
0.2105991149911372 0.17615606127068412
0.5508579579859457 0.6877142528685253
0.2949502923173162 0.5042777052855534
0.251833659871583 0.34983022646178585
0.28286079377043594 0.3845167357491387
0.2558536468829177 0.23277518922056722
0.21970117424949165 0.18863733683351963
0.36177629046526516 0.3555929644645845
0.9500713473401446 0.31798863020579693
0.25439567766050086 0.10467152702794295
0.3258779102327926 0.44091654737376773
0.24346857733150035 0.2148606426911127
0.1393395438204044 0.27769582418736616
0.2345660425991212 0.24790498995237648
0.766975763700174 0.3782888770153799
0.15024104065339913 0.23507016388836954
0.2983817324146076 0.23120189861587084
1.0431236634787735 0.29443016758180074
0.30669322597250886 0.340507499858533
0.2532712985137212 0.11192787918850636
1.3783722381046233 0.7476492392350862
0.16437821384176793 0.2008379059578395
0.19098839836069664 0.16077461324519912
0.24508388926390026 0.14736915070362994
0.2508558925856801 0.11999061617136889
0.6669845590708154 0.3919746403116804
0.1969977745623413 0.1621444373435364
0.24782816379421135 0.11174852349760085
0.26159411034513097 0.0979442761387623
40.98600364357327 0.07829651283058538
0.6022880514353444 1.242299149403985
0.593149944258697 0.8439410900547087
0.618158875410214 1.0839271200240395
0.7673469130100194 1.3389195672448095
0.9480882251752689 1.1176727979053611
1.2458754565358434 1.6834195602696342
1.0688487747737143 1.6132016571834469
0.5511468474564968 0.9024363452306288
0.5793446785137549 0.8017160525428657
1.232436665216097 1.3510290996953693
0.2294167427250978 0.10368251400080303
0.4932844462753506 0.6591290634069242
0.9900025445429377 0.5269480589941185
0.6825940470061872 1.240673915881134
0.838222844018778 1.0805143791259821
1.098622356548825 1.2065745587277954
1.5315703901368698 1.5661617713065517
0.8179131268316138 1.0495150222906302
1.1703377571795461 1.0489643952045118
0.8288593966773329 1.0790246095546123
1.5809214599567136 1.0975029387354378
1.4622655286457604 1.092468414796023
45170.78809123958 2.018794488356814
0.34768646880337933 0.707317541831311
0.14528549858421286 0.28842547994647616
0.7089312818830953 0.8450871204603936
0.15893733608992752 0.1937671801403048
185.6467537344717 0.07851790863844715
0.5568557330597182 0.9293581988566301
0.949315307007347 1.058447274190119
0.4106569363199183 0.5322310601987302
0.1820733225716183 0.1865857497165961
0.7670276930647046 1.1093281045271475
1.048518092827407 1.2436586564730647
1.3764527318608555 1.5714684595051214
0.8490056684088017 1.0252385468478886
1.2411193735854678 1.2167428227881594
0.6871993201764937 1.2449876856160227
1.5953376190773927 1.7638945763943699
1.3735906822273773 1.6152741792061618
0.9237771115918961 1.0825394229977847
1.0516265526766566 1.1040546002062985
1.4543208526821396 1.4207605908239977
0.987257272882394 1.0406267922337182
0.30470367327986514 0.5330115057489855
0.4021294550361023 0.44270451037285025
0.33859700414631727 0.48763227949822496
0.17966530707551925 0.3235007246915793
1.0183252804611538 0.6401725906253654
0.2529520922542924 0.1057204624289792
0.5629807610199375 0.5568829245883415
1.5072104324062945 0.969503064820822
0.4135697895836537 0.6447537994941407
0.21143445790244236 0.24757446993919768
0.5848573295760018 0.6507699209043138
0.297177431482732 0.39387087839459145
0.2528037256122319 0.4904752086975981
0.29094557567439994 0.38994558773277377
0.22416343437588726 0.1912561751563445
0.5514749854672857 0.5461174098993317
1.0258929347892853 0.6148782030036843
0.2544148427286967 0.10469023429799802
0.38971505056500366 0.5102204290384582
0.2454348967458934 0.21194051877514267
0.14199941318875764 0.27756546144281663
0.2375591320814034 0.2563983396744256
0.891168372057453 0.5431834065030239
0.17458361173205209 0.24409948590575814
0.32904993165063673 0.20305407468132217
1.1499785740437058 0.39038791040707244
0.5253247209584302 0.34743825945557727
0.2569574287132128 0.11516842942236624
0.17504002343084385 0.19710799035817275
0.20065841324129569 0.15041786266639884
0.25437665131099846 0.15060547749109543
0.25616414382163244 0.1238943800745443
1.1928620126867053 0.34152703196557715
0.198060522215529 0.16267746726682591
0.24953355476597527 0.09083968705046219
0.2944730552778875 0.11889389771813591
41.29821919420559 0.0782970071019541
0.6153553425081337 1.2324782102621419
0.6985344322887675 1.1099594892132376
0.8284935350219544 1.1421599586403302
0.8434736946011839 1.3061763573263383
1.2914343958756693 1.4331266101477549
1.942770032980663 1.686541764410367
1.1626983420401968 1.4180200595668806
0.5649489592801604 0.7848196137168242
0.6858099775872949 0.7858763007911882
0.22977895825736855 0.10416912108736343
0.5730966441192478 0.8066066214067035
1.0061934753016621 0.6894342593916868
0.6826924767385691 1.2414762270311397
0.8760198408736337 1.1218931457904666
1.1739299216214685 1.247577885359824
0.8298298016793073 1.0508082331477615
1.352197396916225 1.0307952667934148
0.8475535671991532 1.0786040153478862
1.6938255762522356 1.2928507699115075
45306.21204594095 1.968522425310669
0.34828052438300544 0.6718983732567627
0.15153375957776372 0.2773100450147219
0.7599991532589545 0.8324629546974759
0.179696974393472 0.21461153825924645
0.6171576870477238 1.1302766232542485
1.4554642379416913 1.6936082120563163
1.0892881990461605 1.0875303689085791
1.3167272664407208 0.6461472116180036
0.7865547736818623 1.0607097611776526
1.35972425985643 1.240122853546184
0.8946478637585784 1.0629780996577476
0.6872724695338304 1.2686353245292192
1.5215152523296056 1.6466452009777999
0.9714378177614967 1.0955572209429993
1.0548179611571114 1.0984800446560543
0.9991438237596844 1.1529117444044206
0.30606455694118617 0.534000310709044
0.49159504712893376 0.5495373682612159
0.3952386575579751 0.6233578988905144
0.2384726694446796 0.27159975306012457
1.0556762957473511 0.8188815367734421
0.25684669933100734 0.10362919332044498
0.595795472168673 0.6136538937458125
0.324819035713577 0.5179870652355045
0.28864504890201037 0.49868318523071165
0.3003083043388003 0.40097363140441467
0.22972379154807654 0.18818335621328838
0.885610155905643 0.6237334774647201
1.0938615086104149 0.6358516553958922
1.2105535014187212 0.16876238139447222
0.5172048494369326 0.499644488279509
0.24644129152834562 0.21070556667505774
0.15071326860193568 0.2768467005794119
0.2520266798577512 0.21401256457365697
0.8924398903404855 0.47781444477198803
0.17510499697471654 0.24462117483145607
1.860966973922256 0.4019176979328591
0.731901219337927 0.5155186066637092
0.3228140642904649 0.11016717322904088
0.177028796604503 0.18228234151339673
0.2082446843366172 0.17005494749661898
0.26555507303561726 0.13161661280709114
0.21561623437068428 0.15899068688937693
0.25531005548073626 0.0972550021354176
0.7924263021191594 0.18988502966131302
13953.306654919303 0.10874193841835726
0.6307428313744766 1.265820940431079
0.7022264426560914 1.109966452629561
1.0554428715916977 1.1660123310745787
0.8444772684231595 1.362545882358367
1.4054859100455455 1.1414031170828216
0.5669550326810691 0.8197778550459128
0.24208928261543197 0.11460009531501153
0.6396925589867415 0.7923470204101857
1.0102712300864618 0.6912439205423018
0.7010952698515256 1.0946799079154936
0.9255952201719786 1.1526434354869113
1.1846272915915013 1.2444526499042383
0.8312618930446545 1.0486192381662098
0.8599661589018595 1.078329205109466
0.9768663225886606 1.1954250497809416
1.5449542636478477 1.639049750523663
1.2708471329873139 1.3604589011566117
0.5978335585398442 0.6136523683387161
0.36912055588739023 0.5130590437745095
0.2686251022800273 0.2880027623611593
0.598995484900497 0.8072175404879856
0.6538028799598925 1.0065365305569929
0.7646281460877369 1.078063532880063
1.0299857943556585 0.7009565267367253
0.7252201563469106 1.2333228782971322
0.31126402072107584 0.34811941773781985
