3.575780156158328 2.0015993066887816
2.1078028281267445 1.0148799775009398
1.3965266561932108 0.44267048614109056
422.49001282846643 0.0011704390743199067
2.4501131582937004 1.2138692564163085
1.497485691524009 0.5308775392567717
1.1554526365212632 0.020359114421224747
4.723603000322257 2.5389912704739985
2.643432353976819 1.3365828603480607
1.5719240274364334 0.6180698176881256
1.6514798495262037 0.19598684053273122
4.57322958991584 2.6765468664145056
2.4526989008481292 1.239502193705548
1.7554331585841454 0.7895385076058332
2.108045400894949 1.028263369716249
2.0287161459755736 0.885746135503485
1.4914043260488705 0.5443045984244619
1.2606441569130424 0.07862652034165352
2.938389775833283 1.5448564716587092
1.6387858486014448 0.6913939802616687
1.755989046957943 0.22878660281590435
2.92384263423237 1.4487007953758941
2.1946892325903615 1.0182336731325141
2.611900494763785 1.4893760434662393
2.7813960592804166 1.1629706367243342
2.6323970824509333 1.3804357357557056
1.5674367156224154 0.6169124146657599
1.8469474873930478 0.306748732177618
2.95764228152349 1.5727370595687902
1.7749514640091801 0.8453793392794472
2.6289119495750164 1.3576641422407096
2.24779886740662 1.115343126320077
2.911397426146876 1.2405018853428242
3.4666025518335606 1.9195478790756737
2.430482920720098 1.200923973763065
1.7893170732139958 0.8265430440730275
2.4468946974901447 1.237164107649802
1.9962417522115494 0.9750094729494511
2.3119231849902726 1.071846171843044
2.0823999826487327 1.0290532177655318
2.106698792160206 0.9461386462592596
2.2096274300740135 0.9864246068977879
2.449993627060098 1.2300215847296299
1.9644805595233343 0.6960525048393003
1.640223918898221 0.6766542012215802
1.6880930999437267 0.10606198087915852
1.728255473215408 0.6720295961207943
1.477792897023538 0.1166988089973841
2.7593270688505935 1.2978025966619058
1.6236929429078013 0.6491641685662408
1.9554608634887798 0.38110376709042065
1.615802169547496 0.681761843704045
1.6303860329600235 0.613183452723983
1.5828636636699518 0.11885994942879441
1.815178134992316 0.7428390061600558
1.6712402261055086 0.16259559245993338
3.397754003819151 1.612140804671151
1.8103139387470886 0.8471197392811145
2.2018136477939003 0.43245501743923054
1.9242048218316474 0.8962451289706126
1.6893061640037659 0.7000552879842881
1.7955311964166354 0.2873998123027732
1.7968780727936904 0.7968757415533084
2.1702269290500196 0.47213680566734706
1.812060863837288 0.8828808338580277
2.517977522192651 1.2363911281808586
1.6579564388777284 0.7421611405058344
1.7278884115037494 0.8206189271471935
1.8403608046603517 0.8243025227287667
1.6269113650666045 0.6736127369168339
1.875322402542666 0.5082888990759244
1.7950354383484837 0.24558310275588968
2.7237365007518397 0.5952165863150916
1.358287165671912 0.13255593758204742
1.6235866730213697 0.5205461481947761
1.7013931839203755 0.3188913155256831
1.8485714382870635 0.6387555003534775
1.520613341658637 0.16906703967809683
1.94316095154916 0.5942942629399912
1.5492083927513294 0.20665498492904333
1.7355511212787422 0.6027094612634543
1.8906933577469083 0.37441005889914386
1.7349898609624106 0.7718853989510311
1.7771911783333232 0.313009910974839
1.7103152415466076 0.6238769391606205
2.0161493894862343 0.444866314568628
2.3417330846978794 0.5518832077234469
1.559595372499424 0.627023389770446
1.5930231771152252 0.5784435881799327
1.7385070958123718 0.26321550068328214
1.89792161845894 0.3527449290731664
1.321294383315351 0.12553977528623572
1.6920861039679211 0.46009043845315695
1.2141113475553618 0.10348855455511441
1.47684125467678 0.23224831566858087
1.773726661092083 0.5274966913954485
1.3212453629398353 0.1454785781000993
1.8125016269247496 0.538190920198432
1.4051174682682728 0.18371351864886515
1.6326984747939757 0.29337536374658735
1.5967073673403127 0.539026821315693
1.6836751160629637 0.3152464693548724
1.79925517403809 0.3654709420243497
1.5998026325501051 0.3965682507047166
1.2589101978973591 0.11180976766500665
1.6213215225722077 0.3904409363795654
1.0195836146871429 0.01854350029447317
1.1469793823994052 0.08516139058826551
1.5430288747025718 0.5059415122582269
1.2495298344625774 0.12286766041090638
1.3263178969300826 0.16355818118454135
1.575789635916335 0.266659863243213
1.4552434334388367 0.369753242336708
1.0315502265893564 0.022196122872602215
1.0028261286513522 0.01555938283384399
1.219975711814385 0.11737171395109813
392.84352933864426 7.921276691618464E-4
2.682242796333457 1.2498747216772863
1.8569001371812983 0.7284031766498396
1.6493164398673203 0.7116850956024667
1.8700270909501997 0.18756828944577036
2.9499235988219192 1.3827990816123628
1.9730320569735227 0.9524486254826985
2.4483821621450543 0.4681499321918108
2.707418804652275 1.5848394337501295
1.6575554573326947 0.5832324854326916
1.8139747015651366 0.3103480094555901
4.246039715570444 1.936958188164474
1.9385186313470553 0.9712911466023951
2.1690330012401984 0.43364278725734295
3.123184081817394 1.7977217529780538
3.15556893631135 1.4857591266638175
2.934018447557066 1.5550895345659081
2.3366566299449865 1.1130956386808082
3.0460477410829725 1.7561899941431516
3.1289340475134235 1.4543012278396026
2.9590501833202048 1.7648726069734142
1.645586949501009 0.708292954914207
2.0457984308750836 0.34013671667714424
1.8598033349879461 0.724849805765112
1.7952114215085047 0.2225110486975088
3.1776546466223894 1.6087668610612926
1.8840469808976232 0.9309305777310856
2.1069851839625624 0.3448618641112116
2.282294920489454 1.0060499268804772
1.8369822398682494 0.7505941785566066
1.513589398110483 0.17694708927553482
3.5733506310855527 1.6725160271292183
2.013184988114927 1.027673493285106
2.1198732883477227 0.36382472970890173
2.4752453510906243 1.2053676840218657
3.0865038259415516 1.5218222466695468
2.1602866265677143 1.103544176507
2.494982740070795 1.2680412261230884
2.6671859301949943 1.1981438350891764
1.7459466164884825 0.594198584967582
1.7966408457704035 0.3048650022212518
1.872241406026396 0.6600331526147574
1.710435060277704 0.2789649721084494
1.693769144607209 0.7135453447176856
2.1009447370121173 0.4174134768962051
1.8092943866724305 0.7484889727951229
1.6084776065751147 0.23209655337088955
1.7967113771513161 0.8170710469840503
2.2740884527631477 0.4794559541847799
1.8392688196497664 0.9012062401392333
1.6801091328742368 0.5597066250200691
1.625089124700728 0.2597988790831835
1.6348218925716596 0.6023109871176785
1.5960333169915164 0.26776229147082775
1.8863515451015256 0.3649196258753577
1.6073956401371488 0.6496559156664347
1.8666755338305787 0.35525261617955517
2.0800382673256332 0.43966542414402104
1.5086129757374593 0.4719981553861913
1.4893151396817093 0.2231888580471837
1.549675449666407 0.256114447295719
1.7794461949904143 0.3257827089247695
1.4056484814193781 0.19427298912577753
2.0153397640269115 0.9384940377453715
1.8239196906908206 0.8802615011810639
2.6912367060072038 1.2757623590259783
2.2175713907763046 1.110237279645342
1.7711702038061294 0.8263204141188991
2.9962673976707266 1.4420931260393324
2.281410052081968 1.177438781254673
2.967732714980632 1.413097910613502
2.706351517601416 1.5033007510940746
2.7418651034600696 1.3188421728362765
3.1307646896770622 1.4797469916874877
1.8215724312652015 0.8844192939428801
1.835704345944158 0.8567082857422149
2.1623895744698753 1.0874198617818014
1.9838497686091594 1.0119768339109243
2.6208712920136668 0.6906477217234187
2.2776672523721544 1.1858725094266445
2.6738305750878864 1.2997477620235611
1.7092840031302514 0.7434860675143657
1.7251442174745937 0.7877914661864287
1.8743876762935103 0.9295511495092752
1.5641609083307477 0.6125649972422746
1.9889697177053454 0.46031058711575484
2.6039844998493353 1.1119444784215498
2.0606272870609423 0.969483587435052
2.56984046401346 1.1564258035287076
1.9648747762851293 0.9569560822105532
2.3939554443221134 1.1265493006562908
2.5085967871084796 1.2394383188682174
2.250803228663445 1.079251571960319
2.51941745072001 1.2013699858708309
1.9367355387905585 0.9362866145875104
2.0213485129824464 0.986500741083528
2.3162901663451056 1.1158877760344543
1.8117241518289846 0.8486888543348188
2.1622824136578975 1.0138752140640204
2.181807370845448 0.9793751939999094
2.2679484004950523 1.0221655671858025
2.5444398667236032 1.1243411598984114
2.1535937245435823 0.9731208339157921
3.576173227452691 2.000785413338421
2.1082405524333345 1.008933787669692
1.3969617987050653 0.4477896136910484
431.44785463488887 0.0011932661365128827
2.453860508828671 1.2255412125065759
1.4980239050114275 0.5378917012413105
1.1559051382709615 0.01973495806124048
2.6440930238038494 1.3451279577065232
1.5720947895212027 0.6174466387484331
1.6523291842967853 0.21243692479084095
2.453680272186022 1.2475977749247615
1.7554362917895447 0.7894435472746391
2.10818895219457 1.0279720749220589
2.0293704300294033 0.886884859696617
1.4939963411917976 0.555709326057136
1.2606608641158479 0.07868741164344673
2.944304182192803 1.539187517954547
1.6393883758482608 0.6795961117334055
1.7561454796627198 0.22878776814782903
2.929405993010576 1.4702197468029636
2.198359555984907 1.0273624896716052
2.6129142290879033 1.4905011926862328
2.781460709580548 1.1630621530614542
2.6324809540236265 1.3824280547691494
1.5674488876358694 0.6168308632642399
1.8470106940302151 0.3080433722507058
2.959132078997283 1.577671588754414
1.7806745524762744 0.8260283709832259
2.6299591588848914 1.3554426953900793
2.2480194330908256 1.1154365382424571
2.9213807749317637 1.2716960400946253
3.5134456194855987 1.9638801374082129
2.4713344553947634 1.2690529724433346
1.7897974284442508 0.8268752610119869
2.4474987034812004 1.2369933586578639
1.997903909434909 0.9769274348135378
2.3131961794270874 1.0751934297828947
2.0840728299406823 1.0317011108666192
2.1067292657405225 0.9461533689002651
2.210963197677516 0.9880463961905636
2.450173617956781 1.221478594595859
1.9646776715661876 0.6865827453227443
1.6407215218182787 0.6746998832626538
1.6881036975637231 0.10616010314266094
1.7306564715739072 0.6620227331135624
1.4782208302596007 0.11709857047029774
3.349079841736966 1.6170187308120862
1.6243002385616876 0.6507747951899158
1.9561684293920845 0.38149788640160803
1.6163517477165554 0.6819837539096166
1.6353908631106289 0.6044748307441121
1.5829512104456325 0.11895709112316122
1.8204761179872992 0.7285029613345044
1.6714884932668912 0.16386640004174435
1.8133675029838114 0.8535406273329599
2.202388793686743 0.43210583697118504
1.9249085426242378 0.8817357829164737
1.6893963140836716 0.7014311906748472
1.7956029405417326 0.2873878612676579
1.798996523041984 0.8032389069953428
2.1707642707907375 0.47240273128173216
1.8121024380745092 0.8829639577935309
2.521241502036073 1.2343194959997301
1.659109765983906 0.7494558213456197
1.728850936559195 0.8214927168024373
1.8405466346046957 0.8195990608752638
1.6306405053145419 0.6879839263270056
1.8991667156241014 0.49672236241967
1.796069991108007 0.2560658555639741
1.358974678502033 0.1330085570849166
1.624101498023806 0.5196518346526456
1.7015771766561558 0.318879576272818
1.85654474800929 0.5155868539630156
1.5206144519464022 0.17042843864321816
1.989061887373698 0.530266930411556
1.5512964916229874 0.2034144497990077
1.7374427011512021 0.6025361440299764
1.8910809592731836 0.3747830020509595
1.7493370224799232 0.8026701557818519
1.7781218748876069 0.3154501943837568
1.7197922936536312 0.6148702039908813
2.016241616440794 0.4446536557087327
2.352241154528249 0.5576838905874636
1.564611864422972 0.6224191224606487
1.5962115114121203 0.5754331761207414
1.7400189185936297 0.2716532587640533
2.0365674054540133 0.40921975107422914
1.3214935541614965 0.1231881960966873
1.7747218452875897 0.3557198644966902
1.2398955089000474 0.11531636177475435
1.4768708902426773 0.23230284621068456
1.8039701929557432 0.49935698709107534
1.3215334411123136 0.14628649612533468
2.0755828795802986 0.3790739518195257
1.405144077583619 0.18367192415950465
1.6337857676576155 0.2948999790012028
1.6062411842011446 0.4772590145834128
1.6841047567194716 0.31476575349778335
1.7998794811995618 0.3683554444917218
1.6109324491904753 0.39249027933111225
1.2626531678973258 0.10525780664348985
1.629365538675938 0.38450104693216725
1.0238087228555275 0.018381470483340285
1.1478620047135653 0.08511471437728875
1.5524116195671178 0.435036163498287
1.25020885750759 0.1236394498612707
1.3263307923991636 0.1635442032510387
1.5760334791581583 0.26703549160921214
1.458703691180671 0.36244816726865137
1.032596331881888 0.022751369178954123
1.0031061597090176 0.015899007629855216
1.2235027685576783 0.11444636031246128
402.68140234351347 8.291944427425253E-4
2.684020550288934 1.2466563632984784
1.8569328415068718 0.7285567015628813
1.657061500623757 0.7327971400019206
1.8718244772352655 0.1901117307989133
2.951380580036968 1.4200671978856227
1.9756997458678387 0.9459882388601287
2.462162250810869 0.47639576565498043
2.707910417662753 1.5853605593485214
1.6619041459367652 0.5749870182298314
1.8155875580018883 0.3111988991209072
1.940435508634597 0.9710754380361087
2.1694723115218544 0.4378296354493517
3.1232049864049847 1.7930500983670212
3.1557019772519386 1.4851296603989446
2.9343158319744846 1.5548627172211371
2.338662210361653 1.1153050775900533
3.046144230858255 1.7561888101679493
3.132314403698942 1.4490077904256258
2.959109630065435 1.7648696654091613
1.6465699864691192 0.7076649846697922
2.0523485138203474 0.34031345996705914
1.8628761244014993 0.7220428353947673
1.796272337346366 0.2234679401435172
3.1781732967590273 1.4247496445342367
1.8840894807025337 0.9319079883365992
2.1073331053073274 0.345097608259087
2.284607871260778 1.0185659771650692
1.8390097544465807 0.7312831021250155
1.514474954827486 0.17752918539782825
3.578859542354336 1.510518492384623
2.0171640623995226 1.0423389687842821
2.1226012421823617 0.3661365130740186
2.4756814088085393 1.2056370954839464
3.0926701547711293 1.5264828501516887
2.1700529127023103 1.119378060893859
2.496083814496171 1.2687111981278032
2.6678662698251845 1.195182374906888
1.7467562814489268 0.5843791939662326
1.7970538077270677 0.31097659984448944
1.877742005893372 0.6947668153498325
1.7108294569272642 0.2808409667123088
1.6939174591346609 0.7202195714690718
2.1010724968825967 0.4174939527689209
1.8100510667129872 0.7441911488691151
1.6108001167992447 0.23663819507298858
1.7969753366650796 0.8230463740212401
2.2747571689410875 0.480384849045541
1.8510812796458422 0.9108231615217803
1.6810200609914796 0.5107517219121924
1.6252689079086582 0.2593294398630081
1.642698345205274 0.5982116433051858
1.5969331902694632 0.2683453421413563
1.8863754664875794 0.36493151144070063
1.6075744947866675 0.6373552188080188
1.866704547431432 0.3552519291209766
2.080045837479047 0.4396700082373715
1.5089541442442669 0.4715412804780298
1.4893692074992142 0.22312548983630787
1.5502696829730747 0.2564080379575516
1.779598333264092 0.3203050109957606
1.406011366876466 0.19497577772425248
2.015395831960972 0.9385232243200029
1.825710421277884 0.8840599035981291
2.6919211300255235 1.2785168475297464
2.217573772773199 1.111708036194723
1.773893463387445 0.8300283894124975
3.00692828065571 1.4475718798927943
2.281966753579172 1.1791565254806518
2.9680364961257983 1.416989100508213
2.7065255284967593 1.5037217022673248
2.7427678075465027 1.3213104976859693
3.1313430014981125 1.4913647531666452
1.8220564914136905 0.8854647748898519
1.836793775722906 0.8567128541701552
2.162968671530444 1.0871708016764066
1.9868204045311069 1.014723904279172
2.2785339694920106 1.190210216615261
2.682715732044714 1.3012052590418786
1.7093280055435218 0.7425094376255533
1.726598638228828 0.7914428261001818
1.874438876877873 0.9287781897494501
1.5651323796698497 0.62099136930112
2.627068678008259 1.0555862564370542
2.0606568899533118 0.9694622236095656
1.9649902036602742 0.9570246762904304
2.3942032791463967 1.1246344320131074
2.509790862366134 1.2268819638472659
2.2510940358216627 1.079490749189084
2.5198505185158524 1.1999704222930037
1.937265156187339 0.9371370578968903
2.0215153857919925 0.9877389867254004
2.317478031134966 1.1157013450453181
1.8118023101576566 0.8487302155486478
2.163529557507646 1.008469554500517
2.1818202744107387 0.9792476735904654
2.267955288774311 1.0218831683758567
2.5449254296240484 1.1256670612409394
2.153603827426872 0.9730905892662721
2.353905681594691 1.0864859979403523
2.296255514181271 1.0313980568245544
2.0399432476329373 0.9968619202497115
1.8339393482423796 0.2775535278804795
3.318803513933232 1.6541933333903407
2.1087416143524234 0.396782289146016
2.976597856940999 1.0993741157454253
2.078407420636494 0.49197209515139667
1.9908111120118588 0.4083604262415843
3.785050883725262 1.7010645696054099
1.6811724577535738 0.5302603374327199
3.342175734316932 1.8052381263577708
1.4150281853637314 0.1811532257913154
2.1433067571384736 0.4586772008027541
2.8531697805956044 1.2020800248452477
1.9560115312585402 0.5751175929493141
2.1000131817251906 1.0005542056831727
1.8912086259534564 0.3659426602062054
2.054659848190261 0.8264013282541149
2.512499251938832 1.2394784045865745
2.6958201219437994 1.0949028636635665
1.5075240473069185 0.2246902196969475
2.6200470782093177 1.4964478532857253
2.004555981468396 0.5199371604022565
1.905373649913285 0.2368470768259918
1.332376380584643 0.13930033143978693
2.122665228733806 0.36617603745885996
1.701332646782495 0.7180800484375236
1.7572582679814068 0.8091233397518806
2.111178194481332 1.04432120972562
1.7328890111350348 0.3307080058086649
2.5254148993997436 1.2961153176834537
