29355.211654024475 0.4288991939977007
0.24745151471719198 0.4279741452943019
0.12951914823120228 0.27002841799895655
0.09254703805910898 0.19302288326220218
0.08691882700078271 0.14805603449412091
0.10733620472712957 0.12023840039907391
1640.4433886831725 0.07965714645181865
0.5641930422092691 0.719131009073588
0.1909229296001601 0.3061015611709264
0.17418247874599352 0.21110273779923114
0.14061310119904488 0.12400072458015327
0.7429415413237939 0.8320348725054277
0.8676502658221278 0.8677326897063451
0.16729928414597436 0.08091867012104331
1.2605614174241322 1.0284869344758583
1.273746308405733 0.8533995031052061
0.6320926960042574 0.699463036139359
0.2416607954148609 0.3117422877488783
0.3485487913949254 0.44666850717788603
2.4403592175166056 1.278437130835842
1.0721106221113046 1.0746063016302474
1.6325508683933645 1.3640160553926939
1.7762192032832136 1.4177393702352408
1.0193015177141422 0.9458779322140212
0.9487941904644364 0.910914525546415
2.2946045750671984 1.193737051203243
3.0422282011716515 1.1390330477595016
1.3754201304287401 1.155804320690824
1.285563895581836 1.0736867275124522
2.4295959071737805 1.247891652549505
0.2069510844618311 0.32221135020607644
0.20144571271983605 0.3173737043474534
0.22298124949690606 0.2515419374944924
0.24273629209299313 0.3119720741604439
0.18529423439976067 0.28605912593415733
0.17637594024955122 0.1925325368548088
0.31294573796285563 0.3190403001583182
0.1937360485668943 0.18293810383946219
0.1853267930661568 0.13925021924728687
0.18175874841030187 0.10522549922660926
0.7264775795423926 0.43734503201761027
0.40848791620407265 0.5570721359419231
0.3986341763207662 0.4421521232227448
0.13307827802376765 0.1748438616246108
0.1667278243301079 0.10936378312822409
0.6133468977102294 0.5797184945254257
0.7716438694065663 0.8013139873372442
1.4030270982615183 0.8808873586429606
0.15400355541355604 0.28563944774969263
0.17166350101750066 0.2253009795313325
0.2131561379692848 0.2975492307347874
0.1618275448627986 0.17826719664632976
0.20842972885810182 0.22101862740393663
0.2064135549222426 0.11436898405636045
0.20969797648467292 0.1045480527178919
0.5452698326550608 0.2832791411377804
0.2746011357044029 0.3929119110393252
0.2475250245428457 0.23981935261255144
0.21571700930138404 0.16524846502988166
0.877344921247165 0.6211244215847564
0.10520522722974134 0.1944102981909972
0.12484574986474836 0.18408457538789624
0.2227875887605141 0.16453157515506286
0.15699108872925205 0.1540581653733549
0.15091784728503377 0.12599556974663909
0.279842104066654 0.20025601045073643
0.18127690652796116 0.1039838817124503
0.8651543965278793 0.4589742163396361
0.2078360865149056 0.2073077190724683
0.15532317033795467 0.14541414330754943
0.13581941412824622 0.12652728888582376
0.1970960408675283 0.08288599961848046
0.8120035402799579 0.3708415826131812
0.1095490895882746 0.1116049945996104
0.16091786919969758 0.08871489842920621
0.16788620522318298 0.09328232622193608
1522.5120781004427 0.07857373854776283
0.8901817233281999 0.9434889060907261
0.8927217190663166 0.9421430063061071
0.9533164938340923 0.8379368108838976
1.1733556487133228 1.1812098772968154
0.8967330488583931 0.8709527149636426
0.7739096775567342 0.6264519160082225
1.8614313672333873 1.4634525974487045
2.9562922340810127 1.4521291468412758
1.5746230751552948 1.3634474922117583
0.8929304812079055 0.8273527678882067
1.0220281080869487 0.7310546382780334
2.1420289816116416 1.6552753921939878
2.4569784606371874 1.6791979711895637
0.6433179317460802 0.7665352645275043
0.38460778778359905 0.44168840247523417
0.9144311052429108 0.4456596333663689
0.5634959742110294 0.4530316573830961
1.0416908320933151 1.0787503814025332
1.0824775511004603 0.9364108742516126
1.6552727674721022 1.056678800544554
1.263427514094682 1.1431606650967676
1.563095747042106 1.0550255530260468
2.0157662744692697 1.207289984605334
1.7167050494542007 1.3609500012922073
2.7803109055299453 1.5243479190090152
1.0218828927026364 0.9848203290293275
1.5029611394286362 0.9831345843038171
2.0601509298726963 1.28242101400466
1.8407516355023197 1.0185488888619696
1.30114416188239 1.0811176127319309
2.357086641596722 1.3386223699071453
1.6135673412432887 1.0552920850510592
1.9332913095451296 1.0886279216203911
59478.41493918491 0.8616247469726656
0.2876617200704158 0.42343067520118066
0.13512753915017756 0.2714667339705134
0.10734031178644922 0.2015930560495709
0.09560727075114375 0.14010029956766895
1861.3389523377475 0.08033448534903265
0.5706462698697418 0.7044679031398766
0.1935812359624848 0.31809627867426227
0.1789594722814084 0.21843168765258666
0.1659162857730737 0.1439840237277408
0.8099972883793618 0.8761341630466948
0.8690171782243921 0.869324897248664
0.17010354200366595 0.0899777944060998
1.2660924101275595 1.044948913400758
1.3717193798039573 0.8311097910311678
0.762879119518221 0.8735740076204643
0.3582054062113475 0.46276771137922496
0.3562882613214368 0.4524960144785842
2.5005224945667655 1.2718333191691058
1.080960995369105 1.0751971882245699
1.6417068591534743 1.3704929975868034
1.8015475298380499 1.4350159896570565
1.0269074553101916 1.036591230201262
0.9635890917539861 0.9108349371608011
1.4335674998237031 1.1768142192737183
1.2861480302720234 1.0739736808175755
0.2125334221071918 0.3207296289309578
0.2024998580957501 0.31964866439184125
0.23995061729377037 0.2706262364565893
0.26860748314660615 0.4076360934605154
0.19714587762514596 0.29133618718042525
0.17888033537153739 0.17769852010230086
0.3135094714306761 0.3186739292282206
0.1945011175517746 0.17133766627667632
0.1978222233490024 0.16365326964719082
0.1818549341309624 0.10557511539240953
0.861639316234021 0.6487842456332498
0.4461105468353933 0.5554786685116047
0.5059752555341291 0.5672999503081957
0.13318041949731899 0.17593462002634658
0.7951416052300613 0.7654337417156145
1.5139792335995095 0.9748615455385075
0.17342922816278028 0.2961449629788154
0.17293441969858697 0.22552044142788102
0.23435438697077604 0.3029415058853972
0.16271258556758839 0.17851955428321595
0.21585558901630214 0.2387871992953554
0.21257596707602422 0.10646766024219112
0.5628815977986033 0.29284343209347863
0.275466601222775 0.4040687724770939
0.5105413993681986 0.4631184059749844
0.2634621469980316 0.17294124521483478
1.0530429813046207 0.7378442893255229
0.11068875439049307 0.189424096714041
0.1629306843306954 0.16538092480278888
0.1640775174191036 0.16840348313131145
0.15328243887576126 0.11646175014195699
0.4227363530658381 0.1960571953556865
0.1813944181325813 0.10384182574749737
1.5065804582497286 0.6383358749188384
0.8889107200361657 0.41018910098333905
0.11009269810337188 0.10960498930147947
0.1673770790554397 0.09483141402105696
0.16947151758457613 0.09336267130365593
1524.4760425309544 0.07864186053099963
0.9361710156414699 0.992938510625073
0.9700132319026962 0.987160958250381
1.0007901276895899 0.8070117621604058
1.1755030912848516 1.1711157372105947
0.9154238170978273 0.8597404300605449
0.9081856808116877 0.7651501895345507
1.8796330639946919 1.4743390188875694
3.4156486215838653 1.6176091884366723
1.6310922554154121 1.4285692115394752
0.8962203096222379 0.8587214621248773
2.476385620767376 1.6562871536837096
0.6629337260557677 0.7654290480615026
0.4763888197964202 0.5271706766792339
0.5636148220364362 0.4531951545689864
1.0504021638617662 1.083672122719448
1.1242790583314408 0.9587078303499
1.687568140494486 1.01454586934502
1.375246195433462 1.188287588738432
1.7701991764760896 1.1144963021635415
2.0176353572942998 1.2086405794335908
2.0477188269769524 1.5223422688706205
3.1029747527237426 1.6732693844710733
1.2808825625569336 1.0842503608565197
2.0607867190332496 1.2823852220334246
1.322171945365872 1.08128349043229
2.5997313304813647 1.31193476981223
2.1812380201018176 1.1440858104773077
1.94483900554921 1.089937784705462
62166.64940798223 0.8838817394360614
0.3091004902824064 0.41987353769045654
1.0948266467510808 1.1058611040980815
0.10746666519350373 0.1997806581981058
0.10569523925288467 0.16167981540400617
1863.4535475682212 0.07962001907465988
0.5838948029850846 0.7391154994996993
0.19903075875177298 0.32212444639295856
0.1826389647739106 0.21275670181136142
0.16626717090781745 0.14503800089991564
0.8266353931218198 0.8929241836279009
0.8864468550739641 0.8650255137622853
0.17286964300348373 0.08068951492402031
1.2771431043111203 1.0447700402374727
0.8747082670599635 0.9487893085364911
0.3595295182686073 0.4670208756244089
0.35653064530727074 0.4525164180403634
1.1256354057731226 1.149698363591495
1.6441923917198964 1.37113487261173
1.8287288549282108 1.3928888642243735
1.0401069219774406 1.0613801107041065
1.4196973531393227 1.2128241880172936
1.7772808466027654 1.3067555198115375
1.2863121943613405 1.0740874356787824
0.26563514544552796 0.4373902856298406
0.20267515586906698 0.31964934318579735
0.5551571309722134 0.5600592496425985
0.27494050191374075 0.35611091374106035
0.2016611808350483 0.25306528709595344
0.33655690203382616 0.3109159518800113
0.19947618047229732 0.17083855888772467
0.19958402052219806 0.16482346631639358
0.18410420306767084 0.10644526605046759
0.468840870130664 0.5987249885829473
0.6505611902487801 0.7199309139199777
0.13627039887558112 0.17629640269658842
0.9284818039866594 0.7599190641663196
1.5265563576286585 1.0204390945430841
0.17702709480432782 0.2717076489657724
0.17404428740728345 0.22722936219323178
0.24736817618422308 0.3291550476605287
0.17050399065723987 0.17647446601874764
0.26553206242816185 0.2960205822302457
0.3074305386490275 0.0996836281417476
0.6769038401338365 0.3616596789735518
0.286830426795028 0.36686028626751427
1.353431075478 0.6869763731265289
0.11211316121108394 0.18978640292875285
0.18015818383675802 0.1710921021664224
0.18391854643262248 0.1751726254272082
0.15365938187067804 0.1165718855800958
0.42657026734438086 0.1959873141866279
0.18151583993334208 0.10388713143091341
0.13009577416290352 0.12945794927634457
0.16828917514862352 0.09449454408935992
0.16950387891342222 0.09338039476113429
1524.5780800929017 0.07863096830640318
0.9916730346828851 1.104396896007389
1.0324306747260406 1.0808754075642306
1.0027209904954895 0.9387032510519836
1.1763203071950823 1.172308219014889
0.9217385560291108 0.8641183321937809
2.5302708483361673 1.6542891651670872
1.6466001996089576 1.4225577391212396
0.9521812691993965 0.8477001329331137
2.478729283632385 1.6631590782254881
0.6685197280381452 0.7649624265493882
0.5788977715540257 0.5732879852332426
0.7161349689115244 0.44377675960690144
1.0505845563727885 1.0845789004469877
1.2212578766010003 1.0825590406980072
1.434666888488648 1.1950437611102218
2.076082984189144 1.2041747633832025
2.327084340873908 1.5674274021860692
1.2988970822621204 1.0422991702244722
2.263307282664723 1.358852918946378
1.3364319159013458 1.0863807120774283
92994.74347297031 1.0090643458971802
0.31950181383289367 0.4425064840350396
0.1092656790839405 0.20080743778268867
0.16204898934699097 0.1604262936971853
2295.041822159349 0.08187833175030229
0.5851709410256557 0.6811812370982311
0.4679042149787527 0.5852676693117129
0.2222493432326989 0.27769977076603686
0.16869662609850572 0.14639424038834237
0.9091572977838935 0.9449889842801127
0.9121880998790546 0.8947419645578326
0.21611459283872658 0.11063253523452715
1.2778208279187484 1.0451353270344637
0.8901334018636237 0.9570877888300677
0.3664313496450172 0.48509064878721286
0.37294869297604377 0.4488968671823864
1.1380113563203391 1.1575481453008287
1.8950667832008072 1.3637457780951237
1.8381913250450994 1.4515663130152827
1.062606897733541 1.0153236747756145
1.7898124549582501 1.3029051898965343
2.149149178764113 1.5455015651957003
1.3132178613386993 1.0747198923598842
0.2665285812419422 0.4401499867425312
0.20995972250419273 0.31560669067786346
0.5553289820344345 0.5601567425183227
0.3082742912885951 0.36129873064422136
0.2042924310022787 0.27943552789870085
0.34944663568897566 0.47400003051805256
0.40502978966315517 0.41817298160491445
0.20098678730276776 0.16582418007248792
0.191790627748385 0.1128461949006564
0.4851436151611558 0.5287389161530023
0.6542081530114237 0.7211991680067078
0.13742575958391381 0.17129826168855322
0.9759557211101563 0.7826204283759371
0.17821124210825157 0.2847139832751978
0.17512590615018758 0.22536823333356557
0.1790535487372099 0.17630982839800433
0.3212626436131991 0.2937094623841442
0.6809308672674508 0.3614300662369952
0.3320055479961459 0.40300984655123007
1.3838073993878797 0.7413517532316294
0.12578832118763003 0.19030205596561992
0.18271727921806086 0.17177906129830506
0.1968538590685337 0.22785532991298707
0.15366375405542246 0.11659894505582957
0.8772240899808659 0.21690591105191004
0.18161624499405554 0.10290570646697278
0.13122618527338134 0.1299140810768211
0.17032667771990762 0.095603458588217
0.17042038864258435 0.09355677923545308
1526.297759241899 0.07861034019592603
0.997015236315314 1.1087879209217348
1.3343150512386823 1.1110288558422605
1.5415434127275476 1.0807969117476228
1.1780780475343824 1.1875011550768446
2.5613099750898716 1.4932644499470582
1.6543632289891974 1.4299318953701363
0.9732267017637082 0.8417183128264548
2.618704613594129 1.8065901997957343
0.9529590825278262 0.984851367616681
0.9297188256619477 0.8181954127470037
0.8321113921097111 0.41965122082978196
1.0653365589581467 1.0803368173099515
1.2775641516871452 1.0803183692326113
1.5111737030166723 1.2612214559846855
2.2013201091017347 1.329234175525916
2.361742027391656 1.5664195637081224
1.2991509351735622 1.0422991680515084
2.355609483786962 1.3577594888733469
1.3579985636207488 1.1027891993064018
99902.1090705712 1.085410872790868
0.349623793052893 0.4919528554674178
0.12284367246585431 0.21047882629513426
2378.2739320161318 0.08210094670877954
0.7856366683902622 0.8886854445278694
0.5427759664249503 0.6336461126225875
0.3533592019991977 0.4494111708704828
0.1728466486578285 0.13999470316639367
1.0108022270996067 0.8964843169013333
1.047791715092786 0.9775483860963116
1.2901763621807447 0.9274160923582595
0.9286597476531172 1.0529971409021184
0.6991155914320758 0.7162821772021619
0.945803838993527 0.7824414962604374
1.1492923473330878 1.157698060173263
2.6518799466679197 1.7284782305687874
1.134546554072971 1.0575572919986764
1.878277689871775 1.3050726665628753
2.1526964515830636 1.5487034832729947
1.3143013759206479 1.0886121885824616
0.27403612974446734 0.44124635623263686
0.21671873070659858 0.332854119856212
0.30847784127027567 0.3612917801634171
0.22733239860171903 0.253569661543797
0.35314555760886923 0.40647230351345726
0.522125595370933 0.4709643147001786
0.5087805542231342 0.17499745853144874
0.49608041759000243 0.533582338344081
0.6759044975231918 0.7349411669638939
0.1909653419524186 0.21795908063255176
0.9790816576356933 0.8984865575600495
0.199162075739642 0.3220876448092992
0.17636704953622884 0.21231639355049386
0.18073102927588847 0.1762563736443002
0.5091829923460846 0.2900372460973859
1.3003820065033085 0.38856306485834047
0.33700888165891685 0.3366904951200153
0.1532911003739928 0.2558603340089571
0.19285442229725933 0.16399967859448764
0.2109832847362486 0.16638838602182127
0.154501434718941 0.11700958016782283
0.18564376219884252 0.10662949516599607
0.13170001638061427 0.13010643536835448
0.17198036584628662 0.09653840482174202
0.17067394122294507 0.09355161475022956
11572.842759150004 0.10012009481009743
0.9971225639922234 1.1088836660744963
1.1782875619239865 1.156960045951857
1.674740865369079 1.3762691215459162
1.0092191576867484 0.7857178914683558
2.628729489170333 1.784458552062223
1.0770044848847073 1.0050947542613977
1.0661932810424144 1.0912045775028314
1.3472307862866764 1.0935190892734947
1.528581970312465 1.2627059644030125
2.4475361204804678 1.2018136537044626
2.6022784603831055 1.710642804621644
1.3636144237403567 0.9854208440091432
1.3909915416361063 1.0862237639828882
106976.95667920393 1.14637065709391
0.37633685455963073 0.5309936378536928
0.8130718387612452 0.9329652443786784
0.5475365881213986 0.6368635380662204
1.2750514867250085 1.0887674354421917
1.0275893303480848 0.9366183398611808
1.136543796514686 0.9351220379397931
1.290413682501016 0.9271657325325123
0.9431886492959445 1.0410605646287436
0.791483880579007 0.8889668898757874
1.0222401916290211 0.8539581206386656
1.1549756710644579 1.1616526527882496
1.157577267004985 1.0625712277432964
2.021511268436694 1.341357337816738
1.347554631536589 0.9394486737490496
0.2811874934911405 0.4464659784664941
0.2572263538557181 0.3218703507765545
0.4242330421434546 0.5484643040628476
0.23660653601318857 0.30835451590466073
0.3626548281727442 0.4783412619316827
0.5273048863070628 0.47622631491822165
0.5046072026890378 0.5562995649956697
0.8510842625999939 0.8391267893695245
1.003786648346415 0.782823678296475
0.19955902638517617 0.33184503149510997
0.24037093698236342 0.29796289792684816
0.1807854283739984 0.17529353940718645
0.5825765231588638 0.4015012553307026
0.35187117703509796 0.38065682012419333
0.1956016121672732 0.251602077743302
0.19778316544329916 0.16382184687374454
0.1319787011673765 0.1302278890466828
0.5028754139733846 0.149096853896143
21263.739832138966 0.11932555862916905
0.9973741053283993 1.1093337890381059
1.180504246116392 1.1609018143395475
1.7221107891148582 1.5088459933858942
1.0933966518882807 0.9232605924266228
2.667601877718829 1.8051921611461077
1.0664178343420678 1.080830276112145
1.3490114095620003 1.1147690355281197
1.5768277286706849 1.2003480384762342
2.665024094000511 1.388339762115451
1.4138217368400867 0.9867659839584391
1.4719147530941314 1.0828607553929213
0.3865142764102868 0.36512601773592124
0.3726899737969268 0.5020402077424795
0.8394437887829811 0.8607750168520145
1.3501414386021537 1.1154068361212537
1.442163481123778 0.9461339486196639
1.051445141016055 0.7826389757426825
