31695.79962477649 1.373035920413574
0.20297084946367827 0.4716640500689855
0.12467232691198987 0.3146957707567108
0.13247721740648236 0.26581667740658355
0.1175472550103333 0.17573760342355843
0.18612861418981164 0.14396844605566667
115.49961963201805 0.07846081730976284
0.5352054381121807 0.9428590973341061
0.5247592516791765 0.8952330161297595
0.18723285273715365 0.26284625198075784
0.7999873340498043 0.6375883224815189
1.5108622575630224 0.6180009582734423
0.6246391256471875 1.066664884569066
0.6927229563566009 0.9267675820536223
1.0810067630795746 0.8823772547498718
1.121258360444371 0.5416951473797664
0.7504222867477566 1.0601605077784548
1.2872413905283249 1.1365609934852747
0.5194418229466863 1.1646251362563969
0.4259834105702648 0.6434989942189211
0.3067950837236969 0.5523425363690189
1.015807388225241 0.6588045732750547
0.6630418167562057 1.2092667848426777
1.3063152926916342 1.2285812810191516
1.0867189320785946 1.6229138348856613
0.5709448092852446 1.0553608230717009
0.6323298356091563 1.1156652360620238
1.236863543516113 0.5708275479654836
1.0554417855664677 1.2578814811942796
1.4027456776753506 1.3058133752513035
0.7151322309195032 1.1328881777886166
1.4930317450131927 1.1880621793196553
1.2387507058295308 1.0935526609850497
0.21772615217917923 0.45575123243752524
0.319258316341383 0.42904222362661404
0.4443147224037033 0.6220340383551873
0.6240683292998659 0.43577351877180986
0.43005513606710644 0.7486871904066179
0.23644927832709953 0.30360057581980743
0.1973182503038082 0.23784698514522032
0.1828976341966292 0.1616322001518488
0.8864228322962293 0.17245963636152156
0.4034136874277095 0.5923887438672457
0.4593049034082167 0.4871617718386818
0.8314405713432087 0.4801756443378707
0.2429888120908249 0.1052877142012183
0.9043111846746803 0.6342360680486543
0.43308791326518375 0.6145836385570647
0.3342086160729286 0.4046729225651253
0.2040728155922265 0.18671161561967797
0.21367131158320773 0.18709536812905225
0.23968239122103197 0.10472444418839416
0.5190270102780157 0.6827739407011635
0.47731484709110394 0.8723794891562024
1.0485933127221547 0.9076198924783283
0.27371814521735804 0.3998706387055108
0.19569835565450697 0.3087066264009877
0.4188507462730414 0.44567217959328315
1.149950059740182 0.5817318574569916
0.21836754219158305 0.3485165813578494
0.22056642669070003 0.25685008178986163
0.33698340162715734 0.2299774427284365
0.287575040058478 0.4000665646928398
0.8844300770880474 0.5684053198162287
0.2974033306842999 0.4259427455419071
0.34309867353158907 0.3714239505443364
1.3749653294814226 0.7063180552448929
1.4814054907474445 0.730822347728844
0.9154245898248075 0.9449917683039327
1.5462934644708763 0.7460303776698904
0.13981813669929502 0.2596352039521243
0.22281076105012299 0.2164498318964182
0.8435810831445733 0.47798170875348994
0.19386473514134006 0.25054288516657175
0.17449002376541994 0.16878708143048043
0.28421228990997394 0.10283321004357632
0.8781482498852904 0.3480236897318184
0.3060174329629892 0.3994284945847023
0.2507057770046302 0.1683730401817803
1.193627813237224 0.6198956002687164
0.19576285711693306 0.1820543358649738
0.23382455951442288 0.17856644160510457
0.2817813999570333 0.1021546919936808
0.26921872421974646 0.2095998976131821
0.25153831612540084 0.1089469440144479
1.0233169696426643 0.1620896868685873
0.35070754481525673 0.22769819853945486
0.1746236208490179 0.1512852070840938
0.29129205043626544 0.12821209625958865
0.28215909257657434 0.11735040984140872
1.8227052552049199 0.0782141695152362
0.4992359008225189 1.137825409254535
0.5961017614457603 1.0990523598738617
0.8145306143016912 1.0973579720572935
1.1770479480947131 1.1379033545595205
0.6970911689142568 1.1510660110549145
1.4405794318433098 1.1153648413870376
1.3102475066520658 0.6264394893323462
1.7658200450720183 1.5811839711041202
0.8908621884582089 1.3252568350134997
1.2556265591476827 1.3585764587381801
0.5845011846317054 0.9765502110678603
0.7237463680703233 1.0369081906614364
0.9187369622495555 0.971338125358454
1.6887120003897513 0.9533416997638078
0.6071952137053085 0.931278625923565
0.5578376658811575 0.5009209918304304
1.3632665853729264 0.9943799487949456
0.4346019511906951 0.38098430328213473
0.748717076186301 0.3931934415762527
0.5909186877916975 1.0808562692425177
0.659320737988769 1.0838469120798158
0.8767071518500598 1.1541636331094103
1.5739377285630618 1.2875757502261522
0.9705079378506536 1.3553343504774673
0.8309687524432217 1.017047768956034
1.0002392293301565 0.955580683199141
0.7734446988225346 1.0861677967914654
1.2804199432763121 1.104956787568818
31756.399500641597 1.4576220216197806
0.20455529409718387 0.47346863881820567
0.12609340000747898 0.3123986835097734
0.39366861261514374 0.5403072063780497
0.12068011302371771 0.17467713522265527
0.1873370502060891 0.1595266976479075
116.91076134693675 0.07846296206838366
0.5361226431648141 0.9428129384981623
0.5265172586813025 0.8941001709701739
0.19813070276024775 0.2579647199986409
0.9705180752392264 0.6754576279943487
1.8809339787499155 0.5874389595873062
0.6275729748581307 0.8257237994042015
0.7130297576978508 0.9274915232167326
1.0812893780451758 0.8824500764100329
2.2524075519169857 0.6257382924753043
0.7507932434627119 1.0922556725507513
1.3098010339996728 1.1078728321597535
0.5353281619717274 1.1397781462257726
0.4271818175820614 0.7353521313455287
0.3273917874760152 0.5461008581519395
1.038256052855241 0.6561312458136063
0.664677002210303 1.2343154758333603
1.4578865963757046 1.7280702564790764
0.5848921719503979 1.0783276553037888
0.6951988998193789 1.0984363546139042
1.123123604340122 1.2941929295114052
1.4325034371834486 1.3032495215253066
0.7473226198203742 1.0756036011730257
1.8609155657755556 1.1880363071497508
1.2424013625529424 1.1217657102116707
0.22495602889696464 0.44134679607602395
0.6905525698422312 0.8283745865326633
0.4776657141411603 0.6594897457077369
0.732265495576808 0.4507842255111327
0.4314138386898596 0.6816749162230076
0.24365058148155494 0.369403754510913
0.19771180187057413 0.23795327397792554
0.1833989414895904 0.1627316619305315
0.4123474928475586 0.5910989759731369
0.6335931688500258 0.6441986179418107
0.24343524492377766 0.10450448129703713
1.2580711384579608 0.9761471186761271
0.4331518411493416 0.6146181664245356
0.40862533444681276 0.5875084307277024
0.20581654145303013 0.18617117486132123
0.23812343443184447 0.11132387783602199
0.23987697800391167 0.10462565097122384
0.5256083876908437 0.6961840894001761
0.5058971746199298 0.8758658154847712
1.051406178752248 0.9036328718068275
0.3720185479937001 0.5338633561090844
0.20550697839531262 0.2815714517340486
0.6483901365225884 0.6055546420614673
1.173454302456007 0.6120632225613899
0.21918860666316245 0.37407883472233855
0.22077185616997103 0.2566180359288753
0.8098433939235303 0.44455537860853844
0.7999370969135133 0.5695801730744223
0.9027916537355929 0.5695650355084463
0.3019116789743024 0.41960314682392
0.35084143413661906 0.37246156759118026
0.9244042048992652 0.9450082115616478
0.14078084968555166 0.26236953420441744
0.23180595095114692 0.22398936379687756
0.20127549633408204 0.2291000049188242
0.1755047974523849 0.16878708143048055
0.2870203517563764 0.10283070612581241
0.30832098367758837 0.404857648683201
0.25253068569698606 0.16830959829487951
0.21152297922665703 0.17701197418401537
0.3387300729063001 0.2380756176368124
0.2842061871451045 0.10200418213804752
0.25463890410226675 0.10885573181196168
1.0788444718568235 0.2512294146315306
0.3540100805095609 0.23109611704346994
0.19710292706519078 0.16373890845636613
0.635294466768329 0.1614347856805519
11.987040509320149 0.07823998845636852
0.5064653034236285 1.1443781990494524
0.597232026363521 1.0972781974536314
0.9968249262999007 1.098718332385385
0.7070750168205047 1.15321199222879
1.5515410052836587 0.618431688765613
0.9027178113353311 1.3746672169666871
0.6398291351260376 1.0272138105107806
1.0323047789716782 0.9273165284705238
0.6659803415801328 0.9275234228973465
0.6112211045188248 0.6200709364405685
0.6210358383488114 0.6117239593750914
0.9343280737135914 0.3931450343196288
0.5937854944970524 1.0821440261396056
0.6770643475796602 1.0857015993282413
0.8924958019978185 1.1854834964332321
1.0376344281141572 1.3533386855345197
0.8312344965004708 1.0170756736128195
1.0182109101827046 0.97177886537971
0.786910595652348 1.0860868389696494
1.515916716171124 1.147485372558536
31764.27973559139 1.411930963635633
0.20554962272338353 0.47416161098188403
0.13718940001248217 0.3249728618850222
0.6192746070577291 0.8363348949184817
0.13504721410943707 0.16512219767668104
117.15996719359407 0.07846461601569271
0.5361728522531283 0.9472236452672229
0.5270298359597767 0.8950352050784859
0.20451225894110786 0.3019205153075879
1.1270052897024478 0.6264859741052946
0.6282871979755947 1.1274070492062722
0.7375345624462006 0.8832714239933805
1.1264272271009927 1.0592381735371852
0.7866091083329784 1.1655077360929307
1.3523959388933204 1.0434190710546805
0.5392595772044148 1.1390775057960156
0.4277483541274058 0.7733244457664681
0.3298560243450311 0.5531086573122195
1.2009590161928307 1.0768403415004575
0.7014741591661688 1.22112717468152
1.5061622853252654 1.7745112649067267
0.5953376437357246 1.0933591013722985
0.7018211727147248 1.098407389021639
1.1445337964731084 1.2379077107802368
0.8288770951066384 1.0730347486639618
1.3941154073180348 1.1715959196748145
0.22500377876528233 0.44498979442544984
0.7034069615889422 0.9021783600587185
0.5941901849227824 0.6889842175543456
0.4541886868842664 0.6347571238751935
0.42641183416485623 0.49362864470649187
0.20613814679630715 0.2409944365505662
0.18657798370241108 0.16537311731835275
0.4139169646237396 0.6193312294294742
0.9601034558218439 0.6329188513014626
0.2434648058805812 0.10438127070725553
0.43506931230166007 0.6032867324718465
0.2066583002363569 0.18412512796819808
0.5598309911249644 0.6529315449820827
0.5220635843929072 0.873530966490393
1.103872395613461 0.8807852335654218
0.48912843116443594 0.6922947437339405
0.2972948051544491 0.4125722932053618
0.7470747973240526 0.6750029977517307
1.4983094280733953 0.6512398972712488
0.22078468032921922 0.31024106642126037
0.22223282119210688 0.25674725622744027
0.9410331077485083 0.5795854288766716
0.9652543418619776 0.6164276117088636
1.0310573071936373 0.6131147684810837
0.3109664982367487 0.42117176381006727
0.36013314879670566 0.36406395657328056
1.0872148102851966 1.0201071368998789
0.15515618489617952 0.3006607879957425
0.2449167846044331 0.21690446664965501
0.216736086478391 0.23067361663493494
0.17798853827621963 0.17211020353492165
0.2892471904380668 0.10862804897508638
0.48702163861713954 0.4395599385870093
0.25748333824201536 0.16303812972215542
0.21642264913034803 0.18280307229098328
1.5157746184651724 0.33808623877032407
0.28450890678223173 0.10188131471119412
0.2664365104998451 0.11360598433205273
0.3921493244249714 0.24899307652550084
0.20548421931399385 0.16701481172495403
0.7046405484089995 0.1588959131468133
16.641297380717134 0.07824998363687738
0.5495946490681753 1.1038764166839954
0.6069593861213191 0.9551514880135736
1.0019082543264899 1.0775464698022814
0.7097831780574455 1.1557658873454193
0.9114306243857473 1.365251546831629
0.6504760844490481 0.965708698981684
0.6823615437773807 0.6930348384226188
0.6466400600953679 0.6344673573019942
1.16264318929706 0.6383088047528552
0.6120396316483356 1.0802168748335292
0.7029577361094894 1.105102152299077
0.9198144765095176 1.1997870876537546
1.0408916607823366 1.3550962621057279
0.8438425634556372 1.0182801166170488
1.0242506602762247 0.9607089977828802
0.9943331547517922 1.084353184569375
31764.383307161494 1.3538839575110568
0.24229186330303107 0.44672794869445376
0.14032918634953695 0.3273960834516813
1.2329235207117297 1.0989238497332607
0.14123371195548878 0.1771675667051053
118.55642529187648 0.07846782259614937
0.5373213645875867 0.9410886122501578
0.5419786859760669 0.9693699313881101
0.20537454351483525 0.3029811844553211
1.2748528489153315 1.0870273231447694
0.6338886051007828 0.9079931267051913
0.7655848786410988 1.0040059321314552
1.1535785002932095 1.0616585281470046
0.8147272931390104 1.1078761972091005
1.3619401358168417 1.0649571704012128
0.5461403483598923 1.1576151810406712
0.4302229833784812 0.7639177768986913
0.34809937377122835 0.5759852054479075
1.3105183412646473 1.1539924807130046
0.707898711922418 1.1503969633889988
1.5202703514794687 1.76895112296019
0.6196757680587839 1.0613143146056485
0.7118511424666102 1.0970125327538818
1.1876746778527552 1.1868102778637508
0.8335868348717416 1.2015968234740333
0.226774647225835 0.4469040268919867
0.9302702323885299 1.088612231806795
0.5971507734134415 0.80993857780658
0.46003721929062 0.683957278835462
0.44674236323049565 0.612351894985181
0.2131974994884328 0.23043959424359353
0.1908784904706726 0.16944056298457713
0.4346361242902189 0.6053954714659739
0.29977669121336925 0.09607723896054463
0.4412304263044077 0.6031087804539085
0.20894452840750602 0.18644783933348746
0.6858997378600062 0.6933997767279735
0.5242494375164943 0.8735124414958304
1.1641046343041703 0.8363332558339414
0.49946084870376134 0.6965265251314652
0.29753826259033267 0.41294036917978
0.8941234192720096 0.6930464287005653
0.2239172596169239 0.386942158204798
0.2229370698137208 0.22346808087702308
1.144341451311119 0.6414705241950678
0.3293555390533433 0.4168740815757086
0.36214547365327227 0.3642085432294735
1.126526792470898 0.8563309602034672
0.15724914771114828 0.29907433769402
0.24923850794048552 0.23185808844471711
0.21778563691354533 0.22664367771227764
0.17832534920414717 0.17240769670432246
0.28992097196012423 0.10235420305303117
0.7274659388843583 0.3673263178250112
0.22336542722064662 0.25287832057359716
0.28509663160962784 0.10598257608321304
0.26835957216036654 0.1121190680608095
0.5902597983989676 0.23032900144385696
0.20619073694118695 0.1670620172299374
0.8254335262294915 0.21467622875423029
19.672450453646693 0.07824602132354253
0.5546118464698215 1.1031507557140796
0.6091008277518337 0.8852019184346995
0.711773951667203 1.159148918455515
0.911622728634291 1.3366334583913897
0.7177712822961086 1.0735838264040019
0.732785182060577 0.7505510622574556
1.593243315922435 0.7413951217676864
0.6230665754152542 1.1024127411744689
0.7519594292245996 1.1803018494604385
1.3752589921667284 1.387358528879162
31777.131525031564 1.357672159886154
0.24485067171901376 0.5717127839043172
0.17402399302493798 0.3530462921696805
0.15161189932973426 0.21514764268395858
139.90063576440164 0.07851655447749512
0.5543441087348528 0.8506257507035724
0.5471552297667436 0.9863625860119614
1.0973798777375205 1.097394685466878
1.4115649910257817 0.8171507500149562
0.7197731790975093 1.128239403321957
0.8767287030467006 1.027581980076281
1.1912694822278405 1.0775871533473609
0.8930920797469135 1.1035992015345275
1.3857875875383345 1.09294316113557
0.5468359734256849 1.176854612641553
0.4548026530353841 0.6225271251476627
0.36319363388830833 0.5479649425466355
1.408725056258155 0.9965462635428936
0.7084296616671946 1.1932673790894204
0.662471567436532 1.0991979785909631
0.7435093159019923 1.0922799689661598
1.1968575885807429 1.181941505188016
0.836850795493413 1.098125546176731
0.22735181431427254 0.44860469276806003
0.6366499668140191 0.643565674258012
0.47358883900752236 0.6012728131272553
0.4796256608660464 0.6677237146173416
0.19212283764761065 0.16935946866198026
0.49385691349518585 0.6125460882387957
0.7516178492593495 0.990396344157866
0.5633871677637837 0.8336047005434548
1.249428877542917 0.8363331297509438
0.5074772099930926 0.6971786207271986
0.2980827105648378 0.41322693347011064
1.4075916543610805 1.1298661618160422
0.23017522755036585 0.29731268090287316
0.33550030578622003 0.4168922851131989
0.3637451160285674 0.3624653574176366
0.157275058400751 0.2989102886578731
0.2672829341533569 0.18961592014528306
0.26315601120581555 0.2109085485038664
0.303361654688329 0.185793086929045
0.2937184101715604 0.10590353884615897
0.22871437420495258 0.1872651627305858
0.2877012199337814 0.10168336989619277
0.2733468804139102 0.11483759714814204
0.7689805841754412 0.4418819357583738
0.2126948425505042 0.16651344540064833
21.902333745973205 0.07826190550614469
0.5596268562339707 1.1474487066224377
0.6094689022120134 0.9506616235166214
0.7446605731530573 1.155789684198666
0.9175694894097898 1.336747591016826
0.7598775281306133 1.0819223484669438
0.8127734286658703 0.966708836164879
0.6308332208176267 1.1023060264810174
0.7759112645600031 1.1814523851742726
0.8400666884184288 1.0431284937480065
0.2894351047821974 0.31646193084626983
31777.851826528684 1.3694673656574428
0.7719154039951344 0.9235284848298252
0.27371658472220606 0.2244389068272497
0.609482215873175 0.9506674204347052
0.9397862597127062 1.1022159616931622
0.4883947575837515 0.5083421493347828
0.5979535613121407 1.1670272519794085
0.5984169661889087 0.902075511279919
0.22905224143787012 0.25449629944407376
0.8477654757964153 0.9781351328994545
0.9531832191968876 1.191293693231449
0.7302289527439305 0.8478108196129237
0.5176414898062636 0.6551774999440081
0.7518653980138632 1.0635021112566754
0.29283114596722104 0.10818393493199918
1.2301535967372481 1.188297274912916
0.8778125527637842 1.0280793251769673
2383.9780947575664 0.08348962532365245
0.8644679949314165 1.2343620139940694
0.1598321492019228 0.3031173126141432
0.2305545407288091 0.4318381732346775
0.3647392921221203 0.10909229776818803
0.16099390421080267 0.15631113530934185
0.7534055628780328 1.066302001084738
0.19643268002325442 0.17218757219254519
0.745531736502091 1.1863050301597695
0.7836763063293102 0.41545372345292847
1.1180767088571313 1.6978013769511036
0.5489813521880356 1.1690251411231518
989.7237769056752 0.08039027971549256
