1.470435312386674 4.179311728542983
0.7334482040585398 3.0625981220393887
0.5762330109909818 2.000924296204856
0.6559815685679743 1.4486514644841055
1091.552319114621 0.895221063705874
0.925896448493865 3.8607677480178775
0.7123246406824632 2.176749913634465
0.6461449827338964 1.5369102815265734
1.0075525922173165 0.9110282815051619
1.1415819387036559 5.118653605314931
0.8949081829263177 3.8709099531374247
0.7037267521453903 2.4177133434985763
0.6523658373607231 1.6229582728404683
1.0118109402541353 0.9372864245959291
0.7125063741430372 3.055716457119374
0.610267572877149 2.2681106885721767
0.6475546839070575 1.613150367982485
1.0182388851567878 0.929879578378699
0.6203670187687645 2.041645880137747
0.665912371603552 1.5476999692172386
1.041130861072553 0.9626637877863928
0.710235867601263 1.489316797501584
1.050345734278537 0.9791560281378369
24670.71366956075 0.9857718814418692
1.2219884319100156 3.092606317135104
0.645959247640447 2.255327169071588
0.6438418043683884 1.541234129411507
1.0057352686958752 0.9314145421372728
1.8196701968805715 5.199021110513309
1.2238145541418894 4.085157329400068
0.7312460797851622 2.8029468167350364
1.051124589795822 2.1238862924572315
0.8848708259372895 3.7475663077702253
0.7116926043249503 2.792485479992265
0.9252189861397553 2.13220506825955
0.8133631894320229 2.6999096613621636
1.0157949789514222 2.0755214357761664
1.1624441489342543 2.0182602346350236
1.1951385707149886 5.049389827477077
1.0437990206881884 3.819480041210876
0.688371036095896 2.3526361903555046
0.6292239224478727 1.611912074165144
1.014202035141142 0.9465618484420186
0.9421488668892446 3.9595149532058542
0.7287183465447485 2.8213915449657363
1.2971183897512097 2.1157908549255673
0.8076076512686354 2.7646714844789093
0.9996853536265679 2.161466302633757
1.3357231423544618 2.074552072921763
0.7211638577666409 3.0606400545891024
0.6925385261842676 2.159994467960236
0.6247409049976962 1.6055317537840563
1.0260447738748937 0.9547695881225364
0.932701753400031 2.9596677946054237
1.9164550968479344 1.9645275445372012
1.189896815269833 2.163998599004994
0.6034609458381108 2.0321819469730973
0.7062185035697474 1.5998230094621144
1.0314904323204315 0.9577403681504149
0.7187248348402655 1.4762468207219839
1.0514994093441397 0.9710387607278992
25544.601919421133 0.9890278135299537
0.8842717928692259 3.8176113672812173
0.7724939879454112 2.6425322462209975
1.0907416599864654 1.9544823057106642
1.2219267389891262 4.050330114266055
0.7164967264051127 2.8092511151769943
1.0259074474915135 2.08025372595171
0.8708098490230218 3.8133448934055076
0.7148614990503964 2.782305558914884
0.9194642123569785 2.117005531236562
0.7186677554009233 2.5338865161428266
1.0137626787806158 2.084247146715801
1.0430653526205864 1.9382503208743436
1.2759941314546823 3.914468449690725
0.7110128892803235 2.786363208472893
1.0200900116474219 2.047698677151831
1.1962262667458716 4.154329382306885
0.9721263971690348 3.6087745096419668
2.237082511800997 3.1270725205274936
1.5374430314580656 3.481597240456006
0.8768769541349323 3.8124303975303127
0.7216421497099396 2.785355981274984
0.9553470911871218 2.116018292853823
1.0444257542885589 3.385914645898189
2.0881410786954184 2.928264437065973
0.7366072978837864 2.5496565392850545
1.06162472856143 2.0783529349064893
1.0183680476639523 1.92150983766864
1.4787261570989554 3.994815300104538
0.866299871357426 3.8298540506571395
0.7539225600536549 2.6788001668442796
1.0091915886543814 1.9924524695245127
0.8662268679193077 3.7953864755578013
0.741824840586577 2.803958291217154
0.9213041117353844 2.110240494542801
0.7134648900618 2.6282099789218316
1.0687780941657608 2.110215646689597
0.9692505263523258 1.9811773350964246
0.8919425443170585 3.761349096781607
0.7291405669671516 2.7774167710840345
0.9340300356474518 2.092026810950699
1.0861570105197773 3.3549748011351346
0.7075778970071921 2.635240420111881
0.9997493521046886 2.1442075270657517
0.9656715973131439 1.9893151740296993
0.7099391600554725 3.034441535350961
0.8393814831423753 2.617703553967975
1.3944175958697391 2.1484249860853786
0.7193182652999538 2.5164756375633193
0.9673832283942962 2.0239031041612114
1.4329919585135196 2.207412576892235
0.7744693023627508 2.5480565300059803
1.2144704849967323 2.1402966445714924
1.134030978838869 2.0607850553434233
0.5699466603432539 1.980505243801216
1.3235279865238208 2.0400424482095785
1.0903423638138694 1.9699327954567147
1.3915038035529823 2.044014872136695
0.657980668140529 1.450573066165081
162.5205382883 0.8959012352459432
0.854363398548062 3.798838198410675
0.623570762322475 2.264412432848748
0.642316870507555 1.5449546569612174
1.01971508058014 0.9703093676798211
1.8355254330083803 5.062981894467217
1.26898698107694 3.994465956087583
0.985467962785398 2.935011038826234
0.6294506515423808 1.6476315267422887
1.0135006699608207 0.9597275707297154
0.8629381774144267 3.788781348491934
0.7145719638085107 2.7684937699607275
0.6128332509583975 1.7068854464554302
1.0352449831889805 0.9813280625905119
0.6415862403687271 2.3173045012238562
0.6141773043650667 1.6481880686938257
1.0374071599901362 0.9882439098110817
0.7047654694012532 1.5973342423194734
1.047523788465706 0.9752527467271982
1.1178476838782812 1.058044835006905
1.8534469088392491 5.020308559803738
1.3169499954976889 3.9158360659353137
0.7911584777646198 2.724743527442143
0.6087544295993176 1.6407256225759785
1.008554417023917 0.9566350989993799
1.0446462818450533 4.64905003946907
0.7476322404915599 3.0745178156063675
1.6399474560317793 2.42657731692878
0.7485747635077606 2.8287722921729186
1.1334548407617804 2.3599323071536302
1.3237673096659508 2.105942610668883
0.8756843861234138 3.748280570359363
0.9336227554121868 2.6133043122842086
0.6295626083494362 1.698546481008547
1.0128671829486222 0.9400838523390167
0.9048479094263125 3.060683664453521
1.594795526949695 2.5275336930811596
1.703011157166967 2.709028655000089
0.6139986815688225 2.272524536574528
0.6358197873928397 1.6760310663061149
1.0364744291456458 0.9622793198162216
0.6853486360280755 1.5789901801426005
1.045756225186021 0.9377298003487373
1.1207112230977352 1.0489197736216134
1.2398682086574238 4.080927633792083
0.7069954566809916 2.783837862934026
1.1231714640030093 2.1416367912821004
1.2518849582242886 4.067471509315993
0.7786602015208803 3.0435475086796604
0.7281840748414077 2.7818102315404385
1.493713706738621 2.3985982181036203
0.9728294119897044 2.0523324195212265
1.235145495024026 4.03641776098631
0.7373695838021019 3.045371954176445
1.0586249737016429 3.5513708286172374
2.230124723697247 3.1091994406232444
0.7143504513427794 2.772049970450466
1.8119851244421765 2.162830875580422
1.1534388044174306 2.132531505385694
0.8456031596047116 3.775308704656315
0.7217981028357994 2.79499742623592
1.0305657252450429 2.175620448233711
0.7179551063507792 2.7758307043388966
1.2946851815956901 2.3023404729524826
0.7202666253923847 2.768028271874495
1.3926844426145069 2.5064230797435663
1.1505061363710065 2.2020754203993724
0.6228290273159243 2.2341403803299498
0.6446869737320229 1.5328171469038305
0.9961977555740813 0.9498794488394859
1.214389822274795 4.979979396333368
1.0306782628057776 3.5001285552293675
0.6434147263972342 2.4274868215376597
0.6288470328125971 1.6164586286612246
1.0156325154608987 0.9653077865215041
0.8702823653797871 3.8007335844720798
0.7659575760618365 2.7183913850755137
0.6022455138365765 1.6971093930589998
1.0127099917593063 0.9303371688810541
0.6316056236571481 2.4164144053892143
0.617756895481454 1.7058430044906148
1.0249079034648247 0.9850766245488667
0.664530775908023 1.6321770975167336
1.0294825040124798 0.9639453437548795
1.1184941471187921 1.032647770837254
0.8872575045233226 3.7442322759990874
0.6944790368068965 2.7270811482063424
0.6031090580348187 1.699905888652872
1.020846281541328 0.9539475220875986
0.8807087648427859 2.86274067732361
1.5679458163208255 2.627671841493732
1.8553180548804256 2.599379341053141
0.6439781014076352 2.4357983927784552
0.6312768259547238 1.7134000335171196
1.0231136188860683 0.9588973343766748
1.688185824725384 2.287936911243171
0.659412955028585 1.6244519253616745
1.046009705583241 0.940576192522718
1.120096124817718 1.0340836577554549
0.8654289320162855 3.7603713049797984
0.7219754377295582 2.7666345313331426
0.9615456650246991 2.1279629172950103
0.7081373912919241 2.7850181491250634
0.9788603334959639 2.0801852077362435
0.7274267969452008 2.7910404398271664
1.4124598627734928 2.3513667238349623
1.1133591368799585 2.2125292842414503
0.6308560988416968 2.4167065769525946
1.3905282489068913 2.205006424291134
1.5076707839013634 2.5046362680904726
0.6184914490142495 1.6015026726299433
0.9977093563908054 0.9612511395424485
0.7150036671165145 3.06443874136461
0.6189127389988176 2.2708419164256024
0.6255916188795426 1.6057661842732387
1.0233710330821846 0.9126217150484388
0.7062952884923555 2.226833389794648
0.6206483486332832 1.643558448347906
1.0148713754390908 0.9633705846492017
0.6775823483089327 1.651931116512382
1.0384368422887353 0.9693902571534909
1.1124482856970004 1.0538381746658678
0.6108287715184765 2.2656159706310555
0.6246862684079623 1.6380223306209618
1.0182103296751757 0.9548403814511941
0.6757738409893788 1.6378059934186844
1.033012061675785 0.9655545623695501
1.1145967278148725 1.0293027000595816
0.6619646122943157 2.204206342986208
1.0881645274716956 2.129470304395026
1.3523011451100466 2.0877175310168514
0.6251292893237014 1.5932703952754106
1.007636090529598 0.9408722054592732
0.5732508176372694 1.9912729519681167
0.6405578314260276 1.5413893387274356
1.0184876359282093 0.9257483405207476
0.6707597670279979 1.5712357806151067
1.005432255473575 0.9161961768847144
1.100338610306241 1.038290412500057
0.6769819161296442 1.5746634749642343
1.0257273583972393 0.9397623623206159
1.1096395320158101 1.0263220997666673
0.6524925323033633 1.548950791706137
1.0050659072240047 0.9517157423999066
0.6698462895772775 1.4490695055190543
1.014288290018878 0.9427090032767376
1.08176000701235 1.0134856284617915
1.1039115112413538 1.0221464578663157
1.0044070377793781 0.9427807683582078
4716.646802607895 0.9054090022366112
0.9090467389533909 3.8073646483976438
0.823963297799014 2.503862108066013
1.4544593354347666 4.471425519998316
1.3210433003976778 3.899204926400236
1.413905347544218 2.8706917893447597
1.1234126893673808 2.6301513438959185
0.8780788622758992 3.7430503076024855
1091.589198303201 0.8952060828959159
1.7092723563432306 2.6495395255339003
0.902674490759992 2.9346021672698153
0.604536532561574 2.033533102610149
1.294814972814481 2.3022300841922747
0.8549462105867993 1.780377858440736
1.1243531344536475 2.1449402593998936
1.1181333058807852 1.4657847453484738
1.2393909464210584 2.2179831144707367
1.6132403276283647 3.6005153765598408
0.8798046861923925 1.5066127032699828
1.5030820810909196 3.9543716580542427
0.7266792145026092 2.754987301774462
1.0653682552924941 0.9338581090022753
0.8111544707957841 1.697584866039945
1.1180699095265256 1.0261643077132325
1.562557649318021 1.218234682419313
0.8135746918072317 2.8223549441488824
1.0515452095188427 2.1242418483949828
1.1595633212149945 1.2208478416125124
2.2937295547713554 3.118804172352129
0.724843686602047 1.4651059240550426
1.0541813034097853 0.9631403640559414
0.7215477152355234 2.19947874962849
0.7563739332471967 2.688130910838523
1.443911244060973 1.2126250968167749
0.7341379084712382 1.5773190036726978
3652.5281001813532 0.9109216125488989
34791.06689556463 1.0259368168733962
1.7439278129446336 2.7328647694615835
1.6486785921663825 3.663228768358244
0.6674871232447251 1.5649844912848216
1.018494816485708 0.9258207648224164
1.4789279759107727 4.179056965995053
1.0152819650822102 0.9607962275345336
1.0422939362623003 0.9703257855759184
1.614874803320266 2.663801232702581
1.050321825968492 1.9437150881971768
1.340946352511768 2.912926935239893
1.1871871734440294 2.2817915937418736
0.6865795280097222 2.1831828602372187
1.2423416152876734 2.097654204459345
1.0092045431363577 1.9924312750941509
1.2489006989483054 2.5962253668271087
1.4673220739626016 2.495081650546976
0.6303981108293764 1.646926448864244
1.0985831093243226 2.8780698565905225
0.656712606051872 1.6325123030580884
1.1188689773544425 1.0323567015095738
0.6323376374156217 2.2255061644626632
0.9692444099398432 2.830424455594646
0.8396391131969773 2.8142436240995443
1.4015854263498913 2.2307522891504084
0.855615959334524 3.7578598938431016
1.5122536211503108 1.039162204138265
0.7314323981991617 1.6122508246664256
1.1534567522724715 2.946378984208783
1.1347764271146261 2.0618586942577277
0.9181864343481849 2.9810339094993297
0.6703668407708901 1.5694754910448567
1.2306734687663692 2.6210568926798428
0.6498983507975084 1.6268752938804407
1.057281037573715 2.5075392231174463
1.1452116262259757 2.913882667605228
0.8305046114037095 3.0807848097748334
1.090735024753479 2.1319793794790907
1.9529532290613056 4.837959136262292
0.6496830751223636 1.6175708933570825
1.0603644733891715 2.1841888000375613
1.1318170052722514 3.531093632278629
1.0562499458450736 0.9842929285636852
1.0136667837202817 3.078953814638193
1.3430160746465394 2.076017837147913
1.0289175322798767 0.9915491725890675
0.9038652097237175 2.9342662276104914
0.8007184708772361 2.6313427743063587
0.9368289998663473 2.1603662998321265
0.6206004587842354 2.042318275182465
0.7786640527426304 1.7365312404739757
1.0717097095354036 1.025822831646252
0.9281299068322956 2.132606737635628
1.277403675361953 3.5453132096684716
0.7199080512596725 2.7793573008650823
0.9359912087393765 2.1194585925248495
0.841313658634955 1.826577637166276
0.7691690441405797 1.643386261808349
0.7926651810878307 2.8263068796320505
1.0135037900674142 0.9598824999021729
1.3447522200807693 3.9249270608693143
0.7048653573183072 1.5732088165283058
1.4779461788778652 2.6208838575583684
0.8928088090157681 3.8017997092292224
0.8797960813366194 3.7498533643945047
1.1619473463615217 1.195268344726054
0.7674374830910397 2.57964187545472
1.0228780441885266 0.9608702182644008
0.7871185968545988 3.0333472088906634
1.5133074364930201 4.077682609679924
1.428231682211161 3.274033482356541
0.8888877356572639 3.737143510514775
0.7840824943540283 1.5508956427186757
1.0921401104489976 1.085931673654907
0.9906585933352577 1.9666628348770434
0.6204551947956276 1.6536236266106576
0.719106287482636 3.081294191841682
1.1036281412440747 2.801449680924145
6228.817103438613 0.9154588834854238
0.8049445863183575 2.8854415792557897
1.0808281142766454 3.8953317392368847
0.9858410503189619 1.9378896644896926
0.8828423564771434 3.819829900343408
1.0932754301811727 1.794918982904267
1.1735258355691869 2.1572932283841126
2.1219161328326925 2.9799004185081297
1.1695097533707142 2.2478921617681102
0.7386120205775306 2.8105374611392757
0.9662163830060625 2.892379013000097
1.118972976842167 2.928745534345377
1.0201078845356895 2.0510398760300546
1.6873923455558826 2.3186602889634447
0.9851992163065936 1.5650955476126591
0.9579937707863366 2.812102180398086
1.5367395357696707 2.1228769225403123
0.7150322352006568 2.623577610245588
0.6292877465847554 1.601804781656833
1.3523508192132976 2.431885219670388
0.9623095123236349 3.9295641358306312
1.9653529508058853 3.026297772751753
0.8454918823546228 2.6095088685374597
1.215808122049697 4.975790334291608
0.9839406067141953 3.5822351244451536
0.9399548362788457 1.8028020307068608
0.9445898306478273 2.3252403824946937
1.1083988652693761 1.0664426231610689
1.3651532054165916 2.7522660078341863
1.0237406838843648 0.927945587831963
1.1220580341408781 1.0367939031198097
0.764814490940471 1.4692929955516218
0.6323619251690978 1.7116876444871352
0.8917660782668787 1.6474851252535507
1.1689453744335183 1.2800054399245882
1.451308308273259 4.0514514216755515
1.1406498650138905 1.1933247377099212
1.4357673888968319 3.698563566141103
0.9918378818381612 2.267599842209735
0.9174727573601948 2.6984438649790135
1.0364640837869816 0.9827997683679541
1.4852500415923573 4.167977900480967
1.0357960140286844 2.182133335116353
1.1780967231853054 1.1634211478792418
0.880332238550922 3.8285943253029324
0.7019353622587969 1.6733946118146603
1.6583397589308564 2.612574909396969
1.5046947895468468 2.016438721101145
1.142143339328669 1.1430535220535432
1.033829905962866 0.9760104577139529
1.4232524524218397 3.9489569490482634
0.7365049101528258 3.0523718713668404
1.0658815615205146 1.9336490792129721
1.168260023777137 3.4676992746564217
1.099710236229046 2.7438941607259677
1.002442548213138 3.6258885973127635
1.1147006857120592 1.0237568185517185
0.81151998645834 1.5710193596618827
1.0720124291747433 2.5103073559363898
0.8610968383628288 1.5239120651897349
0.6467002366720266 1.544267842086499
0.6910066240673556 2.175565785773653
1.1516720158113252 2.214163272962127
1.2394574066044437 4.003791198558605
1.014126592284726 0.9397996997123947
1.1717301338439825 1.030019507037864
1.6416029193162194 2.4262215300015657
1.0354660864175969 0.9796983543591744
1.8885369490300095 2.891348625934412
1.113723379779905 2.7835075724527205
0.695191736711955 2.157106424414675
0.8396053521843639 2.6181276415958035
0.7342261823879715 2.8006816360574325
1.224823573051542 4.083400475553356
1.27786927825528 1.1803206534029123
0.6689816507558412 1.459858419081391
1.4614996557552353 1.1684271687143764
1.224112400831117 3.090472779688418
0.9075245557128097 2.82953485514588
