1.343812969375671 1.358626104368585
1.07293202347806 0.5697871701515651
1529.4798589240875 0.00128050680426689
1.4116797560127436 1.7811644928601185
1.0925551171545946 0.7173138627959619
1.1301653581786129 0.053404401645624364
2.4873189506739237 2.9806108187450686
1.4563569573880797 1.9683025391801303
1.160166245825432 0.8117752510815783
1.5420078253147418 0.2803690032572749
1.7190987647418807 3.249288620212842
1.3600741564033572 2.00342899505424
1.0417559353966905 0.871678371155663
1.25477840218054 1.3909771179565693
1.3166985337111492 0.9259468087932925
1.53224576218531 0.9666499640041288
2.1515182213199298 1.3829930138701365
1.223779219734391 0.6353175979615675
1.2090034126085922 0.10522472897926549
1.9198486450845622 1.9640701481480916
1.1695175920279608 0.9038176181098629
1.6375613065072545 0.324577841081679
1.3484795736316733 2.369245853667168
1.4131979408623299 1.1684737479037244
1.2317661046570616 1.8928800080376953
1.8502257950230883 1.3716825428638995
1.7509599192839342 1.748814699689933
1.0867744960542185 0.8159535883894986
1.6432906095976825 0.3723017435122894
1.7133347982333298 2.115928323968005
1.141213854946101 1.0102958965384272
1.3363785573165898 2.0601549211453105
1.320650085030208 1.1786062918138804
1.7683304267618947 1.3075266817497821
1.2588611839103163 1.932822277783008
1.050048014549985 0.8800543287530473
1.4223464638640466 1.7700118541438599
1.1501176058446592 0.9981434662591722
1.4309829983195774 1.126112212124361
1.3852960412992226 1.32228178156771
1.3259504435084781 0.9680569957101902
1.4122323912331987 1.0072558263833802
1.652370149798291 1.0509819499218302
1.8779442200575742 1.3996399993605126
1.4983609915586218 0.81697729738589
1.1550841048352012 0.8479909195028545
1.5844723232304045 0.18187045545842837
1.3008013138665844 0.9403390218120857
1.4643870519732554 0.16515622687041692
1.991467987857507 1.4816293404400627
1.1797699274202955 0.7857905167427954
1.6911440613640387 0.43368583025997326
0.9982811941390497 0.7305154841074288
1.3857566717433654 0.6999632185001068
1.4829247624641106 0.17639002690494693
1.5255648744336172 0.816348825026681
1.5362912420284274 0.20921629200618758
2.3468004469324812 1.545254209246404
1.3125314593465927 0.958331030894056
1.9075378753358465 0.5063751065275605
1.1298458797349007 0.9848298319297137
1.239763354648159 0.8926801900245818
1.6008848410557084 0.3175945399128783
1.3441039934247332 1.1306121280924013
1.8488376231218122 0.5400912556776247
1.1395932510248057 0.9351648937422237
2.05264940887844 1.4189774970557063
1.0887010638292631 0.8711999548590641
1.1464598157905406 0.8543697550761739
1.1206699292454443 0.8377945963981467
1.1379578799583774 0.7794015693569398
1.4030226470783989 0.8861726478573863
1.599933870213474 0.2989362098105538
1.5886192478361294 0.8448595416127876
1.2723049692932848 0.14235850336891098
1.227557935300608 0.7222468161312714
1.5043440549394673 0.3419744450367614
1.7944409315234886 0.694403984027995
1.4083779835682697 0.2274181734322422
1.5940894468273021 0.9253355733417941
1.4145575436733586 0.22833332729558392
1.3030396327241798 0.8995950195414135
1.643928598995923 0.43027694965195395
1.4554993142640718 0.7191550504466583
1.561682485455849 0.32481701907207455
1.2477312465399144 0.9225781659655212
1.7211347039654008 0.4740423994985727
1.9955374308863698 0.6582831106249245
1.0446721326124548 0.8410016056689577
1.3505222788881908 0.69599409204242
1.5887154788838576 0.28009997664469044
1.2157416483663421 0.13924622814843357
1.504042167940357 0.6853311834237408
1.1490796177192295 0.10939108881643608
1.334234537712202 0.2325166372444273
1.7366475124729541 0.45396159320820395
1.2210813301053007 0.15524968653413113
1.5196044363673225 0.6219729913740182
1.2790882160545325 0.19789389983770267
1.4382239903182978 0.3075179767133895
1.4561711519561653 0.8756426947737059
1.4938625247350055 0.33968567415814876
1.5508640049002518 0.38127995666632236
1.5729175968320024 0.39098306358451396
1.2101234068402462 0.09410147498416589
1.7297485814672808 0.3133738583202106
1.0162972777812826 0.020811329423276948
1.1102165035474747 0.08480311985488986
1.3738626331444446 0.5752705671068892
1.1740156178362011 0.12475240745214626
1.2164898365721943 0.16719776200647496
1.3901860431566846 0.27726272095113186
1.156875692793887 0.5649953647633444
0.9965474429457755 0.02516583560698833
0.9771484187277661 0.021398834194967825
1.1331247736056262 0.1164722614262917
537.462435118841 0.0010197184122183699
1.914288428631266 1.3926228309343385
1.296579847572622 0.8847292064603098
1.1636783694128496 0.8579885831683548
1.7325551637683747 0.37789131774383
2.027439002655051 1.9586386885313625
1.1098776632969902 1.0450193283457319
1.3523633040326146 1.7055071575025047
2.010067612661233 1.5314435872522112
1.472561605695005 0.6114379856008909
1.6489865117594216 0.38253191910506223
1.1519155811350716 1.0715535629742652
1.8870179748663962 0.4882328680413668
1.5132421010465704 2.233726762796488
1.7961874718112436 1.6265240857802548
2.09659607157535 1.7172764482065652
1.3611507981366306 1.2215519131883246
1.7956416674839768 1.9184846568851823
1.7202171530895032 1.582951675623564
1.335820573140307 1.7943218273808748
1.1457442902434973 0.8523000025469083
1.6504220641663028 0.6920480766861147
1.6847802823331093 0.34160884248251017
2.2934661995072716 1.8420446722590686
1.1740343150445647 1.0284129417411978
1.927752055432567 0.47500104552976946
1.481088442557552 1.1757316253971997
1.615325469055811 0.7276478147388459
1.4526011069834603 0.25209022836216155
1.3190451419229692 1.1259657814851842
1.935752505325694 0.493794796136488
1.4316001043886613 1.3473225539127958
2.000638973979724 1.8435589424961107
1.1781132746410234 1.2437780545694328
1.4099398352423538 1.3620566379982963
1.752561658725815 1.3371214845943227
1.6063845486003554 0.5818782323669348
1.6469155817331194 0.36504694230143486
1.5220037513756486 0.8613744613776022
1.5691764944061783 0.3371997950949151
1.2173806009777959 0.8566651080164166
1.8475656270299372 0.5001360495997127
1.5591960015594513 0.8160070541316589
1.5091722215716277 0.30592624496396115
1.3406622697510977 0.9127002314583242
1.9716142499075358 0.5690206038855179
1.070133389339489 1.0038584779763018
1.2693742916384236 0.7726244809486964
1.4880641254723455 0.3106840161541149
1.2304931940525115 0.8350129351389053
1.4561870198859757 0.3028375059984228
1.669694004233173 0.4187246673674423
1.313727318819312 0.780350889694412
1.6651444888376927 0.39994005476298927
1.8082620411237862 0.49956121992259084
1.1166180495382092 0.7193595934758987
1.370167936552182 0.2504495242135972
1.4146843492878498 0.2750946402639828
1.5895561562366294 0.35701528364033297
1.2996352276504985 0.21606690960520564
1.9620500595690882 1.4651580133126987
1.1890101471981631 0.9885814252714891
1.1434248958050832 0.9097292578633303
1.7457790251368706 1.5962053031910934
1.276170694063993 1.135260290280405
1.7379551057652733 1.3369611348621684
1.160328287185209 0.9012829221545249
1.9752812619002658 1.7022803342715096
1.1488069273838346 1.2272421274873029
1.703206667360095 1.4254478090795006
1.4492957367193533 1.973014463576261
1.5610196777844014 1.3733783455831414
1.775913850080033 1.5058493718932013
1.1292552354250476 0.9250475825562994
1.1995587044623546 0.9788183489404205
1.1730747507604717 1.1176819069199495
1.070096109972798 1.0781264164137625
1.172609004496081 1.2152241570916316
1.5459714926664967 1.3338964592473095
2.1128362499211772 1.3187675909017795
1.3075135505564597 0.7669211388908584
1.1858477823863869 0.8457130144104916
2.1687673380871217 0.746135268636092
1.0093636383567963 0.9753422896592935
1.0623517019765485 0.7631873988981726
1.6571411459823229 1.4148219898592584
1.2291651006147157 0.9922421270541772
1.6190646586160613 1.4317870799203638
1.0892789789977997 0.969935564843295
1.484407700187777 1.1066351938967118
1.5990759450737178 1.4066745288932272
1.312828135196375 1.115869545051141
1.4717830211248375 1.2032716733194058
1.6222251156408973 1.4529776400535013
1.0646834795195923 0.9625899559469022
1.149219646874459 0.9918705113694927
1.732838875821246 1.209828284134268
1.069821036143226 0.8835682749617483
1.1852759783475897 1.3806751026071116
1.3758468907065984 0.9858955464752532
1.4010696073285318 1.025395822222117
1.3416606148575712 0.9773257653645299
1.3713758931238265 1.4204283460459382
1.075398456401382 0.5702836233199391
1531.516975525763 5.366110347664321E-4
1.4648361995735513 1.8018642800492939
1.1105685937263932 0.6902583180354607
1.1305595299175353 0.054291057290497144
2.5166801697394767 2.91349714458368
1.4721680094589942 1.9639333094417928
1.2086694568158607 0.7765210096004982
1.5421672750731283 0.2831697271924409
1.8075194947842788 2.478053445792927
1.377222180387519 1.7208655690174512
1.0498515739370042 0.8591080317225299
1.3016740443437906 1.6963897527523044
1.3167233228928468 0.9257300601838341
1.2850094283816798 0.570697145841221
1.209343473267464 0.10613193405795074
1.9859496547824123 1.8890564687384934
1.2104109710594686 0.8668110362888537
1.6383125362181006 0.31568807402751253
1.3616203355817411 2.367732664240875
1.4135285096595518 1.168443216695859
1.2913467714485354 1.7906194181800816
1.8503513128241469 1.3718155193422519
1.7584527732138 1.7420199052887457
1.0883486245173934 0.81742107522853
1.6435748520867126 0.3711816700036741
1.739646921901541 2.0295790650490884
1.1596144454769133 1.0087713383994192
1.3466422746342699 2.0401002621559616
1.3215176515273725 1.1793601409385925
1.7688827500880135 1.3010603335216284
1.5860128564286937 1.8823875585276926
1.0507192302061432 0.8718758221441981
1.4329184482643462 1.7808372995800716
1.1501359075027062 0.9993087511134207
1.4439192797856206 1.118724738408576
1.3853621798669278 1.3200115549354334
1.3260045633074213 0.9680924768362847
1.4148223604801635 1.0123136155299939
1.661209524962108 1.0268143451817604
1.8836507563196463 1.3687268636837344
1.5043052561757118 0.8055818221829636
1.1607690209863457 0.8362150000945443
1.58777806302768 0.16019560335208383
1.3070156285519128 0.9133810968847839
1.4662062375856095 0.1794623689787479
2.041131683821251 1.3899180130158788
1.3560187768092937 0.6893223603840214
1.6926791336805398 0.4337274740786238
1.0168049686288547 0.7228416800297015
1.4962102551978156 0.6733654461213642
1.4835642323059537 0.17986070890034184
1.574404122878072 0.7792221153402229
1.5410825013088751 0.18379523038590945
1.3409592375728576 0.9333546054206743
1.91171983772308 0.5071699081812118
1.1303579164025979 0.9848251228830293
1.261232166379915 0.8767580282301374
1.608790050255318 0.3055122854436669
1.3454280252366855 1.1298749549385858
1.8571515343016625 0.5472909356721152
1.1469979158023793 0.9286681279038225
1.093744180945081 0.866956869677816
1.1718272587167897 0.8632399302096734
1.1212914430097696 0.8382474495362393
1.1789534376629007 0.7681734416107368
1.732699047921543 0.5898760889903885
1.600092379007243 0.2993992230771022
1.6004884405535802 0.7952663617109645
1.2752293191903878 0.1395741524241962
1.2533918321896234 0.7022130851248243
1.5051512630184238 0.34193619284143506
1.8392337885694763 0.43970363446609273
1.4089742557673453 0.22641541092972167
1.6027527087714686 0.88523586727551
1.4150807525919367 0.21497506569079222
1.3707271381896327 0.8135040505879515
1.6466999796149246 0.4336883877854844
1.7357969510044216 0.5102868955167794
1.5617972379518943 0.3280703112456353
1.4336358527321778 0.7327468692281789
1.7221715072013468 0.4670260235660908
1.0894526296769325 0.8257160711072153
1.4132836198483991 0.6914784815238973
1.5904630299140932 0.3139881408462745
1.217790056990515 0.12472484465931494
1.5304185357051878 0.6128064886351883
1.149112383966919 0.10942341407460238
1.334452286598733 0.23267602113441413
1.2243565835414454 0.1548511570347062
1.581062002734063 0.8238800581376707
1.2792622144860541 0.19707606359953064
1.438527280542752 0.3082551897840235
1.4920828018000893 0.553489757300998
1.4986157391397217 0.33499468278494277
1.5511570347135906 0.3800342298960498
1.6119900978437893 0.36654606912213106
1.2111314677829115 0.09600436574816779
1.0656335586537413 0.04093932656583062
1.1103254028837144 0.08461972408550376
1.4375058191006995 0.48080993790924986
1.174228756576729 0.1255639236129636
1.21654816489999 0.16837732040181913
1.3910610521243634 0.2733910226866498
1.2854701954890895 0.4733790309230216
0.9970747123665958 0.02393272503947592
0.977298395999822 0.019943684044815706
1.1351298912397971 0.11698818046208893
7497.11758962375 0.02004185155006688
1.310945372111009 0.8845917713316553
1.1934287487338557 0.8472453094718282
1.7359081830601717 0.38138267240121737
1.323495393998333 1.0497133000414607
1.3755324689802793 1.6917539930103762
2.059790464370134 1.5458241484653505
1.483760446507497 0.6052342040631585
1.6503621608347145 0.38194701389809615
1.1523843659257063 1.0664754141317354
1.8872643690553712 0.48863909832315655
1.5255612965510132 2.2245070386200294
1.7964768712967052 1.6277178802879135
2.1400963164012197 1.5860902657562028
1.3657264298381826 1.2227962762850142
1.8493436196163904 1.8587157528487726
1.7207537105769941 1.5843221026558736
1.3416174936528427 1.7892729854576903
1.158647727658359 0.8507912748151667
1.6522636239222999 0.6931963616906792
1.6871464642133973 0.3479600576960177
1.180261018520838 1.0231024925997796
1.928214757123853 0.4891663452356871
1.4835582570999952 1.1750450704567053
1.6325271746422956 0.866794957291448
1.4528965213531888 0.25218851726404323
1.3371048745870084 1.1110851227511596
1.9368306216265814 0.5096550917530958
1.431779385441799 1.3474775205816696
2.068238401804202 1.8082672865575313
1.194825058900186 1.242419724880083
1.409962530534949 1.3692517617016264
1.7526344693580977 1.3371749486660591
1.6559491904455566 0.6224905540387213
1.6502602715444712 0.36493472894206147
1.5244972283377476 0.8546791144150975
1.5844886489236405 0.2990763103629519
1.2410310698817306 0.838634637051912
1.8495969139380672 0.4948372621732199
1.6031682253682638 0.7802844745524563
1.5124041358910425 0.30764117268424596
1.3547635235675728 0.902141000558777
1.976070808282048 0.5687459198297415
1.074474009798868 0.9928762873985761
1.2697820669227275 0.7716282198331658
1.4881903555406832 0.31010302005676754
1.2471498619487806 0.8162093167461141
1.4585498900917016 0.30886534523470477
1.6712422553457102 0.4225034250871048
1.316051792211783 0.7790735165281653
1.667292103369487 0.4044382378580295
1.808441014646219 0.4995493039539327
1.1779141688980004 0.6298715761990996
1.3704856119838256 0.24859345287175946
1.418357620257579 0.27268515164262086
1.5902168714363922 0.3586919784761418
1.2996949068630048 0.21598128661269422
1.9981442987279252 1.4321411660441594
1.1925097576626946 0.9823748999264692
1.1476886359047123 0.914797122894858
1.7466957127676341 1.5910483261311053
1.2775368763121508 1.1451487891466274
1.7421682293520302 1.3423036987579307
1.171127655493338 0.8948875798555209
2.017266976014068 1.7111601381861339
1.1519788196002496 1.2244009437350256
1.712394239306962 1.4091507708243673
1.4664448811319244 1.9943263589145714
1.5669430510628173 1.373793632659022
1.7823022124977423 1.5070728448170208
1.1883950237070269 0.9409256838787043
1.2303383972567468 0.9319495968441875
1.1736372512100504 1.1173940381116725
1.1086783778665878 1.09321783432322
1.1753203183467853 1.2167304765728684
1.5499834521712588 1.3344348585262
2.20786357115444 1.3457410271011214
1.3258237230235497 1.1530222316017382
1.1928595186990294 0.8383147693972588
1.0192842357058305 0.9743819701501728
1.0831325028147107 0.74944167360255
1.6623096058025126 1.393976314969584
1.2296545374403143 0.994009861978489
1.6471675985874807 1.3534192179495597
1.096972796564019 0.9652676458461987
1.496359088415757 1.1066258359697023
1.6119610964454796 1.3983732333520555
1.3137715826941305 1.1163840552917712
1.49733833080031 1.1946494818693922
1.656396976239754 1.449544155882918
1.0653687317943437 0.9630567176487794
1.1690494352559888 0.990885683342099
1.763511764511821 1.160402614283041
1.0698327060276658 0.8831595722299213
1.2461570318091943 1.2843634701379139
1.3761019720308476 0.9852659471217241
1.4983993148849177 1.0195947856003382
1.3462199216969435 0.9765596252894062
1.7689853770181994 1.3011123255650021
1.5884899895706044 0.16145972595540745
1.4390393019847267 0.9885585989189065
1.987563234590999 0.5342565026566858
1.3989607328407527 0.9086322673066152
1.2586657117944267 0.9126645923582467
1.869819246927576 1.497648008384652
1.652625931099705 0.38067850317052787
1.3262882604472879 1.459012228535987
1.4629957759934404 1.29961660407143
1.3315624675094906 0.4225477430327583
1.8766871399320508 1.23196084567817
1.7133582890785628 1.3704880321116624
2.424230285460914 1.7009386652604002
1.2175090322333297 0.16791347602421797
1.9034293358521142 0.5572873889966885
2.069648181020827 1.5519521188075023
1.7210281907407101 0.7639433643160328
1.4184005371103927 0.9043640647452785
1.5136471980209942 0.8968741443838244
1.2522206025207852 0.8308623202283785
1.8202746314705434 0.5682017121953378
1.7166373462725275 1.24689553592287
1.42084019101945 0.9862850335066307
1.8156081092478766 2.468645029295692
1.403056658881109 0.989483602983727
1.7414648080394368 1.287962985797033
1.128136926114863 0.10805853587862603
1.0698357817387432 0.887170667091477
1.3240332671544 1.1815331571550778
1.4817093741002871 0.3159579907350839
1.6909357426698577 0.7474575413917015
1.5870683565841837 0.8424406025383725
1.8565013050921029 0.49914219938070215
7795.888728741767 0.02124167795887738
1.0797462253709011 0.7515354500643885
1.838323505299116 1.9233958929558717
