68996.42070999494 0.8639020027384462
0.441903048164669 0.6032040670958578
0.22610061943643778 0.3639163056817311
0.20307118436274868 0.23956552253381314
0.2789860518162077 0.1995654194352086
0.16624761838855412 0.14312374667236227
3115.9594003771845 0.07939049893583267
0.6029008699435666 0.7638237439282718
0.6374802183891255 0.7479588868153897
0.34180086564087186 0.4178068383776943
0.2525928595302176 0.23459357790560315
0.21177813684477736 0.1612132008359446
0.2585411754425053 0.10228462860264276
0.9163598324466035 1.00510900404144
1.1112142605949373 0.9965260336647508
1.4817257364481669 0.9673300746107054
1.2597897625710446 1.07631448686376
0.8348735737347739 0.8974791529614794
0.5606122595522672 0.6696185207493722
0.8573659423308324 0.8040086638511945
0.2399969504085429 0.1631734303686848
0.29952807925324354 0.10375865463735046
1.1111245909700909 1.114290354500289
0.9432190572114896 1.027766676436951
1.3073984289812075 1.2018397676491919
1.4993805220645902 1.1839836395501566
0.2427867086143075 0.3892851343727063
0.2320863405811222 0.40174537539481736
0.35022601810206805 0.4270292519976005
0.3234364337332202 0.23447100996188058
0.2860030390849906 0.3562145702917199
0.2434587983227704 0.3068874591040184
0.19997975083525768 0.24716385965464446
0.1837083375695398 0.16264820355969917
0.29402715108523014 0.10277694860558227
0.44549978693659487 0.5359553268610152
0.7118073764618451 0.545988568135708
1.2027079847644486 0.653638143256769
0.9750895405430909 0.7200623051048525
0.4316234543747899 0.5494415310378622
0.23361026484738456 0.24939018787241718
0.23250884683642414 0.1637407990525825
0.5352557963018801 0.6258234662283267
0.7683382247469893 0.8359884771419648
1.2393266824936076 0.8633430154958573
0.2495786245468171 0.3912856659202243
0.1963948062482267 0.2884627940845178
0.20078793551088087 0.2090391225119925
0.2302535881075867 0.27964060424026127
0.24697233366649313 0.2512209669020732
0.15855212086566833 0.1644369089143463
1.756953301561687 0.40164258021516247
0.7532331426055158 0.5966040818658489
1.8717716502218777 0.7507529563076576
0.2750692640341642 0.4063111354025868
0.3117605076251321 0.10411905219734613
0.6639128385854871 0.6099211746445735
0.1331464621529456 0.24476507502344066
0.5608089577178684 0.42977815238083644
0.22371373159923175 0.16166890489427713
0.2529302357721017 0.10309646149954689
0.15369509285070268 0.21053006230168775
0.22565354337459115 0.11824267935276772
0.2597537651310885 0.10217145717636804
0.37184912654328944 0.18492669628956693
0.2514809081133794 0.2503914614361843
0.9414778325033809 0.5035812334004595
0.12694630203598228 0.16209820486483534
0.14136779940818453 0.14081094776417308
0.23595165908644183 0.09544171472501872
0.16940313445030722 0.14185895756919034
0.2283716605690546 0.10161844276939302
1.115275780166359 0.22345151615510414
0.31859521014738096 0.21067679697804215
0.12832518670116816 0.12612360278203238
0.201098937165326 0.0900906320671604
0.19820526200976504 0.09680249499165254
0.7445607301127002 0.19552370400954638
1970.4301197927443 0.07839061908583454
0.9801084199492327 1.1045312501025375
0.7709118524806321 0.842972377304207
1.2435060375988223 1.071628830601289
1.7925155899733454 1.1119938741656659
1.2137724068339113 1.205921834097212
1.379609167189802 1.0502402848891708
0.9885969009820426 0.7174857359410642
2.8132121202748674 1.6618811215780107
1.7316701393860163 1.576296931514356
2.658605467944855 1.8516778029890804
3.734022199370533 1.8781722024238343
0.5698131642630897 0.6124622182067321
0.6066592722688506 0.6905987973814403
0.9935953818583851 0.6953109615272562
1.309024976215278 0.5509533488744153
0.8187755566436052 0.7985210503208197
1.2984756359719594 0.5939037830691113
1.093046745463702 1.0047529128232835
0.39920177320624217 0.4974702635773971
0.45405850584843016 0.3715236945840319
1.017546278957887 0.41044079064729344
0.3667213870043595 0.34451894489232165
1.023158546583857 0.5110972564451166
0.7912955654096641 0.4061005448516323
1.0013912447099313 1.082503546618541
1.1635487284602475 1.0792415993270312
1.3603431677640194 1.1599172169588121
1.523862398748994 1.053051944098955
1.6961115529376674 1.3858464215454187
1.2842240151248385 0.9344762914445531
1.2741999941954916 1.0837753714097578
3.097551021742229 1.4143486675404824
99130.90545775769 1.1011643720174609
0.48522516689864037 0.6498894985138906
0.23736553364449683 0.413753759775286
0.23869825487116403 0.24416118734132142
0.72185651240119 0.5245849161952869
0.16720091386321267 0.14331281361420478
3139.4406153544373 0.0793885184312414
0.6051525294281761 0.7553261535182028
0.8936623722984671 1.0181255057442429
0.3510053300098479 0.4142921822839467
1.0129733235175853 0.7108140000752379
0.21357976668123377 0.14208684729532184
0.25953736724315446 0.10290427671260283
0.9869784668241184 1.0245984822387557
1.366812097070153 1.0549289729861282
1.808618975787796 1.0850667398251743
1.3218842573322513 1.0772526606661754
0.8356778737492783 0.8982860518461918
0.7563093264545906 0.8611172093844788
0.2405833545810584 0.16298822533380541
0.3000902970494982 0.1037031567975698
2.638518239068353 1.9533348299060405
0.970032618523441 1.0253674390948964
1.4216488755339785 1.2423989203933072
1.7584765660024253 1.271419296816676
0.26063026093970765 0.3984423361027882
0.25890955464435644 0.426396262918482
0.3790379444389847 0.4082117040548329
0.6752635342317108 0.5395373067617655
0.6701938985738138 0.6910408116708258
0.2450754772555283 0.30347588148609256
0.20222221947622634 0.24861401302204458
0.18589510379174656 0.1631089785134405
0.2945491772744813 0.10337067938245055
0.45349237392644104 0.5377764679277273
0.8475900668570397 0.6440560528793532
0.9789846336491665 0.6924437238592375
0.4449576294626848 0.6440639007629623
0.23784928516482665 0.25213573998434513
0.2358930341924187 0.16779147209003437
0.5353015055672095 0.6258599781073169
0.7795120332290686 0.7793515119346053
1.2575233988926988 0.8596601909461583
0.25561663869990264 0.3893504159989372
0.20060950118607712 0.30942062292899164
0.22502838227760058 0.24013287456182725
0.2605204853874795 0.3422925940840055
0.28174215503239364 0.30498568719396424
0.15903778768012755 0.1649034986836675
0.7636529544136157 0.594040067968471
2.0042277824287718 0.6854251975952421
0.28021699743785566 0.4193107084653503
0.3119428489948265 0.10432908959204384
0.7061304316182704 0.6235343346274648
0.13503800672174032 0.2426847195222266
0.5621769629922349 0.3754719205381587
0.22383647436633453 0.16219268857171776
0.2532487413359888 0.10328454251989204
0.18002538414227376 0.2304958020124179
0.23160486370375516 0.11490856689151088
0.2599567644436893 0.10200141428142029
0.7142039973181025 0.2922135840382941
0.13045723727974007 0.1845338274074638
0.1512539234703933 0.1407207465183014
0.23628810788295918 0.11329910451483197
0.17483267492945093 0.14070801100986075
0.23235448707626682 0.10445832564880936
1.7846519362004811 0.295001918360663
0.5642103353951096 0.2434092900539151
0.13668154971716184 0.12663374523103565
0.22550038062725705 0.09909642419571688
0.19844551601806604 0.09662671813753848
0.751414127862879 0.19973824376762772
1971.295059004077 0.07840875528263144
0.9806651874528935 1.1050113085935398
0.7720192842694988 0.8429631943288638
1.2352463805949803 1.244491281989259
1.8023184178967 1.4165812542267244
2.184708383975596 1.3494983858160718
1.7410333696029165 1.576498761521829
2.6629737225408014 1.8555036142303245
3.7672394140851075 1.9030875812811043
0.6020269171301543 0.7351672969351775
0.6158716809291769 0.7081079303663909
0.8235412097471804 0.803201108135835
1.3201958056766334 0.5888382699670687
0.4242750764990486 0.4953998215765247
0.4597745725341012 0.3635898690445351
0.5284404118435773 0.45394464678213436
0.8427876531971396 0.38527698459161236
1.154108896546567 1.1222535004274918
1.2071908540699239 1.095257732559942
1.4588295721167706 1.2027570960086522
1.526640203403554 1.0547409026161954
2.3345906590996823 1.4110646870223047
1.2883549890752983 0.735760415019103
1.3345028885092942 1.116888746766736
99217.43988030062 1.10087997984045
0.48556258709912514 0.6523669810847376
0.23796265042580578 0.3338264091432695
0.24669685978004216 0.2605066314584959
1.9444307165286994 1.0340694292873378
0.16729401208811007 0.14382037581648632
3230.2565939460305 0.0795160440068679
0.7316635528868626 0.8916107987238413
0.997676826199559 0.9888791624430601
0.7662654017708859 0.8368917032350727
1.0456406740213513 0.7351137792770462
0.2164640139148165 0.16157402268037094
0.2621631542382296 0.1028498095726891
1.0365670612756384 1.0923723696410121
1.4470794888991634 1.066718674921719
2.032306065922466 1.074044332506538
1.4051269650207534 1.1717792164724856
0.8404002050520893 0.8970559101989557
0.8526500374949468 0.9664384759962459
0.2406729477473856 0.16388408750209005
0.30019282221731836 0.10323490935957419
0.9753876380056008 0.9428282766401956
1.4540931843269682 1.2438581847582557
0.2711259168882406 0.41963878777096775
0.2770578659164301 0.4101115027726187
0.5546736071661014 0.6301923629279194
0.7428186465950686 0.5614363824257644
0.678657778321093 0.7058160358991266
0.25548874068102717 0.3325270777115741
0.21144017440221125 0.254094081809537
0.18851814356640917 0.16487960215595063
0.2945726675205753 0.10321620014166916
0.4536852926913712 0.5381823865300545
0.8495260310085229 0.645657064250255
0.9826583988498963 0.7499020113411187
0.4468151852759876 0.6460117592109051
0.238588921877433 0.25411076061037696
0.24233798109513813 0.17123941691789307
0.5591157621739347 0.6019189260856483
0.8026896182843182 0.8605358026067338
1.2585803086986695 0.8654013114149304
0.3595421468424088 0.4803376262141502
0.2024063658059434 0.3103563104418515
0.24022981938728338 0.17377482339235878
0.2681320394234016 0.3439112592670926
0.15905287641484678 0.16497627366069478
2.204585254187233 0.6792070906881714
0.3237441671717568 0.4019736208262109
0.31216603497149686 0.10443588163868534
0.7911107024866151 0.6788753892277635
0.13942607374462418 0.2467444532139123
0.22399091295000245 0.16188246344182555
0.2540050873657344 0.10413812458509039
0.18648422162347306 0.23013057095238998
0.23899223066544073 0.11453926417916431
0.2602622391175876 0.10186926666396036
0.13738916767903345 0.18917986869998105
0.17441793293203312 0.13890996122048696
0.251319599127989 0.0877950596650238
0.1833918882325951 0.158740449455281
1.8612116026886962 0.2886008152573849
0.13838005976611167 0.12640361191118477
0.2639450355552798 0.10631894318881835
0.19879421932681512 0.09621338538969545
1.4581966368348867 0.214213473145002
1972.9518592092509 0.07840710013212959
0.9877548676059191 1.102234313017932
0.7722393120315434 0.8426056079170029
1.3253080762680653 1.1643584587768308
2.3595467899447575 1.5979927539422534
1.775573871504632 1.6044010862257245
2.702792857788155 1.8665841493519602
0.6100689913990004 0.7658024559746344
0.5931082102342891 0.6981966895404826
0.5562525716790465 0.4309214032464651
0.8749447969402476 0.503746384761339
0.8726161046871019 0.39854296563289904
1.196201691713446 1.06244656880881
1.3096804817168883 1.1560051092051793
1.5485719808473486 1.2867366034204615
1.526724422475794 1.0547841551879709
2.5460600605060844 1.6712510236188596
1.3015666276313238 0.9643068418612339
1.41635138627317 1.1394953463892112
115851.83211946051 1.2057076472322883
0.5003511944539188 0.6349715144930086
0.23804221386789706 0.40984887858936514
0.272752449548337 0.3287148893120817
2.3985744670692952 1.2880090870705954
0.17375116161156232 0.1430651636497322
3250.4149552040894 0.07966988915091028
0.7498644620575492 0.865788626666518
1.046176088545427 0.7361576105505807
0.21647979840812015 0.16160891014050974
0.2624332203464316 0.102816167230697
1.2831307862210783 1.0997202439245453
3.678488702760866 2.0707249361282085
2.2932120240185005 1.0752175902311543
1.5809865547646735 1.0589100968907283
0.867042578539003 0.9686743979292008
0.240703687054488 0.16388217135412864
0.3003718479434654 0.10435430748319008
1.011519455128457 1.040647502097006
1.503214866799954 1.2415878667934184
0.27155097505507686 0.39794435443852694
0.30352454834165354 0.46419826175507056
0.6087921748637104 0.6463237910280899
0.8200026801179838 0.50205867953743
0.26611332923355546 0.2686622812382483
0.21159388809332183 0.2541784810203373
0.1943727646100566 0.1688067386542015
0.2948726647089635 0.10353679348251404
0.4537194220966676 0.5379314591478948
1.322445278258043 0.6988315659933746
0.4699233032312984 0.6770247207413569
0.24788316454862022 0.2599941375092119
0.2456237387777844 0.1724329065575902
0.5980704910464127 0.6622814172582455
0.8867071698893502 0.892039349194095
1.514910788375351 1.027972721400799
0.4259994904342055 0.5464568783731948
0.21439153604568686 0.30706861452364526
0.24262653403044226 0.22945647844451966
0.2699221934527448 0.343496640775957
0.15938719620015557 0.16516845244870185
0.3401761877865284 0.4170152265542475
0.32094890349509053 0.11246064868823502
0.9120037989550533 0.6715528271329719
0.14112454134616761 0.2396892278999449
0.2242460479456478 0.1633581965418731
0.25439000657056793 0.10431662416828642
0.18671760647054092 0.23022358918632202
0.38971266344923194 0.26366575736596864
0.26408489546065145 0.10782292057283423
0.14396987378440104 0.18909341208345393
0.18179536333736646 0.13469980414471278
0.3921132065319025 0.11974646338298862
0.18427647011231302 0.1593021864329914
1.8644270047336293 0.2592812248360686
0.14888536942869657 0.1378306214299131
0.199155010842136 0.09494692100805559
1974.0429640866562 0.07838143290502939
0.9928309655176137 1.0773399955677212
0.7822311311491152 0.8535575666225623
1.3474814151415226 1.309916679148292
1.8281293486026677 1.6175862953213258
3.802705866037252 1.92372236013631
0.632359501436796 0.7763950789128484
0.7044292462811562 0.6362883184957797
1.489307964688214 0.7354646549445809
0.9867542502530513 0.49212016075071136
1.306613975589115 1.1346540730516508
1.3708717115725149 1.0979004603268798
1.5651645236149654 1.2951099394726682
1.528140125976451 1.0554715663452927
1.3518499103535184 0.9429399994330758
1.4373686561465397 1.1613595486874004
129883.29562869524 1.2207830581795642
0.5034952955344691 0.6070520449668205
0.26084839013372646 0.3371593517937509
0.33536424273099946 0.3420533163076499
0.9719485066944367 1.0088004363417558
1.2895259918593907 0.8630203013304141
0.26170138519812125 0.1879814930769956
0.2632690238001927 0.10517956054266298
1.320191717332162 1.1673385176879907
1.941786156096343 1.1622798748021217
0.8684338327047125 1.0218989718515685
0.2617768161619811 0.1780937310099988
0.305880549477507 0.10900795595062646
1.0494635369143734 1.0908546834072994
1.7311706718617508 1.3868673593408478
0.28072719481820674 0.4881654813682296
0.30853061247363833 0.3856530095276763
0.7805292395755372 0.6902396467522085
0.8220354806580804 0.5229597665766009
0.26746847070350743 0.2686021675590387
0.21943014224075064 0.2584013859612175
0.1981742239925149 0.14912782432883465
0.29721979463904047 0.10350514738919067
0.4542391725419701 0.5384498303965762
0.47237394084090556 0.5727501013458536
0.9136332315691271 0.8962300224238222
1.6790504508969133 1.002166647597989
0.2653671618356771 0.35149048194119575
0.25148954646847776 0.23818409893425635
0.29247906444165067 0.35915023208851904
0.1616244830794779 0.1658430459473001
0.3659654610901193 0.4062260032697102
0.33258756625270325 0.1218702071376147
0.14698618728665525 0.2425391859545919
0.24742674866012349 0.18689928872717398
0.1896286930639337 0.21302658868881785
0.26704585381426005 0.1074218702090474
0.14534112341876435 0.18050365462622656
0.18918458578826686 0.15936182202910054
0.18597128326852647 0.15502167778942114
0.15945029635698407 0.1423157190698975
1974.1274277600676 0.07837965929279055
0.9993698321475424 1.079316156220924
1.0110808146379173 1.0604121299582214
1.5847137197934282 1.3088823672983612
2.0710401033082775 1.7163761604335472
0.6696031142577528 0.6700420621768023
1.838988928176887 1.4936925508024066
1.450181155371891 1.257428981280729
1.570897922291791 1.2954975574952623
1.3987984311813593 0.9650020929291729
1.5050854150480584 1.0952184136924883
134398.4444242211 1.2869399841242388
0.5243100529486657 0.6927235723231112
0.3541729373923022 0.417606494436521
1.566152285963817 1.2387375982442155
1.0391407997309305 1.169233117511702
0.7075730311492823 0.3026788130938529
0.5325703030586428 0.1145593299809396
1.9524017207425497 1.6269598077154992
0.9164628486149304 0.9930511696796127
0.266482590072887 0.18243834531713843
1.2800611792906467 1.256028919328394
0.5945366458086588 0.7660962506475095
0.30887074132327297 0.3856476102074219
1.0575886648653836 0.9873396817036997
0.9606308080109622 0.4905010602520072
0.6761934014296747 0.7021143444588498
1.585500584791649 0.3341121898598066
0.30340358602239254 0.10997775973256797
1.103701080907401 0.8178994687372794
0.6063154654791107 0.653226994001786
0.919299156342881 0.9027277641724836
0.29304889406224993 0.3611037493370728
0.2599926008798836 0.24215661344170278
0.314196017114622 0.39679760499743744
0.1703357879246964 0.1709425382092192
0.46533038550753336 0.4062680639167379
0.15170151407928395 0.2425642507895985
0.44356509069303396 0.22065380213316937
0.2262630949764601 0.2594295535160054
1.321537172287187 0.20158462352360193
0.1477838569470582 0.17541301331426637
0.21877652913863976 0.12372440923438935
0.21072923775169353 0.16159796579088698
0.1601029168376701 0.14370046493945499
1974.3566965264113 0.07838888397532348
1.000139864929825 1.0792395942455915
1.0770548101334037 1.0395504793440669
2.1230735079553424 1.6547659946075073
2.3242206980983804 1.8705934291128306
0.7945519640976193 0.9374784070381472
1.5118489186794761 1.080634804341983
1.5104307309403397 0.9338785379165082
1.559101414591275 1.1085851942019436
1.039922579274807 1.1714325595977877
2.189751373342419 1.6861656010362993
