36265.25718487077 1.0790055604703037
0.22794213894635076 0.5039602265668913
0.17881127991292659 0.4054272020628279
0.15026692467988084 0.29239257461363405
0.17204392737390503 0.24009825968847281
0.151681587515628 0.15093305271575386
168.0082612445377 0.07857749197026465
0.5190310603704649 0.9414054108443901
0.403855706842838 0.6363687612639959
0.31983770077109314 0.45577159527081107
0.2054826073724088 0.22765589038204775
0.21643742808959485 0.16195492437178094
0.31195630557196774 0.09402398585630953
0.5231558146805352 1.0930101162090464
0.6053897154777087 1.0424996471676045
1.090462707879583 1.0549292163996964
0.6967514629410028 1.067810845219291
1.1327188876032268 1.0600454977767257
1.095008260092338 1.0441068124645043
0.5346792465043156 1.181243486850388
0.44107892567134366 0.8198017248244007
0.3382532812084189 0.6619549534942771
0.6073152997418928 0.6628566899472821
0.7367978682132219 1.2633544028417654
2.2472278152021783 2.5083205565192364
0.48816046374327254 1.0632467411462576
0.6176554406036651 1.1083400197357158
1.220141027376473 0.6192326328399989
1.0112913652991384 1.221371244159856
2.6882604546414037 2.35615508180751
0.5873510764384382 1.0845667020955558
1.1621996454126382 1.0930825787564673
1.050515054863894 1.0665261340305352
0.2793610686828767 0.46975743039205603
0.2341530522722307 0.43473239047551954
0.3893776067311347 0.5421487337348905
0.6395609551934865 0.5689685028162565
0.36504520236310645 0.5075376636010062
0.3418254260182698 0.5264623778830608
0.21852751649633945 0.25717896951205804
0.4838972021697592 0.16389097359097674
0.4174449429117538 0.7382741071345713
0.6519984554523397 0.8776889179743335
0.40481843128431905 0.745374765547722
0.19906916737071834 0.26642109421829474
0.5185852941036109 0.7679422278819821
0.6355299790730267 0.895924170486623
1.0335707550504578 0.9934313672005681
0.24907879989518217 0.46911424854791667
0.2547577452920287 0.39034559062940244
0.4311972311560761 0.45742995721946694
1.2193610895722462 0.5673740843815539
0.36306850930416945 0.5101367997285018
0.31519211662043956 0.3315478725616787
0.20108604675627467 0.16285911574378864
0.2663958746304387 0.11821407959065827
0.7969298098598643 0.6734881591392556
1.3783251954572089 0.7356406718154924
0.31190103835235194 0.5598707683167339
0.2517290550392035 0.17131914806415977
0.26098034310833684 0.11103631939062814
0.6019256047616266 0.5786430321161938
0.8917393174806136 0.7867986298198808
1.5482363306229818 0.9367836657826925
0.15581178300155146 0.3153393823092227
0.2596060820957469 0.23021131829149796
0.2733679392073044 0.16007840391720893
0.2231569177621003 0.2733197716353439
0.23654651983178135 0.160014803686164
0.5622838106637478 0.3545622874229188
0.3208623212688718 0.34656060519109466
0.9092879379269709 0.5428773553808652
0.1690725947992044 0.25046168001043906
0.2089814032835243 0.15166583214734825
0.3318599927479341 0.11685892160906633
0.26485657330196827 0.19418365387522035
0.3110972732834457 0.12185123115886455
1.6443015051337144 0.2703402643992907
0.358330718440827 0.21727500427635635
0.1803925353508023 0.1505616637270031
0.31298699258892554 0.1314093453722609
0.37124432023225973 0.10711927798501086
22.19169512240103 0.07829389524914258
0.5009963856746371 1.1332689250894266
0.5264057783620577 1.0669904479790189
0.6258592214687214 1.085970652854538
1.0708749241600586 1.1054463655067674
0.6658146108155663 1.3561916827877964
0.7151185282063125 0.7980086603236853
0.6172163600766684 0.8465372749404325
1.0801921708392364 0.7169171725444308
1.0133625982919052 1.6280855762321371
1.5292065440815348 1.7659737547303278
0.7122754973756777 1.5064231998711257
0.7066502536584167 0.6865828751053878
1.487910789412679 1.931763216235289
0.7893635351432668 1.0480011526933781
0.8338449351388453 1.050001813829303
0.9650660118887929 1.181728630162286
0.46803734215689935 0.7357480810389141
0.5649596102872669 0.5663947289567031
0.8475944703421412 0.42713784679297506
0.4815777920504429 0.6741790148516686
1.1741377930339314 0.6586033592750273
1.5468076928837704 0.6922276845718875
0.8627554341314319 0.5218313849026586
0.4886176430556996 1.1035900648536983
0.717427580879813 1.1306613830708474
1.2535052090465166 1.1569662622534795
1.2656411360887456 1.340733369193496
0.7592888714183847 1.0821416638236485
0.8985318911465657 1.2799279397557066
0.7747936444051572 1.0186168712324684
1.0314697427430275 1.045863059994842
0.6530593775554877 1.084694875533293
1.035216477395111 1.094163612763965
1.305262682752322 1.1090003216059692
1.7925199203049131 1.1295202957775605
36707.823822757084 1.281922726220991
0.23734974425550112 0.45721743321941766
0.2088845291678642 0.44581751828302685
0.15157824933789396 0.2923842888472008
0.1791106074431624 0.2406917163558151
0.1582386151856658 0.15394780147162201
206.82446720981855 0.07870011071106692
0.5192359539322975 0.9014303054087938
0.43126558122416914 0.6435296985020444
0.3237717218025782 0.46661648919689214
0.4137409531082379 0.4264344943849235
0.22018558303370947 0.17428593300363565
0.3184263827830178 0.10873439168163704
0.5474427935378284 1.0697325012125503
0.677084079408225 1.0643621259740188
0.7419215348105911 1.0890689334287091
1.1505690848395034 1.0377659205721237
1.1765810391930327 1.053354360207436
0.5352180874072374 1.1812023438328618
0.46421126692937065 0.8216375267716551
0.36068009921172917 0.6628632638449001
0.6133564210109332 0.6193559613089086
0.7420301924818848 1.2667653215263315
0.5059245021316121 1.0636902398543326
0.7311037215921475 1.1140354314184528
1.8425425814847292 1.0370636677683789
1.6008336279977542 2.3444171974978016
0.6763990371129018 1.1110787857604636
1.4069039727518047 1.0497031863816078
1.089307727526894 1.0665259043192392
0.30835294544301056 0.5371273151728655
0.42182855998330016 0.5716369697206675
0.4021180317363348 0.5624354977947938
0.49940511837567714 0.556483392406445
0.2198584655422185 0.24733933811790304
0.4881411104614334 0.7620056212712947
0.8494738475195205 0.7655859055392733
0.41527079392261806 0.7100889317822778
0.20383478086531032 0.2705972706751375
0.520841391374514 0.769394608908313
0.27955691387303405 0.47172321315177085
0.2687043318521702 0.3935107098194478
0.46313044776117207 0.30775302810342775
1.22670281193862 0.5637257132865567
0.3679271186572902 0.5140380664855017
0.20267621923853396 0.16081119274393055
0.2710168197387541 0.11627227329521075
0.8352802174579883 0.6779863059488458
1.9690948910231163 0.791940616399174
0.34016502487357253 0.6189108981483129
0.2518930864510755 0.1714019047511477
0.2637246087869571 0.11033111050750649
1.3355519906446252 0.8860530937457075
0.15624526772275676 0.3302233971965999
0.2633547789215082 0.23118435725146158
0.273648984015642 0.15907788752878071
0.2989007048291069 0.3548678855224163
0.23980597365893874 0.19293993564675077
0.6092852269709703 0.4135154022907785
0.3535303129409547 0.309404074426883
0.926504830837497 0.5381311565112527
0.1913216553635907 0.2604760883092388
0.21236098078246815 0.15054147265194678
0.3322691260213595 0.11792839431559271
0.26999482712358 0.2000966186238772
0.34717293684166806 0.13014342286121428
1.934511668475198 0.26562615973183834
0.3914115692276201 0.213492089503085
0.18518712342370347 0.1501490032335192
0.3192904088681907 0.12859388354520762
0.3751823304895743 0.10631798030574129
23.115801649497687 0.07832866247648992
0.5235675880104546 1.1465480449516026
0.5430752661402063 1.099274940932639
0.6521561031571464 1.071488624720636
1.1317979120710253 1.0860569688900554
0.6847666527360964 1.5350685873437633
0.8419257516590213 1.0263415966049594
0.6976126426232659 0.7163598405840624
1.1870371556363417 0.8147957232225091
1.0155374492657252 1.6307055490442703
1.6433219996049246 1.7774554335316308
0.7355908359894924 1.5055582646388235
0.8703757069658806 1.049523764864042
0.4946119234873386 0.6890104290656827
1.35085956784362 0.5115711575135202
0.49883998000740404 0.48935858427175444
1.1847086859345082 0.6795371932841435
0.9722473449227531 0.5034006794202388
0.4930358165930834 1.1032802578851126
0.7244553686064152 1.0854988451236234
0.7857682963938316 1.0786029386395104
0.9020023389003435 1.292332436495589
0.7817766988353907 1.0185396401502962
0.6900333643386702 1.0786240220493042
1.882267092445343 1.1136332918416458
40409.100489781296 1.8946491869214053
0.24454359080089577 0.4467689494052903
0.22677480214384055 0.3596602606085548
0.1633096702809058 0.28396221570604097
0.22049961414750632 0.25854769584961523
0.15836819401323035 0.15401871710744985
249.1023462459861 0.07882166061424828
0.5206018914648358 0.9698643472520416
0.4387334297160312 0.6786429773693509
0.32459370713252444 0.4827016874291862
1.14048601543774 0.7434274911839687
0.22561605422563805 0.16012983621109594
0.31848425054322027 0.10766774961260353
0.5510898831639246 1.1105615603944323
0.717478439675757 1.0221823402936587
0.7479391658541277 1.0734944393368222
1.152432613758778 1.0377659205721237
1.185285645190456 1.0814484138523786
0.5413416231392834 1.1664497887593284
0.4694442325347515 0.8206882346657272
0.5157226898056826 0.7148577805803373
0.630949440776782 0.6776171228305394
1.0215309282677372 1.66777288208284
0.5074615990092272 1.0720614154287982
0.9484908014965037 1.084446116977083
1.946592466597696 0.9929856339597026
0.6999045198508891 1.0463980503315131
0.39415392494995716 0.5831000193873064
0.4252236589902474 0.5718883513851135
0.40633159354055837 0.5637439046924961
0.5438070784696104 0.8191494546955226
0.22043132680687805 0.254996910183713
0.5477630604346526 0.7823582735268151
0.9568357117302748 0.7885371633355365
0.4158343905987556 0.7294691861516873
0.20866180830702147 0.27327304052250734
0.5212471975548998 0.7716418664616111
0.2798741107715297 0.4696761782032109
0.32194603549995604 0.47965429024604644
0.48252407516691975 0.4773803214361344
1.3594332391232942 0.6779120709208606
0.497854137797374 0.5424567500121609
0.20537372231694664 0.16056571893303734
0.3291365062072187 0.09807143149126188
1.991399776602302 0.7906499315147975
0.34428716299580886 0.6178000203501348
0.2520052826741243 0.17266853796359793
0.26711994751124324 0.11611490990745216
0.175071209450629 0.3467603563766451
0.26806863102848943 0.26451536957934074
0.27491847494070626 0.15086118064908258
0.3332423549501235 0.3610428076835075
0.23984559608751704 0.16130217793884177
0.6587788511894466 0.33844063961285337
0.5385807296067643 0.4797907478118133
1.084122464477575 0.47713883535950047
0.20881239005411478 0.21133639622436812
0.2124790737750592 0.1493581963170789
0.33728879147795987 0.11426982246995862
0.2717830315824335 0.20131668447969023
0.4189222265430521 0.3045843244148043
0.1885495551369429 0.15067637735800005
0.32282561326265724 0.12846170266359597
0.37527640631928183 0.09763001292794798
27.38808357415172 0.07834230210596685
0.531718430403987 1.1307263523800744
0.5437279109444275 1.101223895680697
0.7295195592569325 1.0614959462640727
1.1533895370451348 1.093135361153049
0.7189012007065586 1.379899609547152
0.6989210444112761 0.7062670777978269
1.317321730799515 1.6031970482154527
1.982017998075504 1.770856525003731
0.7716376411226612 1.4582788842686656
1.0434535654623023 1.0207305008000906
0.547143482945155 0.7458435723939676
0.5060096465958259 0.4813842060910089
1.2184384387822362 0.6244737893330291
0.9940908790603751 0.5177766101394945
0.5435823131623712 1.0792608765767968
0.795200751571409 1.0918831135265075
1.0840733445104038 1.0527424719645273
0.9027289276179984 1.2923613958800722
0.8003224186035645 1.066860177462119
0.6948214217821276 1.0970288111535815
44108.98414997967 1.377372739450522
0.24479801860135458 0.49627057598142194
0.47369132826169197 0.7974739717053887
0.16532755214033348 0.27546006756038244
0.4080271535100002 0.4568266901739182
0.1643309075389996 0.1572132961732381
289.96453081057746 0.07888193115579256
0.5216559905618543 0.8332631008043759
0.44216573284103744 0.7163083607891316
0.433630024593897 0.5481084872582853
1.245296483263036 0.8140977166721617
0.2749952014137954 0.21305615831829533
0.3308209396454639 0.10894482926407356
0.5885917778950464 1.0708689695489104
0.726721121080458 0.9145823085133746
1.2402504974350232 1.0815008727977817
0.5419588558419185 1.263454989420115
0.5320284062434457 0.7136998128553491
1.2819625609512364 1.163929855941417
1.7796363951493903 2.530037769632319
0.5495368524606965 1.069615786627185
0.9616648616712797 1.0459691009712282
0.7034117665317101 1.0461971313612026
0.49451137473604917 0.7771792670940965
0.434153984658919 0.5827883400978626
0.41814192866677075 0.8217202612966923
0.22178391527129498 0.25786508490824156
0.5570534024924703 0.7932093872090904
1.1937145946199017 0.8903260177492096
0.41645014008839276 0.745300726746072
0.20880146110098627 0.273371221459432
0.5246394070051157 0.7479907791561073
0.3094288650542462 0.5724530259233868
0.3757375271683081 0.5103728883780876
0.5226908826507396 0.6644208359553355
0.21019042114271885 0.15949146140148304
0.3436291828154723 0.0895331970389657
0.48691536977527883 0.6374243241479377
0.25205946749562064 0.17019143250584
0.267384251976016 0.11601492819617171
0.18580114582873652 0.3464827507882397
0.268101007754759 0.26526469625254967
0.27527307235168497 0.15149717173789332
0.3718790650413205 0.3436239108574683
0.24014289603185424 0.15588344878919994
0.9925561409298664 0.623947929236508
0.5482230775030397 0.5032147961851465
1.7328487649725783 0.6422604417740088
0.2099832414681212 0.21123041990683042
0.2125258162895822 0.15052177767119265
0.33966064006100694 0.11682388284691103
0.27364374759118953 0.19989511446973157
0.47318286486432903 0.33867319848420074
0.1950333877201495 0.161839962795949
0.3246162995338101 0.08813863501080435
0.3860978017404758 0.0970987574053597
27.643172778268355 0.078347818241627
0.5370883767244197 1.1325008957750875
0.55761769238337 1.096786752609118
0.7763114492256585 1.080382914947864
0.7292618496469733 1.2685477088579742
0.9314973895882868 0.8395207598203717
1.3241449437349053 1.3517711783405832
0.7749348403282479 1.4591368037518926
0.5793151103870864 0.7200275878461573
0.5542282490058683 0.5647113990426791
1.0632956383098315 0.650139887334342
0.5490534976267798 1.0780266407177161
0.796941330048936 1.0745603825550754
1.0871570306209632 1.0523053647618066
0.907327025212727 1.2826667144789865
0.81711007172385 1.0176477560538377
0.7743977991343449 1.1079523460457454
54537.827826161796 2.3920888230294164
0.3885153346792576 0.9011601601288473
0.5716711475578212 0.8236796286371096
0.1752207775111688 0.30370382911056076
1.1299513850629825 1.0231815617733222
0.16453478421921125 0.15727397713848318
84002.48437620609 0.27706854660115393
0.5218118265416948 0.9859762355595855
0.47031852977329414 0.7457890214426477
0.5795313128127186 0.7153279620976811
0.5927575057585351 1.0723573610821884
0.7704977853785145 1.1001295805234121
0.5915111074591711 1.1635043939755272
0.5610736771606453 0.6332193682460739
0.550459549598229 1.0448055761992272
0.7483770543440997 1.0394721415863521
0.5967714350190546 0.7264150221897483
0.6453665792498755 0.9148122426741321
0.25308247267225104 0.3124612832390155
0.4205955410862266 0.7265707121574965
1.4115403223836802 1.254266863159211
0.5222728620125907 0.7469836014709741
0.21125743084262105 0.1580633136380519
0.3479304263578748 0.08567814957988175
0.5872908660082575 0.6315879800780726
0.19788239869171792 0.3145988634415691
0.2749155968752251 0.23171029045677413
0.2800237575336542 0.15763484858358262
0.38340927183737256 0.378946719812477
0.2546776788111601 0.16285618189749257
1.1696358556437154 0.5742304522390738
0.551302407004967 0.47970090174000846
0.2144964603746142 0.2102850081605774
0.21289801719018073 0.14951730975445643
0.34250865795135654 0.11677530327070776
0.32439084650657607 0.14085552352143468
1.0129637934276556 0.44454157363304814
0.2058980261732895 0.14940498425326773
0.32472720984928316 0.08861309412980826
0.38927247533494225 0.10840544880631087
13541.670320405454 0.11041761875183001
0.5772213036563213 1.1850120566619213
0.5588124865960152 1.100849936154645
0.8392316263486259 1.108408837274336
0.7433603344991502 1.3798936520297032
0.8399446328714113 1.2594548683203943
0.5550837500519846 0.45151901896819246
1.1147154748250374 0.5649607869163251
0.5659990869935526 1.102159508144274
0.975829816170628 1.1011060729033328
0.9208136707860712 1.2897051641775767
0.9427599231734791 0.994859211711661
0.7795695300324804 1.094812285785402
0.3546476363816481 0.11420193855346775
0.24833334245921979 0.17084349972562501
0.551251729333025 1.095756697855417
0.595851022427597 0.9777479815898928
0.28068793558518323 0.15798025224416248
1.3965471565589846 1.2181817533872086
0.28102555793631867 0.2571687737747841
0.8826825106773017 1.6243070748827746
0.2409594449419699 0.22156531672582044
0.2098444714221826 0.24761310931030794
0.5618730726488538 1.0515393029069107
0.7666220300410527 1.3038403801649543
0.43501861521069324 0.7056611219391691
0.5957851832532 1.1234737258203882
0.2095253618329819 0.3297240653862567
0.6707308052840859 0.7944324762423323
1.1293035002455671 1.0785940958759774
0.5833412239436782 1.251839826288228
0.337534571796353 0.25843850512051253
0.41725605000141996 0.3076044613778167
1.1758850449065557 1.0454756122521478
0.32785193763144777 0.08869435840193847
0.2504660021997885 0.21457483139196873
0.6289251947984045 0.8650325098198604
0.2706707277954187 0.19438803601550803
1.1738062762113834 1.3678090567221126
0.91336185535718 1.0918129204771079
0.5754586059696106 1.137996801148995
14371.978944306631 0.08986145294636412
1.1243999519656434 0.5589526849683302
0.5517399896872395 0.4767982535915513
0.5996286807689709 0.7054077468910791
62988.596804862835 1.5657720953299423
0.20995348760976246 0.14795928977390788
0.5245481734959485 0.7500958954418766
0.6597353472462926 0.6646370875029174
1.5870981579893582 0.5740136310319335
