1.4429272963303759 4.1709710516262835
0.7535390918459224 3.064205127938382
0.6380903501590962 2.047894035400715
0.6795745214884595 1.459779503337563
87.12326833580623 0.8939180839643139
0.9844764252379774 3.8526612460144625
0.6523033405517092 2.204795336059992
0.6660927587003178 1.5401552732072348
1.0099251517060677 0.9620939232781722
1.1299569975931971 5.140251003893756
0.8725392664426205 3.8082686008762403
0.6448482071038499 2.368644301711627
0.6470755637463541 1.616062222505653
1.00836662040715 0.9325975217055763
0.7586786153256675 3.076119763686908
0.6059575879165869 2.230089850441847
0.6364374776987066 1.6066511966284798
1.0266935385903537 0.9764929145054306
0.6396508684551262 2.0438993543453425
0.6812089334700706 1.5634847050159477
1.0297998271040056 0.9633832547435689
0.7171494079165559 1.4831245660081371
1.0538938289887996 0.9815752105712446
26934.300685639904 0.9978562177866221
0.899238165643662 3.808851784782599
0.6022178635310548 2.234515476380958
0.6562758839498243 1.5400751748541162
1.0128722647279345 0.9624796552477307
1.8151378478619153 5.132085920240009
1.1902343603569685 4.114813236711389
0.7136739106532181 2.762009371401965
1.053012455065887 2.0927601705605685
0.9158816206307167 3.8545571138840504
0.7467039600166114 2.7935422525130575
1.0742062710706552 2.17489216051447
0.827128126668967 2.695687844662408
0.9711052232413006 2.0424837550326256
1.5139034420146218 2.10650226129434
1.1709566180311657 5.034331512104713
0.9063922023266032 3.753267772258024
0.6504955064259932 2.438823401817987
0.6593271437487843 1.6267871599748611
1.0140004042674224 0.9704785144265504
0.911409018594659 3.9026042486744403
0.7413860501720961 2.793103504695937
0.7965046525334183 2.7295981768425808
1.0369773983838666 2.0402146489781963
0.7237207391152721 3.036703661883913
0.6561855341438149 2.1791208373590973
0.6316401563776912 1.603643262112953
1.0248698969837613 0.955745106864774
1.1053429138634112 2.815321494010461
1.449940251756449 2.2713648705560803
0.6137695258484052 2.0134915611539808
0.6517836049667511 1.5384004746781859
1.027366356220571 0.9574472763704976
0.7304672776676218 1.4883583980088753
1.0481821340647919 0.973154299698417
24726.518626003006 0.9913538327806086
0.8520416039465117 3.7460148355954317
0.8123288083995924 2.6290132159472535
1.1123156545631712 1.9489639919935084
1.1952175304736163 4.107614781410897
0.7488049971759311 2.8011354282196725
0.9648955445213696 2.0514225700901774
0.9228852537242973 3.8905734777816274
0.7532964354319418 2.8375250019928027
0.9019393579057107 2.07906594647789
0.7661252144521286 2.560141226644206
1.007951223945736 2.0548769715163457
1.0245049266317103 1.9155113676811921
1.2086924104625973 4.143190999654896
0.7448627276032936 2.8056023033963333
1.3509459710913194 2.2323868291829427
1.1978978682779757 4.105630542825856
1.121697437492683 3.556841254543146
1.3545506489527697 3.4869979862861706
1.211983148485544 3.0446429460377518
0.7446843975630566 2.7832832886331182
1.3027338953493939 2.211104523831729
1.5484241516047514 3.5194031784732607
0.757612465649933 2.5593919160596883
1.1611717436642763 2.049376240245727
1.047140219910343 1.9308554798518966
1.5376367548602223 3.9675616577444583
0.9234527333399715 3.8378634418511757
0.8659010336646247 2.719903499399894
1.3449283621270407 2.101824232109754
0.8807753523816254 3.850547239666061
0.7488856529453769 2.7909017641631717
1.0822369589630374 2.2090451767494423
0.7264166639820034 2.6058294255196754
0.9318637606922867 2.119565202819477
0.973065600815749 1.9726953409271322
0.8819357127086018 3.801803681962145
0.7262701943996266 2.770710621871116
1.2288315378100676 2.2101018027880093
1.6454338154517933 3.652265764166493
0.7151275327866605 2.627170156338649
0.9405584270919622 2.103214630803272
0.9574394942297747 1.977424957112142
0.7294696070495276 3.0814260066696972
0.7924313936229129 2.6482793491981216
1.0138131437442564 2.0131731344607866
0.7633479531670407 2.5256057453895586
1.0404253564755714 2.0271514964223583
0.8189714106657028 2.6493354064057213
1.064214027836763 2.082232580360577
0.981370985276821 1.958870811101246
0.5954864281241545 2.012953637245589
1.3415505906684175 2.1017593810351105
1.3647076822523485 2.09587713779373
0.6668347184144072 1.448516635895603
1224.1164167009722 0.8991118379779294
0.8827711730205767 3.8030201485611626
0.6298206117665657 2.2736202871314544
0.6662874106324795 1.5527691963153907
0.9988673126214106 0.9299183233660078
1.8317330660666007 5.066270372294277
1.2706115660003097 3.9212312306771704
0.923605340485742 2.2899237449025405
0.6410917013555223 1.6622947132905985
1.0111157328377118 0.9493533509361072
0.9158895313472255 3.835289152426361
0.7196572199019584 2.7000521657939416
0.6292047845979832 1.723974214355438
1.0136542768267918 0.9842957984124961
0.7172112823719168 2.231483090920759
0.6491443609541666 1.6579217220131868
1.0315352935260373 0.9624778046730595
0.6841917414379959 1.568633474392463
1.0423467915502584 0.9760414553859802
1.1159150321081959 1.0245748727906423
1.8295850162452307 5.058738369247176
1.4099870095331426 3.7722056658788343
0.7144025721321191 2.7185094972938804
0.6305352201998798 1.6413907104804308
1.0066763227973805 0.9493494737154264
1.0363123295842838 4.650102940693144
0.7473912301891317 3.0557046222797597
1.2441693794948736 2.251556600138028
0.7494521960766425 2.8170857537839504
1.4740367497453093 2.428588338696492
0.9262191921490419 3.895010677217279
0.7451623825714847 2.7808976215514187
0.6048440294261763 1.6936668151106742
1.0206074098742994 0.9422537180690416
0.9365625993146828 2.8452859444296945
1.8077149491991675 2.415491071402797
2.096151909336051 2.3659411245785447
0.6148894066574584 2.26847065081369
0.6524756940727715 1.6649769884399532
1.0277715963602498 0.9559013818524449
0.711354932037223 1.5787828711519347
1.0538292830227305 0.9820739946967194
1.1183059680464085 1.0306560918118148
1.2167527865245227 4.035900842245317
0.7706527096791287 2.8165843632607666
1.7226114395864829 2.321251083775967
1.2183581088597875 4.0430888978678015
0.780079291521689 3.041110291505877
1.5640467857259541 2.604507894517986
0.7555383372319537 2.7940882172023005
1.5754818189778292 2.429134360342154
0.9619937516034383 2.037076208518269
1.2143519977841108 4.0902612287094735
0.7464637610765336 3.0656985959342418
1.182834445719577 3.637083490224781
0.7394794070633115 2.799489571645588
1.9428182980846371 2.4838891863085295
0.9497767049678904 2.018679841090602
0.863556210906327 3.7831355016945407
0.7604079775500215 2.815201546342757
1.709739403729475 2.2665169708336776
0.7360644590854685 2.769723169813678
1.6916342306900682 2.680905397816771
1.2877094205591733 2.160500829576323
0.7153125647980503 2.755042358685226
1.094301229405147 2.1450869042847183
0.6513355719651067 2.2460087370164312
1.5771709674884065 2.0889412413493496
0.6414408914163207 1.5333412415692163
1.002543195290258 0.918628234076796
1.1800692292609873 5.095567852472533
0.8524983871042003 3.7556594327612016
0.6505361140794679 2.4081295642554847
0.636619323364292 1.6094743064688708
1.009638468230024 0.939681520893869
1.0026222205513982 3.609105424054926
0.6716982187108262 2.651853370065873
0.6305351613683361 1.7080850813418924
1.010243568232931 0.9384332412490163
0.6569412760177696 2.4208790585824946
0.6172370328291525 1.7005310079695513
1.0162705736299837 0.932476878208219
0.6619505644832352 1.6312492730747423
1.0679663407419193 0.9899295721563659
1.1137488493284413 1.0337764791004773
0.9938596257190055 3.731547741548198
0.7272962283660696 2.7642120208772374
0.6239840365290155 1.7041601836097002
1.0280397728303419 0.9695085149757064
0.815303525557882 2.899868335014378
0.6357520205308271 2.422656225866558
0.6453292960894533 1.7321207198135324
1.0197804918119024 0.9471812625184421
1.1136294614237747 2.1417051937532863
0.6603214365331573 1.6261735717284844
1.074441332557361 1.0413368129968656
1.1166059911723658 1.0313735546425706
0.8964994062253127 3.7476379988557538
0.7256583486971127 2.799135715436253
1.966409009833237 2.0657243977049577
0.7396486243627528 2.7574595977256404
1.3927620426416352 2.225749997815867
0.7197620805744679 2.7758469352463715
1.7279140412241494 2.324377280480403
0.7978047742953889 2.6539620604081984
1.5457586456720027 2.3811081952156603
1.5455916179717626 2.342799194326177
1.0704805882611352 2.1454665064857004
0.6428060567622158 1.607189080842319
1.0110186276288369 0.9410415446880842
0.7218834227802411 3.055450075965929
0.6354514072942385 2.2782651774711047
0.6449552634491511 1.6057280798717337
1.0054761054630699 0.9484968701348261
0.6142509563045248 2.2314307354868186
0.6429756464285306 1.6556720418390851
1.0093477953175725 0.9593834618994564
0.661539775089127 1.627797551758063
1.0310717300368684 0.9684003109723879
1.1105051723228843 1.0318155252648067
0.6269554574468255 2.28716595968108
0.6396286009254547 1.6587088882020884
1.0182941517804618 0.9584778340014255
0.6697049651661724 1.6304050311984044
1.0365711097467174 0.9554184184035286
1.1155819175290125 1.0161098824978771
0.6297002369785879 2.2379778700180517
1.6410919623021791 2.361952829269082
0.6252989185542004 1.5938497490492443
1.0090160477160393 0.9671272845343937
0.6345527300262395 2.0302004330575203
0.671131847823299 1.5568709574754331
1.0089215061983023 0.9497105278379092
0.6728693594545606 1.5556850506368312
1.018279827313294 0.9700549347471005
1.0963135646208182 1.0093695396597535
0.691924901119144 1.5629135707874895
1.0286210273221543 0.9531854416995642
1.1178529675023599 1.0446941101670086
0.6527044210223075 1.5372867431010666
1.009914252776907 0.9518838254165303
0.6817751735980799 1.4415632750586056
1.006961173909969 0.9190922692676984
1.0797084792572171 0.9963336160307809
1.099905987178891 1.013614039193445
1.0082632116326444 0.9486008430141258
4349.483060737497 0.9016069752746948
49826.734955122745 1.1003203303116245
0.8024443654125093 2.156597368590765
0.8367283207016674 1.7963977334583021
1.086471290475882 1.4664883793599317
1.136698987537183 5.1056869146153065
0.7145705320975213 2.1666722750890277
0.671121848081487 2.4766263220823372
0.7468415959305994 2.7935543755798333
1.2569912659428686 2.8011675040601696
1.0114139668380369 1.6493123417374682
1.075268230630538 2.1761792219584764
1.0031232694866312 0.9207526801382035
0.6981224648044018 2.3143149608323785
0.7895794821417751 2.5914315467854556
1.169957275407492 2.1095524150688894
0.8718418720482137 3.70682804900094
1.1142194620244008 1.0390229894673642
0.9249115359707984 3.8872595788975417
1.0111088734515847 0.9410415446880843
7350.072626580339 0.9251247138087122
1.0381925572787443 0.9759655243856519
0.7516241011833003 2.786886259738017
1.3424194959279916 3.8366982981883857
1832.8815574988762 0.8940620805557371
0.7567239626356893 2.8123610855426735
1.1667154550253884 2.0871771579843545
0.694445737323856 1.555868335094744
1.0696446803941366 2.1073089763777677
1.5921384225629345 2.22416136988081
1.0646520148247642 2.0827147847041827
0.7934049343515561 1.6445127665098387
1.034016886475844 1.476612780696202
1.172829325178086 1.0848184071999727
0.6161129446870117 2.246810778283394
0.6574031205857427 2.058519727869408
0.8360470619624178 2.3469891079956353
1.3677652353474672 2.9930055281631995
0.6370836215968059 2.28745656406984
0.7784918706350942 2.818883827858087
1.064376697851734 2.9469665248460157
1.1711385592969654 5.017891441688179
1.008118449057613 0.9178374368441469
1.2798088456804946 1.2339814810275236
0.833499093741146 2.8593084612287054
1.0145378179816034 0.9738334094642622
1.1940129318913266 1.1059150305269119
1.6960359209415627 2.681456725978369
0.6709173484961364 1.452003868483814
0.6356835381252851 1.6009262252332206
0.9147596966697104 3.817540002143248
0.7545985629838949 1.5288335019966883
1.046481592114011 0.9932612250989249
1.143863004536376 1.0315604005146333
0.6787984958410245 2.1607850525011756
0.6420714419903543 2.0464566409990197
1.2778682568328743 3.0613801637664078
1.0075961703703737 0.9501978404558158
1.058875913002805 1.01489992279087
0.6222858925619706 2.2187351687310275
0.6306013937379072 1.9982250058730853
0.6384357276057968 2.2813539122913795
1.2912056867725434 2.725909946689771
0.6882540000169439 1.6465117621146366
0.9300100711290593 2.7356115677275366
2.4059170666531755 2.012391411689017
0.9785248023937381 2.8439848360000815
1.086982809835768 2.841539412568655
1.1592813032211182 2.8178502353263237
0.9730012698306699 2.1195669008158906
0.739271216348934 1.6027179162920207
1.2352452808382048 3.703669952449376
1.2135302552123308 4.09428107980432
1.0474957295352774 1.9381272761032247
1.2956788655492826 2.7984678699832557
0.7255964339634431 2.7015537513685466
0.7430539614861229 2.614552759826937
0.9333700801668556 3.205643032896805
0.7212634084956967 2.6262511184488866
0.7925593684747937 2.8266836227193086
0.8840665297777788 2.899159358411535
1.0110265511893757 0.959141230983937
0.9260690177132858 3.829745764634497
1.0599418003196854 3.7305408623605203
1.3303389047132312 2.8491461632148543
0.7863303327306417 2.106908881913113
1.024597295050988 1.9159398889985313
0.9760584463821059 2.0570870252521063
0.9104601561391032 2.6124044343412214
1.2285463971687514 4.087075431927998
1.499364140657633 2.7978023635293345
0.9505140572089092 1.7622573683533629
0.683485217893276 1.524845557127918
1.3518786742912998 1.1378667122816828
1.5351956984812936 2.553637377301847
0.7282119257990036 2.7794036430276083
1.0456137189537495 1.8549190281472874
0.9044067680934595 2.553946394620988
0.6891753873973808 1.4583382147003972
0.7074160323385723 1.5866252959324803
0.9580046044124187 2.032847845891637
0.7508816460743541 2.7924202491372747
1.1391793837112538 1.0794872720902895
0.8782756927873021 3.740106332890159
1.844991746573731 5.030802258409655
1.0312936984739733 1.00159946397306
1.132013327764594 1.9730731979955227
1.1161158572732035 1.5465089965245602
1.0376721157885234 0.9688583929672578
0.9878690580024857 3.710337323371617
0.7213015045632614 2.39723757786834
0.6813535689026853 1.4612893671009188
0.6769691049677902 1.5106825581810062
1.0229233367292543 0.9518379144932467
0.9354221978462189 1.638220763465834
1.096405123613648 1.003622686326768
0.8034179174191216 2.736626652351249
1.180608238732248 2.3434004971233837
1.4437205909640412 2.208777733257616
0.792618797800286 2.648863511741504
0.7563165654466865 1.6287692407550174
1.0433516870115973 2.091922409077454
1.1004099056202896 1.097523175445894
0.7414640223206836 3.044385060415713
0.7341744346553597 3.0617705698200712
28663.9206417796 1.009357930647639
0.8569238839449529 1.7837176525657992
0.6684463012110262 1.615115969245064
0.7754301541785906 1.5695180579368446
0.9728759324122914 1.987337113858132
1.016330075964235 0.9801107483960263
0.7970006205173927 1.6595544294018028
1.2590282009253697 1.250883013987771
1.5817006811986636 2.124958204393529
0.7321226115747197 2.343719022028396
1.204937411456722 2.8310209856126924
1.1097151642222813 1.1093003958692789
1.44637582995833 4.155179028038798
1.388581497394174 2.1830648665912715
1.0875992060456112 4.003919168919125
1.0556988206759155 3.7162749277942755
0.6575475282970206 1.677187892051758
1.7066968061005712 2.44692556829457
0.9122983863955033 1.6348879260497626
1.838048503184374 2.500923749864083
0.7599165288662316 2.735349490729057
0.918962305274589 3.922408521355224
0.6757039342120423 2.1668162034953826
1.7976434182047525 3.693667903498236
1.2933821785426252 2.1171498017406476
1.1193672138076083 1.031967203646794
1.3382894970101233 1.2123980823446499
1.5594247486376553 2.3348083032576517
1.0375330524042483 2.725218233879098
0.6779921264426062 1.6468226814618774
1.2988485136191472 2.9788037238067737
1.0029726177366525 2.8432769440266332
1.1147954756799692 1.035728117190887
0.9266404410128543 3.904114671235403
0.9160596613565524 2.451049543204684
1.5343024363602744 3.9579976678819433
1.4915356724467568 2.437145592197426
0.7253094904360716 1.5856732869856613
1.038293541034356 0.964210792061521
1.1142649133012594 1.033936213009371
1.013462092745539 2.013068933838864
0.7512760006503738 2.778964122676652
0.9096198289454639 1.650864415198597
1.3539506818254936 2.8364266617795617
1.3942814088505875 2.2481796334239847
1.895641125451067 5.0676258866104495
1.2603458444426106 5.037610135953155
0.6337989016702423 1.673297970350875
0.7930891522268728 2.8250401109763676
1.032892340704247 0.9669980101080731
1.1980312901115542 2.7992125728441914
0.6721130115547921 2.6522674868007496
0.6442615712162872 1.586383635665712
1.5726440643220347 3.84722805129951
0.962083353639891 3.678705184551202
1.3939447546171109 3.3917827323694105
1.0962531517557021 1.0184399496694614
0.6734829077615302 1.6385610974570675
0.7737512415573337 1.5924792650674764
1.393885378316439 2.354908825981295
0.8994135748199594 2.71776703492179
0.6435540970836038 1.6062739647341167
0.7912986199685594 2.973444231250048
1.0079990976620914 2.1578714729892323
0.6593455337711243 1.635373329998921
1.301936052084245 1.1947573160934253
1.163387001161167 1.0748847999788291
1.2495598784974098 1.4648333370149078
2.055938409172744 2.089105940176491
1.2718077576499787 3.8651039184550102
1.9791616905622302 1.9212660902889582
0.6778848912914797 1.6319879844535463
0.6797810027806076 2.1770782186606565
0.6426669813664465 1.6616966279254766
0.7265639264776736 2.6059278969866067
1.0369839698765828 2.04022077247696
1.041584763916041 1.8232007978578593
1.0123759595750839 0.9485182107757625
