50512.20760514836 0.6930511231109318
0.21786081516047615 0.4307402786920233
0.21699813469472856 0.3836359892779773
0.14409049056656617 0.2507274601108715
0.11608470210644668 0.17917862404985874
0.2704494820487566 0.17742077595398567
2401.001322930248 0.07936918205264754
0.6339340645885914 0.827033702864406
0.4525196797263932 0.5487348523808864
0.4627823413842177 0.5230907342898048
0.1916429597382439 0.22501725684910498
0.7099487184834126 0.7692245695008342
1.1725092639353183 1.1020341816477708
1.4121547004170516 1.044646766001898
1.153351531189078 1.070125572593773
1.7944470432790185 1.087016490683704
0.7776074367322232 0.959550262891208
0.49643759044017466 0.6991920965353208
0.3684686550808502 0.4528753741277488
0.5038277471034166 0.39233540985479354
0.9368796149925971 1.004176598823927
1.5720494570986674 1.2387313741374588
0.9042681679126355 1.004152095081771
1.385471563207227 1.1470290563066659
1.414444866442686 1.0510797896093595
1.4327050128460859 0.6022097678471541
1.379494830253064 1.19807089019509
2.485245339717004 1.339811822105632
1.120919104122545 1.0269669698170967
1.5178306742679553 1.0879865696751865
3.232846699580117 1.0903108515800213
1.7976682434664752 1.0447873600721094
1.720597961183903 1.0790919771170215
0.2640197669901033 0.4115754882728136
0.6949092645157331 0.8486731295445575
0.4500736798691308 0.43883774642639845
0.9336607498553742 0.5083866244044557
0.35038657101572146 0.43046212093639935
0.287281494691153 0.3660577491031206
0.25415395717220873 0.18592525404145707
0.24042366699336837 0.1442516353215242
0.2456123886633806 0.10836461593170116
0.4510346545643614 0.5122515761483577
0.999181333737636 0.7488126586006243
1.4360831429928453 0.9357332357792687
2.264937413384369 0.9368183750286816
0.4464998337724135 0.5860689272317892
0.26317172387951243 0.3563895828630495
0.22575930064554783 0.2405367616951895
0.23481140122936733 0.16549189770853798
0.26312621086951005 0.10981369403048397
0.9914634518939778 0.9882602797032201
0.6637406780841458 0.7994242646582299
0.9239575476485383 0.7997689997157605
2.1064914926567413 0.9801303832541914
1.1893452902246981 0.9858826447831197
1.3920312468025968 0.8572948680693516
0.20845078145811613 0.39295446686371605
0.18547475176035955 0.2900743536480447
0.3664015947289337 0.3430686063391273
3.0546411809600835 1.2337755535904489
0.25970189170192964 0.4160617232629121
0.18985297133800894 0.2569011172994629
0.31142751535947766 0.12234148873489073
0.3260589709906395 0.3781332795797213
1.1372967022047495 0.4632880563301193
0.33945589339954596 0.4609321204472535
0.33279376885103834 0.4211607958785812
0.1914605475704288 0.1701797118230925
0.340205683655722 0.10672123217340423
0.9234421385770948 0.6515481473465039
0.6988129180428878 0.6602889070367741
1.8957465375746545 0.7009607435081282
0.14726750955126655 0.24860280340771992
0.21516588610301066 0.21324047317875158
1.4668752176926465 0.3797822577228414
0.16648945671031395 0.22531994902394592
0.20058638785033658 0.17044136149723602
0.25312675223895587 0.10195432929372814
0.3595880262326361 0.2595837992661329
0.44477767367700366 0.40651946239018005
0.23742762824135352 0.17488014929725054
0.28311171178546135 0.11031068710140172
0.701165206245411 0.3989697214402858
0.1643774957969869 0.1924701233144369
0.19888333586067053 0.15416847071109216
0.19077556818941277 0.1630953623836398
0.2544737215278722 0.11203189867108775
1.334645821998524 0.3063599923545194
0.3784795667780912 0.23335697787286652
1.9718390662990455 0.43362469377698987
0.16466158708396153 0.14873936162217782
0.32624964905867593 0.1065742866331991
0.2517024460887321 0.10081102636203404
2581.5419462332065 0.0783553971868101
0.9356484419961897 1.1080782165480754
0.6904124303432811 0.8159770721837694
0.9499827173788749 0.9648964130141312
1.3563334299880025 0.9646105374476553
1.13457842967984 1.168749912549375
0.8107246595138817 0.8031017024379519
0.8021137089622661 0.7601883831093205
1.7420185946484832 1.4310214258663279
1.4402797422816302 1.4171705141787654
0.9652286111238733 0.8147466945835028
1.2005502374447001 0.5142198334622944
2.080059843655643 1.6192778139934256
0.7561698406878915 0.9548792937792537
0.5652477498440807 0.5991562962655073
0.6607779394068609 0.5397446050302825
0.9826795530712867 0.47714645572507136
0.2544852587583081 0.1763641230591861
0.4575583640383719 0.5556900354895025
1.1970149929689955 0.5552030551691947
0.6881038839035829 0.6223338481779916
0.33141340151960774 0.11315392258713663
0.38789167736043095 0.36027594658895706
1.0988816211959587 0.5485203903516378
1.9006568576317555 0.6433091558258814
1.081501417036298 0.39768415277579894
0.975587246495797 1.0996821653767035
1.0669210093755712 1.0869661842411253
1.5830705224718893 1.1245026256364101
2.2192679574677983 1.4295297620763827
1.665070579947622 1.4002314224446315
0.9557158914415707 0.9987664515553953
1.2189846961862503 1.0956136130697258
1.5450195716747048 1.086050169770722
1.8693230101790377 1.1193186689070862
52749.4407193382 0.7663979982534099
0.23092721399021443 0.4440773114627169
0.24877873809796353 0.40986656648558784
0.1444185929732628 0.2504770940391322
0.12630275634594615 0.18841623885024342
0.2741407960392254 0.13152694833350692
2403.3164650077156 0.07945926305688633
0.9033278573101462 0.9845014239840255
0.5613218957668843 0.7602104152121821
0.8387505685040622 0.7869199224763397
1.6309455996616509 1.012035620530188
0.7502443450787122 0.8482627928773294
1.1834547572186347 1.049375953528151
1.5194930660261237 1.0046064374810748
1.1829401574286722 1.0803531861347793
0.8506713624579393 1.0277809195710526
0.5015018494799288 0.7101959134781523
0.4287335840543891 0.3927702967800704
0.9400068261172259 1.0107252100869117
2.218669263968696 1.7131926577162218
0.9106306053218436 1.0557213610097729
1.5039854074832808 1.1170052324362572
1.7189764380164259 1.0868538329143327
1.4477448462440285 1.2477715822655968
2.4853211270304554 1.3398115695950088
1.1642244778723778 1.0376720027141344
1.5583457274009613 1.088915982258992
2.432663137306126 1.3743804974624019
1.75043584566432 1.0918827415218257
0.8523781024033152 0.9786033898542936
0.7036394895407743 0.8834828263203641
0.5487238437927439 0.4769720662040861
0.9910918333579644 0.5083796697055455
0.35520925583293417 0.4497971523320392
0.2567915032336998 0.18488423249162556
0.247638778064866 0.1485558942209375
0.24628305572889925 0.1095857494901667
0.4672488876409471 0.47681514873727604
1.0261291702823696 0.7121702568802568
0.5621136606092794 0.7748101305934264
0.451873487912404 0.4452985509457599
0.23112169509698657 0.21384396817567825
0.23915279151943178 0.1652907917313666
0.263939683801976 0.10960784907655557
0.66414842867219 0.7146911734680825
0.9826970218490279 0.858509868152505
1.2292417465414678 0.9910457187193269
1.480965114949726 1.068637203851685
0.25233538156520546 0.3918818835079988
0.18827441349445093 0.2917876120885231
0.37966016826746085 0.3421925942346409
0.27155384276238936 0.33042722083362774
0.19011303600025997 0.25871351633929673
0.3126316535437589 0.1222713561552535
0.37798400032279855 0.3575918418018987
1.9460695967043273 0.7552682357952207
0.3524523315681103 0.46040233676887893
0.19160676592476034 0.17035096493661162
0.8489662904937614 0.7174864573120372
0.15681117127066502 0.24825313170094168
0.226758710677555 0.21008075049238634
1.743764527638696 0.6943718809409585
0.16664370287117491 0.22495492077282023
0.20118340817143154 0.16822159015278496
0.25534789915949707 0.10395417959100503
0.41167103359983315 0.28213222923473996
0.49301071563631693 0.3842823862513635
0.23994229879396478 0.17625530418446916
0.2835633781233025 0.11037952345642661
0.7814612604640379 0.4474440095247949
0.17378248319563705 0.18790780285961584
0.200490471642719 0.1538270449326994
0.19181444894448416 0.1608862239044478
0.2586280296483311 0.11375807915330985
1.4379530898106023 0.2754584162024434
0.7292661028012739 0.34260592876444407
0.16845121756863538 0.15063525683740786
0.41138342801339234 0.09634403474895438
0.2519977912203671 0.10115969197852
2583.4263592428265 0.07840784096483264
0.9360906908500237 1.1086995226069556
0.7062061922717333 0.7898024722248128
1.0457205291094152 0.940331057874066
1.503213951041821 1.0451451769208318
1.1462057840031519 1.1911242826926713
0.8189174776068786 0.7600784339637199
1.8450527278734818 1.4297510528144184
1.4491519108141375 1.385755326143117
2.519869380823308 0.9331419793781622
2.2263936003739606 1.735686540230791
0.757747862045225 0.9548434993280452
0.7785366226198265 0.6287822145720618
0.47732578013986393 0.509827030042681
0.747659805343249 0.6411905756660746
0.3427103816512804 0.09601382216029275
0.48289030537310895 0.48798378436332984
1.9397443761147657 0.6442948821857234
0.9757005455728559 1.0996495899628695
1.0698781928513938 1.0869385201419282
1.6546004179204363 1.1631298189099168
2.3045112467915336 1.2427145721649382
1.7649471179901077 1.4004844817630482
1.3866220265157112 1.0981547693731482
1.2331154006872036 1.0852175187622057
1.5593819715716677 1.1008357131306483
2.0333961182327003 1.0989709049032041
52881.99155548632 0.7699888572647392
0.23717530897073483 0.45122958520651024
0.7012059744052515 0.862343254465354
0.1464324772441315 0.25171522178853717
0.12701376522072108 0.18884780320427158
0.32151520839277836 0.21237589070838064
2412.329365638435 0.07933362645802661
0.942068583174868 1.1064493287411727
0.5980337352667516 0.7128673879455942
0.8405859440682678 0.7897814308556128
0.8903755038439933 1.018244113027945
1.3128144601770626 1.1132272224753907
1.6699705181903395 1.111476462624182
1.1975672441024217 1.089053944755768
0.8629107667120921 1.0172107326991362
0.5052048762335141 0.7159311975288312
0.4561189798430829 0.6108727074103344
0.9598505312544439 0.9791398435153109
0.9243591899204554 1.0453696092990497
2.0675254220226256 1.0360751548352025
1.6140989730038395 1.331780046795655
1.4254302370615952 1.056747893815482
1.7722094884252884 1.1626622000869777
2.870459057445229 1.20514178808199
1.824872263740731 1.0205802293707569
0.7193482609621328 0.9061129417050514
0.6582339888391195 0.6758479142228919
0.41126522118173503 0.6311719729254777
0.2849450066375578 0.32297728146701266
0.24904294102842478 0.14854715297962623
0.2520521963576146 0.1145268627583789
0.4695750146307406 0.5412615845850974
1.0935410581804392 0.7415516575674068
0.7383695258243219 0.8087550910050489
0.23443516655662877 0.25070394038729904
0.25693800478871215 0.16511632026050035
0.2642984983797137 0.10988851969270019
0.7294663790728639 0.6976990818497031
1.2341886472980013 0.9929589159987712
1.7202229273378238 1.0415876549688825
0.2526516250480193 0.3670834257936336
0.1967948156567323 0.3241717057080695
0.7146999938378862 0.6338114982648905
0.2838384861090422 0.4363495044469601
0.19283072922717714 0.2587346106807128
0.3288395451414727 0.12592129625531467
0.38543723905105465 0.41627026198378214
0.4547517038628506 0.4074893411575472
0.19381130036706806 0.17156379763941165
0.8556080891957838 0.7012595958039531
0.20159503327224848 0.23845253409026437
0.24353758299335876 0.23950332574535774
0.1738466824413495 0.2305886726007026
0.20724591255906835 0.17163117776810194
0.25549058905374666 0.10328434771471556
0.5389707841484002 0.3056655146691091
0.7565696786392607 0.45128878992064253
0.24183122450729205 0.17396864181042346
0.28443201623529635 0.11002291801015705
0.8825138788541779 0.44610138003942396
0.192874012467454 0.1712281058330018
0.20062455288262493 0.15380872655036623
0.1920935352092553 0.16058964448049
0.2792845734717987 0.12639439744592243
0.9150098775432733 0.2760888469295041
0.1807949574146991 0.14227658753475836
0.41683679846023375 0.10285987166875024
0.25976519441835827 0.10262397072288813
2583.836746412187 0.07842378693162282
0.9498467038281404 1.0911182586028283
0.7375964382718481 0.8644544033696702
1.0895527419849864 1.1028258616249633
1.529320031924387 1.0724178855702307
1.3026745461616764 1.2127203929710333
0.8301907394596215 0.759654095863368
1.4580150152005955 1.3855306686956268
0.7825879089830445 0.9538619426890911
0.7801274177611138 0.6292395830073114
0.4813392125102291 0.6392591721179566
0.845122087133236 0.6474268981722244
0.492920258030445 0.487941379734345
0.9780831869540586 1.0997666696068356
1.0912918437343744 1.086936473144022
1.8222561071098626 1.410238522628488
1.2435018697618638 1.0869543856862254
1.6889985450023621 1.0946600266747835
2.1700389523449877 1.1056696114527913
53027.827744431874 0.7696848885209158
0.24506197362101867 0.4504118997964413
0.8295138609659521 0.9386027887337737
0.19640333081372202 0.27679873420970186
0.12944043971292774 0.19020032834466824
0.5538546189375281 0.3028496781680533
2415.9556594829505 0.07947345916676213
0.9453191849119809 1.1395210362778185
0.6415084738641921 0.8446243147128616
0.9347197590144909 0.7813403285022695
0.9460052576931517 1.0739498745513643
1.332571927019632 1.1594422141342777
2.028098464689687 1.8042235478832716
0.7605452580386753 0.9667360555709252
0.49018698229156393 0.6235110815783047
0.9599221719758205 0.9791145100395384
0.935668962727117 0.9570355482312496
1.6610298425124213 1.1761193568954003
1.4429096653569502 1.1068522137410337
1.7831662613899646 1.1116807388639032
1.9732081756286493 1.0940339301042021
0.7798908290003874 0.9452360153804663
0.6814825548565078 0.5710990529915995
0.5160517156902069 0.7027542819787392
0.3709596935206832 0.44723486660337575
0.2530383716640589 0.1521664978394348
0.4835174398970503 0.6011565340448464
0.7636478416026595 0.9000340946002114
0.24249788231928887 0.25589444134689154
0.26543353036771966 0.12082682511991377
0.26489325504273786 0.11037674854011303
0.7721217951513427 0.8334423813972057
1.3186308456331437 1.009903843066716
0.25630638191505783 0.3951271797128399
0.20972371905487525 0.3314259406051955
0.786612741200073 0.6405632992896471
0.3250586946919842 0.43053520373187526
0.1979134940449984 0.2886720847551019
0.4054005843423856 0.4076461821368114
0.48065660707647073 0.427812709798771
0.1952287978331449 0.17126495179750117
1.3505608631463009 0.7107070036613264
0.2115349865382596 0.3204641936491848
0.25153524634386404 0.19122485748485715
0.18442835826678944 0.21282788420209856
0.21473052412101093 0.16420672271395204
0.34195973304252886 0.13183581846858516
0.6026764720901637 0.37454480973798937
0.24200643875262196 0.17524266181773648
0.28974690297260464 0.10534829573673843
0.9024821888456076 0.42491558265248164
0.20406469584740483 0.17228147872595465
0.20243391869706232 0.15230254499132329
0.19229405702414604 0.16324491262758703
0.28488008680993226 0.12913691480255882
0.1916336404272862 0.14079199154951916
0.43277309641375583 0.10107435439673687
0.2630887573243459 0.1035135977143033
2584.392998972983 0.07841737775481515
0.9600166314271892 1.1480363911077953
0.7612858155033098 0.9407439965844895
1.1420485101545508 1.114861494205096
1.8305773624858597 1.0896904193486425
1.423703315162412 1.4221427205319892
1.620513996360377 0.7603474920396803
1.6333580350667183 1.4218134457302034
0.8744620167534711 1.0111662460565647
0.7992653866736978 0.6346123190486452
0.49561304896934444 0.5137654696559925
0.4929286210282341 0.48796294633839943
0.9909478578412043 1.1182053338678546
1.1433787693373634 1.0565155828884727
1.3759096572662672 1.0867619790879637
53067.288826278906 0.770069810506366
0.24733023934359888 0.4496812702154006
1.1187560109641224 1.1038908796185996
2.4532315481277736 1.667369331196754
0.1387433805847949 0.19506985073091276
0.6648745690384394 0.27143459335468073
5118.003994763935 0.08788344565171285
1.016460433241314 1.1305583983448653
0.8013689764312056 0.8489373530036016
1.062192416690904 1.0031927494501192
0.9857169772583154 1.0025522009154415
1.3671731284964341 1.1035804066200594
2.0681740214283417 1.8332238930587197
0.9005715276913089 0.8882014386726278
0.49019386848970337 0.6234082377473914
1.2967911457468733 1.3149627397530348
0.9375136475138128 1.048704526693963
1.7095629693964434 1.3309924454456188
1.4452431230091523 1.1103295249769918
1.927298139298049 1.1391167823239228
2.023667697668982 1.0630645449588945
0.6404458296842916 0.8113199325783729
0.525442017948218 0.4463933358594434
0.2542092384948636 0.14504549667501504
0.6612506042334738 0.5916175022959965
0.24483828953079195 0.25856511854172903
0.27555143351103856 0.19904606715894504
0.784972023064195 0.8602352004859775
1.347062958216295 1.027323867302257
0.2577418794737582 0.3952748453985804
0.34613894292810143 0.35540109510239604
0.22661803981330003 0.27466637635429697
0.3036242495878876 0.12096462680194292
0.21259074693615052 0.3139034387498243
0.3660560133880506 0.2601590529762554
0.26901387101568086 0.20546660364960034
0.2831225058433475 0.20354073852459037
0.6101785146474717 0.3359898337782866
0.24923958579447414 0.18640373934407395
0.953557125654164 0.4279219897429434
0.22045667399714647 0.1971615394336001
0.2029497890692984 0.1516823880814413
0.1937666205816117 0.1630894545706969
0.21183981902300292 0.15089024485705343
0.5011280395486106 0.13119719736616192
0.44270996172094823 0.10495402860188258
2740.8608602434356 0.0799286131187421
0.9909834744569053 1.1609544480667864
0.7626500297679648 0.9405648444146337
1.163254927524136 1.093534788802094
1.4288568067893084 1.4454632309710973
1.6352223692165424 1.4242518185384174
0.9568897696952021 0.9918305448012215
0.8715334879669987 0.6873515412893766
0.5704856074649278 0.6557005638021391
0.5520594951756838 0.4189071275223714
0.9974917445083261 1.1025332860685575
1.1462308401952277 1.0598493585307
1.3771624787019572 1.1843095733971398
0.32546150946587277 0.1318879493274276
0.8363841426888565 0.928805684437013
0.959361840503308 1.0591600666668772
2768.2359858490086 0.07862973721027106
1.5217592387895766 1.2740774359037847
1.4272704663818607 1.1137944692552044
1.2200492616122447 1.0465562457662472
0.7642970489175852 0.9405397570417231
