117556.01219854811 1.3195930540427996
0.20912377393057585 0.38917346183071644
0.186662342112406 0.3169475996474855
0.11119207924890934 0.24654861167632958
0.11133035323106574 0.18857945532705378
0.1374440167420855 0.14094503149487192
2115.3267990568424 0.07884458979735542
0.4721687407794412 0.6990300452803537
0.39107244029359933 0.5731556946308609
0.18709723839690706 0.29999142775662135
0.2218675796636364 0.19972867533513916
0.6592036213326392 0.8965838632234628
2.528625577333681 1.9808896581449686
1.1444873963115239 0.874056602960085
0.9663792245877186 0.9923379058178239
1.4325047692598276 1.010446424027271
1.427904456819511 1.0213695053580611
0.6324034235947387 0.8729516786405309
0.5877988487755736 0.7935578213311417
0.33134282799304926 0.4576173235588455
0.7383560390972599 0.6485749211978445
0.6434629735789154 0.2863322593058438
0.8213456755397934 1.0496378273322655
1.1311269793413556 1.2250383334654622
1.879713351820456 1.1454967386939574
2.1491498943358103 1.6403233945973699
0.7582466974631269 1.005371445328998
1.0039013068663913 1.0465255254675259
1.4010563887229381 1.0131697116656173
0.9589896788297984 1.1019201350799637
1.6260498350986383 1.2299692399893392
1.7425214985147097 1.2314268575544278
0.9785261468418565 0.9695478763838687
1.3286415698468548 1.063284186375609
2.533768582440288 1.2443124827751462
1.5614856940500128 1.1006504482866037
0.4440957061201677 0.6116243674346229
0.2757997215957007 0.4842523311339048
0.24305467603815067 0.31214064162622346
1.290929876200778 0.8354766317223574
0.3830771338687474 0.5392904163617496
0.21605235325199298 0.4181587642693392
0.2107920723270333 0.2221188915375052
0.1950357570953803 0.1706189549370927
0.3482066951442425 0.5361739294656889
0.429605890724751 0.5244564408679973
0.24957391472340829 0.11841065228069958
0.9794722115226437 0.8430741640365655
1.1626007393187672 0.5604231960983737
0.38495732522933257 0.6539114680068762
0.24782911992097445 0.32002335009659366
0.1769171582732177 0.24888766359383635
0.19194614263645848 0.17129260081133152
0.9230860845547773 0.9895078887670195
0.27530522591034345 0.11490785774694612
0.6721996105505392 0.866935125455724
1.1054679102945077 0.9136771072802754
0.9575252456458037 0.855494137106589
0.18277608882834248 0.396642723024404
0.1691148984761428 0.3099980573216571
0.376195022947307 0.4013044078114669
2.502790640684413 1.11657077615295
0.1575976335924058 0.3248923106665296
0.1443790562076766 0.24905069407342367
0.22193853182342954 0.18442100624234078
0.2635103318060428 0.3308738008311706
0.5286209094240399 0.28628786645482107
0.2556518511091155 0.12506080324301702
1.9501956860095115 0.8084993083641465
0.41131772768480734 0.5497889017078601
0.40017285072654263 0.3614069017051403
0.20458447209126218 0.17296252547531812
0.40434837353482944 0.3853397074845306
0.498706798624985 0.48576293827405237
1.0257102874257462 0.49530035736978334
1.6165210300871395 0.7543603082165662
0.12670941639910294 0.265489302172509
0.1873890321400421 0.21267813202658786
0.4046950726075058 0.28095870569712633
0.15859651632894212 0.22676681390130837
0.1720292812262199 0.16860145580933789
0.27043733861813024 0.2003787694203852
0.28809286006687523 0.11226772840847184
0.3184282299328953 0.2910604426731853
0.2719430275248292 0.11886182137945867
2.1186996743174418 0.5100788314741361
0.7433030069198596 0.48684647991537267
0.16383686876867257 0.1895220778387807
0.1633949220919905 0.16206025352541933
1.683083941475379 0.3147923266567354
0.19678219956502938 0.15516716322264748
0.6930403694601295 0.18320097731583135
0.33024850956858437 0.25946477641647836
0.18903288519430522 0.17219568683185116
0.20611017304729273 0.09689570076902364
0.28007751079627197 0.11698716270932931
2338.2365089420705 0.07845843936648285
0.8697673215415938 1.1693396212986047
0.7890547812110718 0.9123240547649628
0.9899529131086131 1.0868552714966442
1.0088016391607855 1.2118598936923535
0.6633101857462937 0.8946101286817465
0.708728266565305 0.7239744914313152
1.7600086929214327 1.6129130291426923
3.8617053530785563 1.660144229732828
1.3389077922033314 1.5122947985888715
0.5092104883135458 0.5941782491573027
0.791446555483726 0.5290172140179549
1.729631191190165 1.6648438352393145
2.5179723763116133 1.878623686949314
3.05182391977932 1.855669255841059
0.5358236515219144 0.6967844008003852
0.5930468997121153 0.5810750641072696
0.8175784728303557 0.9484038879960797
0.22810090950155232 0.11143231546412513
0.38131806807705637 0.5957488064216703
0.41545870782575517 0.5229878112574813
1.0486965083011048 0.5787396588998759
0.3946856103878495 0.4624361291222689
0.7604222421416842 0.4990102532398089
1.7046378015578996 0.3253459218124005
1.4958679435407032 0.39057468086888647
0.6206928495103127 0.38856663850182505
1.4323963966008635 0.3152091536118198
1.0519979903998078 0.2723218580182993
0.8269808372095346 1.0806913987790385
0.9188825033656615 1.0798852305994702
1.3585622938098942 1.078673627886548
1.1107098232994224 1.1976314035426787
1.0471917730932874 0.9040162320770471
1.7535458459769169 1.2645759851325424
1.7340844014267023 1.5504855615765896
2.4569738613245886 1.6652222553809903
1.0406703911968076 0.5382584208771353
1.0538963849536889 1.1062804533367334
1.369697751298105 1.0872967355866567
1.6887856249350803 1.2167995603850075
1.6689748032503695 1.0969169483308046
118406.22333573742 1.3249793084025163
0.2582340523682973 0.44153009913959873
0.20175582483389615 0.3864553163820266
0.11193083623289904 0.2464835345392799
0.11304189938344744 0.1902404546465543
0.13825926362835886 0.14244849724494102
2121.4023707325264 0.07906980973980565
0.54308028641845 0.8132902001079292
0.46256202263825963 0.6732751956177636
0.1907224300078209 0.2798480588834731
0.863042337423398 0.6345526315357313
0.7432985452506131 0.9899521339837245
1.1795345265857573 0.9804801853928855
1.5417849110523392 0.9483207831630353
1.6051432997797246 0.9839731636059657
0.6349110955852642 0.8746008226558357
0.5965430244683374 0.8104514785745531
0.3596722982681588 0.4779918869109458
0.8797791074429989 0.6626449064586011
0.6951983549362686 0.2853296877482122
0.9146330637529827 1.033372235684843
1.228426685832177 1.2250415085140463
2.1424082753456792 1.1351422465209158
2.3514852339804584 1.970228789994347
0.8227917671346097 1.0762000148655295
1.245720402157013 1.1738929233198965
1.4483905709953984 1.1634829204889863
0.9806191445107235 1.0949042422247206
1.7678156377887397 1.2266282405108893
0.979475430654413 0.9699841681004906
2.7956818647760207 1.255478996575074
1.6859023818232761 1.1003951685490678
0.32897658047395617 0.5912389834737689
0.266563978940424 0.33003641152601904
1.8380603638842323 1.296982577507578
0.38573605459541616 0.5255228360323043
0.258582570275254 0.37100083410347395
0.21651710089278148 0.21408633471088684
0.20040291285231165 0.175163865227548
0.4447113614847102 0.6668547340431807
0.4317105866906783 0.5260072556109544
0.250859979643589 0.11988643559871281
0.9824449662811146 0.8442244670038701
0.3851512667234085 0.651990763669313
0.30001869416793725 0.5162974812634249
0.21453783583069394 0.2108180239439431
0.19232312340014965 0.1718509279018572
0.927482014236092 0.9909373856898847
0.7324780503835464 0.8301137947486796
1.0208797133986722 0.8881800306829006
0.19925376468926237 0.39177598371038874
0.17160508555695653 0.3239356852811448
0.45281099315530193 0.4332222142222987
0.18264908007556363 0.35795761123448333
0.1458324432931497 0.2489066599478891
0.24717039740264263 0.1931982695309625
0.3633679218162812 0.30020167308623263
0.700236805674312 0.23404760351038156
0.28970823438491533 0.1481923117140667
0.4371109680256976 0.5784619479518738
0.20467541365512248 0.1730929180399794
0.49449706093338613 0.4356695202784749
0.580761373281728 0.5193464812675943
0.1275632464127633 0.24617275203206598
0.1879757323932333 0.22431271450213536
0.8150874903678054 0.32946507950109116
0.1821665186931474 0.18498876011403242
0.27404590014913777 0.2041825004783767
0.31951790363834975 0.09733751556677116
0.3800494774946045 0.40651032633263096
0.27249885739112284 0.11709921185496161
0.7715033684834076 0.48576815219765956
0.17262553456303176 0.16981837625043114
0.18070598097695695 0.1445564206209612
0.1967931754288238 0.15516536866567895
0.7590271348501954 0.18271141360564297
0.37314082016689043 0.2775000887436793
0.19180894231099446 0.1569753640712591
0.21116436751111184 0.09936008982194743
0.33963610870522454 0.11617219348252064
2338.451706119853 0.07845733106788262
0.8708770933602377 1.1686336698509037
0.8013953961241446 0.9125088651075224
1.0094639983917735 1.217661796171809
0.668572752508002 0.8997161654948842
0.7770931168938813 0.7571860985423392
1.8809291161035615 1.602396493584514
1.3421170149957318 1.4927231631302185
0.5276239128397332 0.5804092760753905
1.0724138814901214 0.6092734037601113
2.1307100085083635 1.8666912827035265
0.5913239479777075 0.8999292060399835
0.5975006682897388 0.5959259333011816
0.22856502445607912 0.11212717163845232
0.40067227293896174 0.6040508526503331
0.4902820223797699 0.5526123005350823
0.40518242209835703 0.46995838525121997
0.842840981822712 0.4616140932215079
0.6539405017243621 0.3730419981698525
0.8271651727202105 1.08061699983666
1.1932001483470276 1.080446701019017
1.128258458349928 1.2391173992380622
1.2191791077112666 0.894326709181639
1.8262298979902494 1.3950055575677176
1.7900539349918736 1.5565402427135782
2.745008232453085 1.5337560567306123
1.0570520852781136 1.1065556112936032
1.4231378942155435 1.1002217397026575
1.7395639563567367 1.2274034023283276
1.7244195980905386 1.102605773226772
118971.60383492727 1.3248732420023568
0.25935891113732007 0.4364080989613748
0.21287682375174338 0.3887101854354033
0.11198921345451873 0.24652476147234154
0.11351583224525541 0.1893759563158326
0.1382925575207778 0.14241996376155353
2131.7829601766903 0.07900861508568774
0.5430981711745054 0.8132783607452606
0.5344435782973269 0.7760374918885602
0.5868081659618869 0.6285310637924364
0.9113757651523098 0.625284875590624
0.7954977320625711 1.0006890971072155
1.3962793364052086 1.1886077788575333
1.7436939734697068 1.0911096349280947
1.6083246016522235 0.9839553366753734
0.6409033530799775 0.8859013580020437
0.6301618259937503 0.8268567591357991
0.3760311498009672 0.5701932622438453
0.9973036263255124 0.8185481593634909
0.8806570356441716 0.44350491116668683
0.9532845178812897 1.067954261763871
1.690889982048376 1.3692031289793145
2.3623009720962105 1.9763015209770027
0.8309134245635816 1.0827878085798104
1.3046175380064335 1.2524464447561212
1.6618919242193413 1.077526131490861
1.309678875806703 1.3349878020436814
1.8525516764023926 1.332354889334952
1.0036384955572408 1.0624505006891396
1.7304388576705887 1.1700128970189176
0.33849018826669164 0.5525046313318882
0.2810107483764353 0.35254754269544347
0.40282398675755393 0.6968228759300075
0.308290362365781 0.4804785287765993
0.21699951493456787 0.25441560620069986
0.20138506159688208 0.17647974897971763
0.4460704545160059 0.6680149812517028
0.47855944084034213 0.5477078027446541
0.31532397817819335 0.11764029446825092
0.9871130403943751 0.8318225346982602
0.3851771588814574 0.6522147091043884
0.3197740182033925 0.5347453603412309
1.0001606324181007 0.8437377078758342
0.19237699802385066 0.17186736816552378
0.9362104686483422 0.9909123819434205
0.7358401531343307 0.8619999134383499
1.0211914721981394 0.8879193989755075
0.20139865394090684 0.3922936354280545
0.17255501162950182 0.3244650920023289
1.07000612860457 0.9371752032603802
0.18579366363711558 0.3624403696427328
0.14597502228976073 0.24897157840778544
0.2741593773621037 0.2182789219918185
0.36558894361645144 0.3003194836961868
0.2947377712547888 0.1521442207798435
0.5114330637769652 0.6890166945394844
0.2052184496335357 0.17291600932824364
0.7284923185926061 0.7001482118144506
0.18017764905442912 0.2478181622442175
0.2187891013971176 0.22718258165812572
1.4011192220041457 0.663987593854486
0.262485446399534 0.12851938616209974
0.3289127824304334 0.26077816464922654
0.3205730674084445 0.09741696694912759
0.27712050782388237 0.12114667945305199
0.7979611850575107 0.5193785527075823
0.17352437119274997 0.16905960853292112
0.18258685280457557 0.1623724309441913
0.19862982974157933 0.1624714355532366
0.4029856645505413 0.2818109115831706
0.2046324275254048 0.12060827901557389
0.21312076769091404 0.09934100599248738
0.3456052808131745 0.1127185003142748
2339.265121435318 0.07852151929725451
0.8709109337030438 1.1685517697198662
0.8648438833355492 1.1055956707856605
1.0186768879121193 1.2219608164100395
0.6712009063972555 0.9020171590133135
1.1088090996632896 0.8328639731878018
2.1203062407641533 1.8049448192859456
1.4753330449002628 1.5780673307429098
0.5677783588765385 0.6204734482383572
1.300994056953412 0.7315087959437595
0.22866140580549932 0.11151031035726228
0.43706907013857194 0.5646318665943143
0.5152578755212962 0.46659721770307444
0.7722131625381596 0.3659740577336189
0.8292692170212326 1.0813889454902577
1.1984975831679952 1.0804946582520598
1.136436879358663 1.190851686560423
2.3678512437059016 1.3946559117664001
2.8706711884118525 1.571442355225187
1.0953284136867927 1.0787049630530343
1.4248356961853483 1.1150231188657798
1.7438872578515687 1.1466146422824517
120887.19416971254 1.345011558500417
0.29967244093233447 0.5865677527074603
0.2732413812655321 0.4076412540653115
0.11466735179798071 0.24651502618666304
0.11396639159015887 0.19105677035707574
0.13837429836970372 0.14257759769156197
2135.0927347053457 0.0790644393196468
1.410593574568877 1.5296092244133532
1.0040504682915707 1.1750764979838333
0.5887242495922349 0.6934651466674515
0.8463668644340148 1.0211448246444135
3.1177652196461367 1.9655667210417733
1.8595171429598252 1.116098934632899
0.6421499455426565 0.8804069182102914
0.6748161415762609 0.8991745124010483
0.40926999575874995 0.5929494261487064
2.0025387902466627 1.0901993587351202
0.8828134215759713 0.44406300047405983
2.3529198021518756 2.0152703742677343
4.19694884733555 2.6696902702149843
0.8350506174821378 1.0811951790429037
1.9222112866660697 1.1428845704950787
2.778734652395609 2.170377341126893
1.9218295118590225 1.3243599035367433
1.025597879193114 1.0013305118530078
1.860478806878905 1.0960194093200177
0.6208216426017139 0.8876289921928546
0.4633398860293214 0.5647489584031828
0.45275321773121424 0.6596899652165442
0.3140878611460268 0.48117383604192043
0.5136541692062929 0.5603124317916605
0.20513066863217772 0.1785088109200373
0.4496317128040781 0.6678804267387917
0.9296483415730847 0.5548603983043432
0.43065122450768983 0.11587173336673567
1.0062192197695072 0.8483078142097911
0.3854500352397877 0.6524396145502119
0.32618502086234247 0.5414289312272813
1.0679836099043722 0.6636132861002979
0.19239918812497772 0.17169236604145044
0.8078802863587322 0.9006989420082726
1.0215419762370523 0.8879149501704304
0.20171489837623519 0.3912911221277022
0.2151686136705275 0.3699863818739145
0.2704017162807725 0.3131285891826636
0.14680248909873633 0.24999237599895388
0.30185920968265356 0.16415407962285194
0.37697204944995755 0.30173136663350175
0.3191743992133672 0.09540071996203824
0.5131162608843429 0.516666193326176
0.20549658595716963 0.17531596204181385
1.4918277211612332 0.835013780193945
0.18343596583079896 0.24666711088280943
0.3679631333057004 0.37401914886001103
0.28775533320902713 0.11435264334650105
0.40146209548994827 0.3037381121374999
0.7751025987622377 0.23318973205201313
0.996597507467611 0.5631599489843468
0.17471766283309437 0.16876118455346611
0.184363181188592 0.15077282330538394
0.20187444746790198 0.15840086788763558
0.6198847393388791 0.37014914288193096
0.2086017896876261 0.12575058761334573
0.21326512355961935 0.1006613639456865
0.5511584162099639 0.13779821896005265
2341.909882011048 0.07856867824949032
0.872356877487726 1.1690386530316776
0.8742332279535414 1.010119295386643
1.0188855179885707 1.1919786135493364
0.6715032020768126 0.9020301468085028
1.1752817482011622 0.7533044894341293
1.720792351653197 1.652855993769128
0.5696793912770912 0.6215401096561725
1.309916494793669 0.7314240182064167
0.22887854669047258 0.11133304540879696
0.4633313603286849 0.49417895737053963
0.5409136973439397 0.49863151773020237
0.9079317693425095 0.33015856749846856
0.8355669173864976 1.0808595876187284
1.334915603830281 1.1150791204204644
1.2851919903418456 1.2230982965950243
2.6473678552194246 1.6033026636783516
2.9040021135316447 1.6618551651254385
1.1187974162184453 1.091729923415096
1.6309651066259714 1.1412496020919147
1.7591301880365502 1.1473865517889883
1.5416627510773742 1.638966241020436
2.1342553176359766 1.225173166616294
0.6920619015928811 0.8701971919614855
125326.05790371087 1.3792994498953626
0.4824833815092813 0.30968687315372845
0.3847369287652185 0.4315902236254657
0.18370633713658469 0.2547374364105399
1.619619340892142 1.2053599529809915
1.1031396096297166 0.26471854722493965
1.022853053451546 1.22271255252598
0.45561860552187866 0.6645346107340842
1.0299532188251561 1.0754427231863166
0.22012874806865307 0.11455669265443899
0.13889389789454853 0.1430657592329342
1.1483239267689167 0.8432209605905334
0.5939626098983755 0.891962019021984
0.3672463561119404 0.5747143392778202
1.092807026999139 0.836059262281609
0.8748709081396 1.1553993884510976
4935.690993558703 0.07908998725702998
0.2029726979558692 0.4046266341857585
0.5829572547377996 0.4030498713096946
0.5393869137889404 0.5933354534634747
0.8866997510930331 0.8696420953045167
1.7611530037763603 1.080710875602144
0.8928635509311192 0.4613941399232456
0.5358932278487218 0.5692694097708061
0.21519401746530026 0.17008150642068112
0.21642510955722827 0.1372911972750906
0.8360127651102331 1.0819199202973997
0.47924803384984704 0.7084563282656406
0.7008436895732031 0.7172637646133521
0.45025917286433126 0.587447257720256
