1.0984625589045935 1.5689864071124602
1.0073417904825401 0.6406190349413734
274.37785448293346 5.134234652039993E-4
1.2179410081404687 1.9303413722547849
1.02288819685708 0.7506845317607262
1.1107116580681746 0.043291416994901806
2.7049999621919874 3.172027331287615
1.497569414166419 2.2058285816584102
1.1017835378380405 0.8670098142535287
1.506558956366522 0.2686521742549066
1.43223644318704 3.242053180632736
1.211638910267728 1.98227421111402
1.0381526997838906 0.8650844143750257
1.1232909898462315 1.5466657182390076
1.3086531215390882 0.9395002428743559
1.5312146685643804 0.943889329064156
1.9251001906766003 1.35262101636951
1.027104082092586 0.7411880136991218
1.1888978884206678 0.09854899765366443
1.9488142401618855 1.9207277855705818
1.0844696714086655 0.9112569431420086
1.6074973566600645 0.29547854853725575
1.38120166028168 2.4360468081174225
1.328828075324587 1.2103315585380845
1.2110923245175234 1.9841237202191728
1.8443344329033038 1.3547040825663186
1.652842526050548 1.8259125442414534
1.0851810408952733 0.8836735781272751
1.623441578365199 0.3831141321665126
1.7355133354520036 2.0693601833330972
1.1509170243003695 1.0190257498519208
2.0205314500549334 0.5616044379869403
1.2678684644508056 2.2732487626833455
1.293818873864183 1.1760095343352182
1.7602585588483346 1.312746418427594
2.134894262662585 2.4163831225060894
1.1987878012044246 1.946835557349865
1.132579317775446 0.8729690903253954
1.3058718358180803 1.9986454711451405
1.1253431187357323 0.9990536056450169
1.3891390498123728 1.1225454225406981
1.0820342934487517 1.5572305239181479
1.3373934094978122 0.9693471753323071
1.4013589801215234 1.0101178305598082
1.5625246332887053 0.9800042385807486
1.5824788461032524 1.7217478676715219
1.4992042495090663 0.8978842001311714
1.0819822728819308 0.9817777490984122
1.6106299580441434 0.15825825294289414
1.5467953898692102 0.977005730270968
1.3871241305234312 0.17135098445468688
1.323909753687723 0.782529150930969
1.6994784629223374 0.436942145953294
1.0089814694031591 0.7538148125869593
1.1335124517277548 0.8559460105524593
1.5060302552164413 0.17345962121684277
1.4357882462554927 1.0163470245444919
1.544200568992509 0.23061455439492778
2.578035917648564 1.6568038600277486
1.3515133933963837 0.9759730176447483
1.8978304187772983 0.505999844286999
1.1176645883316383 0.9925760703776749
1.2469151536673577 0.9601430321799436
1.607869158444211 0.3306464955639635
1.4242612395475485 0.9418240223820209
1.8514410835120947 0.5258583163364523
1.104146951054165 1.0082398218914055
1.9460253474765699 1.372195546492274
1.0930106702929538 0.9203645394692634
1.1106480611937686 0.8809529293043329
1.1229105283431509 0.8417350281109296
1.122015824659745 0.8177158846202677
2.033073357266688 0.5089410746091986
1.6062891189914068 0.6755422481021167
1.6409053769400428 0.3230069130703379
1.643063599435544 0.7223915078082277
1.2743483888129314 0.1680149930198843
1.1840597476050403 0.9879578100857467
1.5019811216297676 0.33629981345624915
1.7757731939030141 0.5093317816288254
1.6426372556389297 0.845762952117457
1.4183409430143807 0.20688601668994105
1.7741276211325372 0.8197502701032173
1.4214092348388991 0.22882536918749344
1.2163850498952988 0.9838432511302877
1.651682355618622 0.40492791435006853
1.8792643694607596 0.5326284876094167
1.2990960319609557 0.9606095392464717
1.5821065788276196 0.3316541047917196
1.3550541528667142 0.883103382865583
1.7281689002441856 0.4666865236916267
1.9214520263448482 0.5992270934701727
1.2406056005147454 0.7173178780746126
1.865679278891157 0.5714869445880084
1.4660870849259617 0.7928590745662332
1.577381596056613 0.31768037872939625
1.5919234691216413 0.6267964093715015
1.2542793538604813 0.14158240172161726
1.562864028002494 0.6062639777346208
1.1750798367786683 0.11111929160632544
1.3334395030764432 0.23789801277139191
1.6253418012694865 0.703235700127889
1.2388975009563667 0.16409298664806454
1.3959723505942696 0.785044049669632
1.2950283757666587 0.19675107466329542
1.4505923976903305 0.29900883982322934
1.3565857150820144 0.8051564937821106
1.4846177873857473 0.32675776139320445
1.5598308243702772 0.38128405332798393
1.716631711279823 0.47881824143582385
1.3571930652850268 0.6287704027802612
1.1977103085294967 0.13233298075669478
1.3185918546807942 0.6115151210919603
1.0356272991537465 0.016849204166973532
1.0921907206635897 0.0832175740942064
1.5954571358336036 0.6573229224532323
1.171665726429072 0.13029103929965194
1.228925955968862 0.1637110064459146
1.3973853344790506 0.28133963337309137
1.2029281734185218 0.5255180702628438
1.0133775460325103 0.020601905461421585
0.9947021842557574 0.016351069345734333
1.146239747568013 0.12000398758105423
173.5399510254405 4.5969648548681026E-4
1.7847372673443416 1.4767873549252488
1.2842204084559674 0.8956953073676978
1.123155191992507 0.8918224933073045
1.6928145000534198 0.34861205259149347
2.374057735079207 1.6373505601071048
1.1633746249962322 1.061937848964633
1.3102680725382914 1.8941057994413848
1.88986572780323 1.477066022020796
1.3060004875366484 0.7376758665503041
1.6075717352020407 0.3749083078100995
1.0721928349977958 1.1580073204088008
1.845823149988696 0.48506070965138376
1.8065215605859881 2.0852056974937003
1.8137987037371792 1.6179720134658329
1.9726380217377182 2.052959195290714
1.3471161032544552 1.2307839374500953
1.9473870369799866 1.8638806767633103
1.693789077456573 1.617513695100906
2.3250868700559506 1.8101841525710007
1.2513567196359807 1.8893006078754453
2.2494922085285394 1.7408432077964893
1.0446493361657552 0.9583266749088644
1.8108921541254048 0.41911152573446986
1.5674370090258813 0.8722399098536039
1.6534036291823022 0.32966921708984015
1.1459000500858576 1.1734044975663398
1.8703766663167551 0.4892116642364834
1.44358978445405 1.1930568779313984
1.6705103425148269 0.84217720938211
1.4148955640789365 0.2415923250616338
1.2789678012256727 1.2357248929183065
1.8728891896859499 0.4714549913427868
1.3782644838867721 1.3704487331257615
1.1470389258683888 1.226511210487011
1.362361362142419 1.3809411094247956
1.7319440695571786 1.3262088380017203
1.2432500067076697 0.9460005636297217
1.6137033954608824 0.3596262129800068
1.6491854924422236 0.81213645804881
1.549028846567845 0.35008534531824803
1.2127799662219025 0.9852259231838941
1.82553873548839 0.4934561867841044
1.5251918043230392 0.8245099472383866
1.4615179607062752 0.2933214252865226
1.221574145508206 1.0801807049719707
1.947552586707313 0.5671310897547739
1.056618544159415 1.0136119660553151
1.4172477518118445 0.6560763668332865
1.4679291213088894 0.3043922611571491
1.4942977733394245 0.6028247143392024
1.4359126704526264 0.28459831333663815
1.6581837538532507 0.418453567059823
1.0891519261766354 0.8952538361140527
1.6488248681827489 0.39202538269979126
1.796448526094495 0.501484047095161
1.9972725883382563 0.6446001726663025
1.5014095249448594 0.5430512574319994
1.3619716675279285 0.2378725150000804
1.4030873491135907 0.27537836327814463
1.5773450344726818 0.37776435529485736
1.2949397616268694 0.2013822401787068
2.0666463008218905 1.4701661510081112
1.2356827306835017 0.9838600153663837
1.1210369305505516 0.9882506772343942
1.8181047400258346 1.8197609555534053
1.1962564674967946 1.1478282401663302
1.7931435162514064 1.3486545970139527
1.1392534981125524 1.0124255638995485
2.210110452245231 1.6271848259916064
1.1578174807165098 1.2331351645534183
1.7049065029147652 1.461396684586704
1.5407474484764792 1.956722166340316
1.5579028095591199 1.3756602027087173
1.783468732129859 1.5218431367720997
2.1834310440928935 1.6193024002945102
1.1017164784669704 1.0374537047220278
1.1491351011613054 1.119206903347239
1.1541849672370663 1.1179794791657318
2.4529251714546048 1.7866813715935155
1.122944858127199 1.122258433063267
2.0613115527036365 0.6709748038667003
1.1192221552004151 1.2427584858818819
1.5186609918459375 1.3571024004296905
1.1649327784657746 0.9339667547815844
1.1526731137474413 0.944788420464181
2.021778794153601 0.6509751037068783
1.052937826189671 1.0028493349498122
1.1270141897905885 0.7850442694114027
1.8422945190141145 0.5526355414722214
1.9017186705659257 0.589156490609251
1.6977123214871508 0.46348916511062793
1.9027304746099252 1.3973391756729883
1.221021618604372 0.9926316835050564
1.7862254401382338 1.6013661039707854
1.0768659364184927 0.9709723274003139
1.4195617932359397 1.129565760412936
1.5080682340217306 1.7731613028013
1.2898716750604344 1.1161276760283265
1.4677549057046315 1.238025563854623
1.7729536857825756 1.3542326785354986
1.0686036887346018 0.9552501295826583
1.1188560173083657 0.9970620601115014
1.3127591239159346 1.1469673052816722
1.0235286492209397 0.8625986304268489
1.3460666753712227 1.4507068820478741
1.364619934151104 0.9895284816902082
1.4123219549493142 1.0219727084861403
1.6109084149188262 1.1303271292243968
1.3323881292823034 0.9765846554978437
1.5752162315585214 1.0015560771232526
1.1329935490951817 1.5869507825003222
1.0189458220077396 0.6479967235366325
277.84010147816633 5.410734629052727E-4
1.2202265288135397 1.9283084691611738
1.0285645833375539 0.7514896638582985
1.1116914373581186 0.043534503064657344
1.5216499046929686 2.1794233030593353
1.1023490489335037 0.870234063701829
1.5066074026680074 0.2693584807842582
1.43717427874033 3.2345429855324825
1.2121781913786984 1.9824905438519527
1.0389830917993932 0.8776956844633299
1.188962513021124 1.4909048477550089
1.3094712644555357 0.9431350998121446
1.5326574227398266 0.9501899369926791
1.0444690497706162 0.7880085350436442
1.1893719537171568 0.09851725362787489
2.0781703822164355 1.724856766497167
1.1263410014545345 0.9937653021151109
1.6077717059582906 0.2954513269768586
1.4203858561856306 2.395594569615475
1.3318678065563112 1.196189467263946
1.2145177461568537 2.0314936305819797
1.8451775767390335 1.3824624704091109
1.6584162770385757 1.8213616545323104
1.1159287584260997 0.8773535899023106
1.623813139547462 0.38719672120963977
1.7486636645336375 2.055032568067472
1.1511401044399923 1.0174299617093396
2.0320000684127093 0.5620183943040087
1.280477188401707 2.2523769939642064
1.300810931419451 1.171411775617948
1.7603433155497237 1.3129441016807044
2.1366515103155437 2.4146599468498415
1.2046513210000533 1.932747240262241
1.133804704012986 0.874848985389504
1.3557319663049439 1.822993277398533
1.1258682061651981 0.9996004365410053
1.3974318355893267 1.1161750175640854
1.0840969315933175 1.5562883545618948
1.3387223685850416 0.9696539017639595
1.4017052933156826 1.0104964971697155
1.5627569684599738 0.9798883414583226
1.6007601717720812 1.7330365395984866
1.5004590669586 0.901353995473141
1.121066823512769 0.9987148569467197
1.6110998533261272 0.15801865888996336
1.5488461216500673 0.9380312748211266
1.3883044763608456 0.17148819673411025
1.3348815603126432 0.7605672616503337
1.6996858900827787 0.43652593180157745
1.0179498018516357 0.7484073362888642
1.1938356528750862 0.8102986617947653
1.506388474884009 0.17357820334460883
1.5462495241072247 0.8068839543360862
1.5442751116895153 0.25716289026986744
1.394097394784261 0.9393345341590769
1.901063334182798 0.5080450774606097
1.1195722201105363 0.9915391450713962
1.2492852716321186 0.901700455815448
1.6078861547081833 0.3297736717977679
1.4477200098272174 0.9854779775545184
1.85239726848733 0.5289153018826978
1.1058495853641828 1.0042780118125203
2.0589082434644492 1.3685754037897118
1.1563554229547386 0.849109146076422
1.1118049492086486 0.8803460095874659
1.1233816781498842 0.8403991720088961
1.142984016756055 0.7781317958316114
1.6350578213014 0.7006637476668061
1.6409441930246593 0.3136277320446149
1.882078864656567 0.5085971290444616
1.2773139233118065 0.18502427359367962
1.5209644679658447 0.846327565452454
1.501999208126398 0.3363595665988381
1.7778449508750824 0.5129742595518223
1.8513111809889082 0.44792291815688695
1.418604852279238 0.20429629295900925
1.8050089266938625 0.7806672990897001
1.4231467613171156 0.2251229651344544
1.245296132729453 0.9925674479950728
1.652853590676982 0.4069261862376959
1.8817175729393387 0.5400404336684579
1.4052884900158682 0.8754633689366152
1.582172071060448 0.33203172051881985
1.5250878777401624 0.7017701023460774
1.7282619918661335 0.4645610004119751
1.9261783616480006 0.602544512768393
1.2482183990477396 0.7372074639631343
1.8656861240929943 0.5714417130508943
1.475317388528445 0.9230136460682121
1.5775217583987309 0.31754339267442583
1.7464374820045583 0.48161662532139604
1.2550509930248568 0.1420313972463921
1.6532280693788208 0.42357720519622916
1.177689059038972 0.11125673586020934
1.3362150384487066 0.2396989563070543
1.8688210616535028 0.36942363037030757
1.240245790685683 0.1681204428112768
1.5112787311657931 0.69050865058263
1.295426669013271 0.1930847119251254
1.4507988074104223 0.3014203385380416
1.4431103239980887 0.7081398875944975
1.485976496980093 0.3293689532127999
1.5615357341088423 0.3830005277513111
1.7274653844211236 0.4979186206983895
1.362824345128478 0.632300610734885
1.1978048088900788 0.13228790669902787
1.3386850182859327 0.5828293286942512
1.0391540310357508 0.024577758048423062
1.0925800628513958 0.08506228711465615
1.1730496308635119 0.13600639844749457
1.229453934401583 0.16243778068225403
1.3978984140157344 0.2808284495709653
1.3312459671240424 0.41600887855553237
1.0157229499523546 0.02352533166834657
1.006184389900987 0.015450450076268567
1.1463781596073104 0.12026882468914397
182.9412885713034 1.645546586900023E-4
1.8391592739667848 1.4608490338388593
1.2848122136797122 0.8944026719076115
1.1489349688052328 0.8571291913831807
1.693417466118957 0.3486056785572144
1.1639744910901593 1.0627586767475206
1.4985801666804839 1.6909616644914487
1.8901768294781944 1.4776842655420734
1.309570325075764 0.7825109455672251
1.6076852077340615 0.3748120622919279
1.1318364847920328 1.2199504762917632
1.84618381867748 0.4850485394200044
1.8552231833557151 2.082815025156965
1.814157247692636 1.6125210757010806
2.041026056739766 2.079209167679005
1.410730096766471 1.2327745657434734
1.950432979774167 1.8678659069231218
1.700214858028985 1.6256262640387202
2.345928053094736 1.8248245741978846
1.2619920120214527 1.9079661984123977
2.2575291585742083 1.7420844649159224
1.0807623954720627 0.9348351415681562
1.8111602980155639 0.41949742827709946
1.7482526350086138 0.6827598076253014
1.6535343829891387 0.3282995557466174
1.1506318153341033 1.2017264351974672
1.8741843117643373 0.4709148581993645
1.4585542888181977 1.2171563105060923
1.724057972747203 0.726761703507975
1.4158638674358 0.25136576845864317
1.2880707515804868 1.2223097802536658
1.8732978500040973 0.4733395464431144
1.3787810393339583 1.363858242437484
1.1509595902122807 1.2301970670741307
1.3650466840069813 1.382528904432974
1.7319504558627772 1.326207095290253
1.24399951081157 0.9452211712158379
1.6314807237351168 0.34326588759927656
1.6538738379418514 0.7753960459604011
1.5503157173670834 0.3492282146207578
1.2554394033401415 0.9425612964991918
1.8266001129726182 0.49446547301147137
1.605779224338808 0.7534009243340549
1.4618516596097293 0.2936146230219283
1.2387650598027147 1.0497266882764054
1.950246701017711 0.5750643971465279
1.0657039991276112 1.013331360529483
1.468220025604865 0.6479531788234574
1.4708354315735006 0.29359613610034513
1.5393499997221083 0.6583177287982223
1.4370636497429106 0.2852746963982567
1.65832102822821 0.4202691750072025
1.089393715798863 0.8952546342968832
1.6499205125739247 0.4265329660432621
1.7981599087109332 0.4990458435931144
2.011163388358978 0.6339155784557757
1.546163744208862 0.36015460905320706
1.3621191434132203 0.23636774761732365
1.4031060897952732 0.27539172142714796
1.57748161151616 0.37775824601952673
1.2951197050928847 0.20185952748344965
2.0713249865279852 1.4780562078930002
1.235699127411477 0.9835274468188018
1.13473497725696 0.9887313090554095
1.8372077163870655 1.7651372877747336
1.2018774023619176 1.1435764547404084
1.7933754541543454 1.3487886083220042
1.1567345659087076 0.970783572365266
1.1994064559198212 1.2403896630359623
1.7058585353661184 1.4737841129697045
1.5556761871575642 1.9509679063644016
1.565211952653827 1.381191669304954
1.7839351560823449 1.524625681174609
2.208390047977621 1.63765513891494
1.1512475855992301 1.0861079060483978
1.1701811410300187 1.0957794662967024
1.1602435234492092 1.1152335967170233
1.1253467236296262 1.1210203411745066
2.0619947927310562 0.6709926605899719
1.122291805714609 1.241713132583683
1.5284589122252663 1.3507878630585317
1.165255585951142 0.9337131078774668
1.196500101991839 0.9084226690391668
2.024039772263415 0.6579173156356202
1.0679052642074682 0.991680009916905
1.2146259089819558 0.8146400906854707
1.8433458223028802 0.5457153065433314
1.904944491341408 0.5894413843331692
1.6977523165293547 0.46734547556726647
1.9309902684383262 1.4347598052754504
1.2215594836619998 0.9928630716942666
1.8456815214524194 1.4910764776318948
1.0769456800387152 0.9710426852531412
1.4272023397186946 1.1397411461275346
1.5566017973584323 1.749119558158271
1.2977101141617664 1.1200350450861527
1.468610054558657 1.2308059971955094
1.7844183568883187 1.3556479124574767
1.0704724020625425 0.9552181935406419
1.1525260993000828 1.0055616995299745
1.3144546908972952 1.1478381147110495
1.0266713039917952 0.868357325331806
1.3470428656385844 1.4426613851518086
1.3671627670762134 0.9898389659312785
1.4123445815151943 1.0219720411167126
1.6112287501203064 1.1308046528947284
1.3326278856799023 0.9765990421569509
1.5758388832160404 1.0015341528176365
2.367639874878575 1.8513528849582532
1.6658635072923471 0.3428572712105848
