218777.29859772 1.7173429879796325
0.5251574110079269 0.7431384613732566
0.2027531893389947 0.30855202171096774
0.1184804028427706 0.24074361201786204
0.11881628605727537 0.17814341992616123
0.14588367116890488 0.14636450088384656
1999.410527581769 0.0793010004793116
0.44594910029619705 0.6075541613132796
0.29606548546188916 0.49336156559845945
0.19885454474447734 0.27032048126930097
0.1888053917963294 0.22528287548454276
0.20323267756827906 0.14925187865093287
0.2798121814820787 0.0918387837817992
0.6306525411138633 0.8175973939051772
0.6694198244141363 0.7461255213110172
1.169541749737903 0.8968722455976474
0.21867219562414536 0.16513545037045915
0.9263954510718575 0.9200498383340153
1.1575953232922007 0.829380028396745
1.9189240156842127 1.255464735543772
2.613439362153601 1.0567117022022936
0.7699104914695094 0.9703840066480731
0.410854859589888 0.5574294153173693
1.0002670721086306 0.848715010784394
0.19762258831207474 0.16555348668818243
0.8015145980429305 0.9429835245267387
1.3620052503079938 1.2228254859456145
1.2805586168565082 1.2777872829099035
2.4055888241832877 1.360714656700365
0.9072098151769743 1.1046451684362166
1.037748407003394 1.1017046434149464
1.0707689617331664 1.0519626420145367
1.4801806530878732 1.1426064050730707
2.3423807475417133 1.2666633676020345
0.5019495436788068 0.7101654496304659
0.2901231182312937 0.4720535920556548
0.3664251932664968 0.4627550311402626
0.2180188642642826 0.2141424793045511
0.29090983447393737 0.4642249423588775
0.23016951703698343 0.36114358402263236
0.18951072968829347 0.2457740511696968
0.3417396527922062 0.515202888397811
0.3293778337632015 0.4226094061701012
0.21503613770806057 0.165845720496677
0.2049641938202002 0.10151967000663928
0.738506523498009 0.558060707799338
0.4357672486441957 0.6824561361994204
0.36129230225743614 0.498773793387597
0.20369246907593555 0.20482784648427887
0.2117649267736342 0.1550784099404851
0.6290301036312542 0.8322490187844891
0.8403479295034699 0.829878435908258
1.5769068227729088 1.0720233413193228
0.6886017895077352 0.8646611169789669
1.2478355422400933 0.9396934292955901
0.18742515557670072 0.3851353181546322
0.17192556593700475 0.322436439059586
0.23348752425978309 0.2765100104846887
0.17663475146224134 0.32150809561359106
0.24560096297614542 0.3048911348740315
0.2561570769512206 0.20720939872443267
0.3121955752279747 0.39892534787357514
0.7018969209428212 0.3641619173111842
0.23857887266456607 0.11165718839741595
0.6314402130865496 0.42448073392996777
0.30150010878270506 0.4074031704687508
0.2038134782059759 0.1636217407846677
0.14094112265181474 0.25678347556996867
0.15924871244695643 0.23546279195025016
0.2640236032695864 0.15760497762218817
0.1883376428882857 0.21361757410984666
0.1979658255565488 0.16171082423305913
0.3108421161635211 0.2577553251679757
0.2515460824199601 0.1052894552149529
0.3021312688944967 0.3460511031737936
0.26057036279364565 0.10293199716297705
1.2677336970206339 0.6629101624243066
0.17174000048066085 0.22877128446791395
0.2649389340758058 0.18224425592720783
0.17421188756442169 0.1687547663645533
1.1550607758116453 0.22130021154436957
0.533220737573584 0.1408253552138307
0.49074648358029843 0.24572123148615654
0.1699639600521825 0.15010902775547647
0.2139709051580419 0.08369387585134481
0.21784152181380514 0.09456490983898695
1.0363387690879813 0.24521313663590524
2309.514495673918 0.07860789692514233
0.8504109498117005 1.144734291289382
0.5983495334249408 0.8594344879372056
0.498448174166701 0.6131442351722365
0.65038648632857 0.5430400476620248
0.8729731222976382 1.0201185048924317
0.9911904911572285 0.9527755057478853
0.9295399917795997 0.8370939535601608
1.444012708764998 1.3367948307612896
2.081282222035801 1.314442255366315
2.0889992320853144 1.1003415391565947
2.767768686282086 1.4480202575524728
1.4808536696156085 1.5311092282342507
0.9723525914331583 0.5728998302356334
2.313426539951793 1.574917855771914
2.795860708165166 1.9032739465709514
2.3846172001730466 1.7490810117611317
0.5940409003104197 0.7969973827284604
0.5001651518359412 0.5770425260633023
0.6542770507935822 0.598112257538421
0.2377890878288434 0.10198704903543632
0.4549736141375549 0.6706699797904876
0.6305938969162508 0.5620828626459766
1.0236669890780798 0.6595840126260661
0.4386682434620825 0.44771348499422037
0.6999668748850597 0.40967838635492915
0.8668325955767223 1.0783216747901847
1.0235799121068372 1.0734885415836453
1.3436445123071494 1.0886635283450232
1.15112896545652 1.232318593108567
2.0524335403586047 1.484294568554478
1.6241871581758809 1.5236492215432467
1.1253909430033375 1.0783091723617075
1.2290475422729799 0.6851593615093954
1.0773326769600033 1.1036753134143507
1.4157922722587661 1.112256366898701
2.5196987277783425 1.1488381476627345
1.7539694388312423 1.165872645422816
2.018104114395937 1.4143110046937406
1.5738535337306137 1.0912651284253045
0.5358199588079524 0.7752777542283571
0.2029342781641731 0.3073821132544392
0.1473508199344103 0.27190818119795457
0.1327522437972452 0.17236076349993584
0.14666681370599238 0.12797842770304907
2011.83719467662 0.07949750736184097
0.4613125294626421 0.6455558584883939
0.6523218758188656 0.7975500526354651
0.2874892474338465 0.4016254303273638
0.19688142847449216 0.22625214565946547
0.22654465211848157 0.14986890382441403
0.6006184570050355 0.12722570407651787
0.6347880164939739 0.8314809218091496
0.9075217368242612 0.7942682465708248
0.6601454686804278 0.43152475547505925
0.9265611797266625 0.9211048284834666
1.2986834078000271 0.8285919302907991
2.1711126456186687 1.2542471675782463
0.7761672863810524 1.0316485003641902
1.1138574336097815 0.8942970455886757
0.42815213159232857 0.18246743897103174
0.8020860863601784 0.929270937199088
1.2811776131269519 1.2781803351405117
2.6067626668183186 1.6342827488180407
0.913657901469136 1.0659192545101492
1.0399176640476107 1.1027149858803635
1.1298311817164048 1.1264062450307741
0.5097004307244715 0.709791743120487
0.30939359714004167 0.5385379022276385
0.4959836089995645 0.6164260020920649
0.24203189649103438 0.21746410837965185
0.337482085964087 0.4844967913941446
0.23149723850133302 0.39576254719418474
0.1930959475966108 0.22950396908515064
0.34757037334653496 0.48304357711513346
0.3346492844027207 0.42282227005012607
0.2150964150939046 0.16504681349007305
0.21352678225641414 0.10726017534455981
0.8303799031859873 0.5748791665645779
0.4627634826693434 0.6370459121099451
0.366905867156891 0.49753011383970136
0.2167230029718023 0.21461418498410045
0.21202414918288034 0.1494221514320908
0.6338911470027752 0.7598637754948169
0.9506866677508456 0.8092297698176697
0.7398127622716747 0.8310693598437005
1.3473962752998525 0.9367101111567722
0.18753213959436493 0.38509179985600656
0.17353725453786056 0.32115591776073654
0.6785419600856293 0.5888472063353885
0.18091773365431293 0.31351667522174
0.26948094565481 0.23010564830197403
0.3699103081967514 0.2202888982652324
0.35786139887812374 0.39153420326725774
0.24161042795370027 0.10961190026333578
0.6592069928811757 0.44439006827194216
0.3568684006520298 0.5584928181868332
0.20483910277601908 0.16497159206805823
0.160379977928161 0.23998361273994323
0.1611589833532195 0.23564091112273905
0.34288563014798745 0.18433829985336259
0.22284100990697125 0.2047084461021541
0.19827965897025454 0.16247186762156124
0.3194128598437647 0.2615427199557898
0.2523085551695628 0.10508107777575897
0.30741676098487775 0.3525389030274201
0.2607362164290861 0.1035233638325414
0.18317176151083708 0.17077181231400926
0.3593285780778715 0.19767052136007907
0.1837991839846721 0.15689292674183491
0.5395552983235379 0.14772157068803626
0.996483243020624 0.3487627926845562
0.17055335758176998 0.16119398953158082
0.21918817352240322 0.08900031920987506
0.22289885954679714 0.09831525668040474
2312.607417379349 0.07864898050601606
0.8538746792195997 1.1416650872245588
0.6528621285091163 0.8485309893984014
1.110500517355766 1.0942853604712008
0.7627905150705265 0.5730914017438276
0.9346894645453425 1.0778422094495208
1.1782786097608895 0.9481589467685752
1.1109132134573219 0.6718230873439532
1.4576885965549882 1.3564453961252205
2.100869566922724 0.9303014833273133
2.8790037032318185 1.6013649906959984
1.5518709719607733 1.5096441162387135
2.369729957975699 1.7610820822221935
2.4181870839704795 1.8114762404208113
0.5945828878831914 0.8073655966492146
0.5060135916151768 0.5990668425823903
0.9796348705534135 0.8465553143185163
0.23976312860280302 0.10414853466200458
0.4670419071720041 0.6817279228255747
0.634114653861616 0.5629968021403318
1.0618133509302081 0.6354061612458219
0.49352220335050706 0.4364933261640713
0.8084495225881798 0.4330994688948448
0.892131687494556 1.0886252837525667
1.3649183710768362 1.087903101443648
1.1626870210521552 1.1632634702541442
1.6438215494591617 1.4831524680953092
1.2395312252972466 0.6851470893562422
1.0773379359747841 1.1036785566366345
1.5739748637836906 1.160741332438466
2.6046537256491256 1.1183759333655199
1.590871838383436 1.1035320397235875
0.5407187400278399 0.7167590654013802
0.44366368054021305 0.5811929675349768
0.14825648425501556 0.27110565002958137
0.1353673136329247 0.1821319533339003
0.15184915606441635 0.14447318934287856
2023.7856362676941 0.07953764045257922
0.4801305212155046 0.6719070793047908
0.31285585775796576 0.42146265222106916
0.2168589771087196 0.2638861184972833
0.2335724199570911 0.14504527515031718
0.6504788919868989 0.1261553626531814
0.6559652206069153 0.8457403916379684
0.9634655378619881 1.0494158707983625
0.7067182415881481 0.45551030125865954
0.9268680571101685 0.9207278254034046
2.3140305301324853 1.4172192035896203
0.8084664416616063 1.102686913596971
1.281973183841926 1.0738510816729252
0.815871656235468 1.0177409709173522
1.490546455700268 1.3816729884721914
3.0291839502147875 1.6768089994123498
0.9407053249950572 1.024082415555498
1.0441790351221436 1.157253821165149
1.155684034977564 1.072437825937129
0.5208518825590176 0.7284116181301735
0.33566816555104206 0.5203222139612717
0.6160528660923965 0.5543379434621485
0.6980005455925451 0.5345701354735852
0.24540381333533579 0.3081550882960795
0.1993817930089784 0.2439308887618742
0.3531377122385688 0.4511811421214081
0.3465221851293528 0.37401543902539436
0.22257506176305475 0.16699018451507208
0.22329169715107616 0.11523360825149973
0.9411513063080614 0.7858191421857452
0.5481382162014312 0.7620174483446991
0.6663407284707074 0.7392927506789901
0.21254024282055928 0.14417080923262182
0.6737008720539661 0.8476665556136207
0.9067808778048603 0.8569006817790016
0.19185053366566437 0.38840768513682816
0.17362284887294901 0.3207397539620681
0.912540964306612 0.6302524003052912
0.1821205234692089 0.2915427919875497
0.504153639741875 0.3757940564885161
0.5024901022777153 0.48873221484794205
0.2750781541086825 0.11007245825908726
0.7590697667365621 0.46351043383157026
0.3871205095983013 0.5214703438759859
0.2050133869859812 0.16526493667167125
0.17743232644211082 0.3139553374274941
0.1628912210414714 0.23609619415803354
0.7842504654215205 0.4262411393799456
0.23600873739240646 0.29011949493847977
0.19931324158094452 0.1634029948039149
0.39327518437061837 0.2962969398470205
0.2575153650275401 0.10975630011495431
0.3681676608415578 0.3697416558143657
0.2616453426578874 0.10232449782568653
0.2097262167948214 0.255939172513505
0.7608372251372824 0.2595524704985452
0.19386785591565686 0.15860352346556839
0.7582545676656964 0.16210299024704336
1.0292405112047414 0.30541790777417877
0.1706520000982138 0.16087163552824096
0.21926814531052424 0.08892980700697935
0.2248490013780996 0.0857760608064191
2312.685373743093 0.07866238499044785
0.8735306683356098 1.1049240495161161
0.6604281627149335 0.8498534223159684
1.1378014447709983 1.1006924949898587
0.7645786659633433 0.6217171402247961
0.9425017154836568 1.158749943404902
2.242802651824426 1.1839057697915183
1.496831042872786 1.45935495781553
2.2734395513342065 1.1740109945936694
1.562803171994208 1.5980160572440534
2.376944739023152 1.907108864275582
2.685411406894152 1.7526969875897753
0.6003090094466111 0.8069892342807538
1.1133465874686017 0.6954198269654108
0.24040018903089885 0.10496690407432213
0.5893763302651484 0.730101216369687
0.6794135201621616 0.6165464951774146
1.377945956480022 0.6876841058142782
0.8544276350278484 0.6667209113809824
0.8205138729871329 0.4415116448534779
0.8924773338371061 1.0887941515937165
1.4383193840858675 1.172907205456023
1.2219169767650238 1.2146116387380634
1.675247119029938 1.546497595436127
1.5586411323275475 0.7508128874878996
1.0831489549014957 1.0935387385929771
1.7871078338436892 1.1301430961373509
1.6138944359964627 1.0914212753670691
0.5482716281198945 0.7354515414132842
0.45110957646157723 0.5918290291646744
0.16929402275250355 0.28343945616511595
0.141423476508543 0.16775163721085784
0.15514309573063073 0.15233642434231265
2025.07186332834 0.07943819214087489
0.49153626851522725 0.6608085503841824
0.4058729411563655 0.5489738909103645
0.2259972589622196 0.2527421761133897
0.23856469268864547 0.1417367852957545
0.6547623151150381 0.14958286272653584
0.6892145375681571 0.8397000710137581
0.9935794314431712 0.8922281906771452
0.9419653389198341 0.9235944676690473
2.9830214090206644 2.326648074776167
1.5735970438430158 1.3814764084956268
0.9407504277692305 1.0241504029921766
1.050517824831463 1.1087339087992976
1.1860285379812074 1.050984927795564
0.5277300256796063 0.752182156007488
0.3376346250349943 0.5097139517900149
1.1879018079889447 1.1766369901519378
0.25327204037222667 0.30860703334488954
0.2642003487609139 0.24167117612582334
0.3562442684773002 0.45128842257160073
0.5546748552425926 0.536151736630492
0.22491179747613083 0.17857616189372197
0.24705812143265632 0.09634324469649178
1.2791500491957501 0.8784534416117896
0.6673864800854639 0.9126483497941354
0.23977826625828624 0.14385512327263922
0.6819540432340809 0.8306772775585884
0.9688953717070914 0.864584753195196
0.24391340860502903 0.3858800838122878
0.23074593528955528 0.33989504420546013
0.917588667255108 0.7227566852282923
0.20470827855249482 0.29106000114250385
0.6486732258003578 0.4433202714567398
0.8168422864699478 0.4590915834669579
0.5840145628355575 0.668188986846235
0.20597598070971507 0.16347582113238418
0.21004526915265373 0.32384104577232725
0.16292217797853698 0.23640093843472618
1.7511859860648793 0.6142257934579753
0.27367238265238053 0.30736664804160696
0.19954622867150296 0.16399655073382177
0.7135679573787546 0.2857564259157297
0.25751627128284893 0.10439300727762929
0.39034429738494636 0.4273305682156574
0.261998018469545 0.1033258183081728
0.31543684133194017 0.30218519657590437
0.19733928452956098 0.15709470125723157
0.8158862882211992 0.19886499010041284
0.17106912909695815 0.1614507652961316
0.22015050748150253 0.08892207434229919
0.2492381599696974 0.10090403959732754
2312.875720940319 0.07862315685518168
0.8857287871878845 1.1592535370078365
0.7305381831123212 0.8614409181741545
1.170885090973235 1.1118833596965345
0.7653777603393346 0.5729712635652531
0.9545114545382655 1.1693449744606064
1.6026436764458456 1.3470238764736449
2.2753859148412063 1.1732958681969547
1.5908107585291784 1.492875477493743
2.3771560868760107 1.9071053844811414
0.24076469220562746 0.10509259350158812
0.5916271319713573 0.7303704903885293
0.8639255181809824 0.7200809752643849
0.9046920486974936 0.4431041051198867
0.8938465025547966 1.0925540844489439
1.4735647600276485 1.0918619448521574
1.378600007456985 1.169149051111641
1.742369786266501 1.5696293338270075
1.158324296609909 1.1139436299473728
1.7890773635711494 1.1337606758172412
1.628311456987507 1.0940981824922555
0.34718351805932285 0.6069261826950187
0.8965996878348496 1.087377051263275
0.9974950444494922 0.7159300117332013
0.4616113787083682 0.4992353323580379
1.055018883602795 0.9117017748780913
0.31194839792381296 0.416312319903948
0.236100675538975 0.3296003402799231
0.2610685570144795 0.10841231702599817
2.653642178211827 1.8739534813425769
0.22228088964566034 0.27096367605202837
1.2059084205246042 1.11746802675796
0.3566737702666445 0.49734232520677085
4370.396921214729 0.08459580104609218
0.8948298709376845 1.1049858723627133
0.6771032319148154 0.9070339625617505
0.14221194092320139 0.21028271683443894
0.27745645995894586 0.33203104744597955
1.6890185122341346 1.5397584902692625
0.2079144614193854 0.18809468495957035
1.1980985651382854 1.0939822644562935
1.4777867401229365 1.098311864021785
0.8648788276469032 0.4408916087197379
0.17360377266372642 0.1619788559821511
1.2000549329204804 1.036566531294587
0.7726911412012054 0.6763286270845755
0.16202381692992207 0.15603448934898667
0.5177799352992354 0.3050727928244054
0.922985765010242 0.758736524082686
1.0907892381832704 1.1534069242788867
1.1909319145793544 0.3099251360149614
1.4549621323520774 0.7648514370253492
0.24101473414816355 0.10499467224641867
0.4684115210532691 0.6434430929603429
1.2473304170398327 1.1637480879444042
0.5498178565215981 0.787428219433483
2025.6194401720154 0.07943559125559169
0.33549451652247675 0.2936934420088706
0.24087847582661603 0.23167995550079856
0.4746772224366673 0.5664573453748017
1.0886619485796527 0.21605940433454823
1.6544758691960086 1.104795792951322
0.7818063493503312 0.6404328347593573
0.25112439664679065 0.13407843651004614
1.0724990584060727 1.11767013314646
0.9009158183586585 0.278522928075825
0.2425754571454847 0.16567919096033237
0.3998358671240662 0.5334609528544961
0.8946862736061962 0.7612522211795323
0.7982119965214274 0.9187605018861109
0.6305598228148097 0.8237309954578556
0.9711444536740559 1.1486772485210113
0.2533934169993666 0.10212286860942565
0.5242072200549768 0.75612524222886
0.9779381286885082 1.1916295572473357
0.39392089433881855 0.38211283269051044
1.3356072393823881 0.7802847601198596
