114578.29983549162 1.19125093616921
0.4920740873785863 0.6766979200387133
0.3167949796375058 0.47461649219132884
0.16881022873654414 0.30622807848999245
0.19165650278368465 0.2551646052738568
0.2174171956726003 0.16627646146037012
3201.2225294508366 0.0792459236335541
0.43086955393122367 0.6490672029803237
0.4812660270671547 0.6836632164982641
0.2296342147099132 0.2979468110455179
0.24983902080845247 0.26028913547143057
0.216343381587349 0.1592825514197449
0.2722228441418346 0.11096406090758346
0.6668895439878367 0.8759192921146128
0.6703011045621836 0.7105638330611252
1.0777051039522916 0.8451628751558898
0.9890244879061765 0.9775534027536517
1.4008091606727238 0.9830392092823126
0.6746150713566056 0.943275895249503
0.5768301775398634 0.7887377653008815
0.45001846520611033 0.5736818343025953
0.33733531606126943 0.3613361264063459
0.28549346037665346 0.1570933433932204
0.29753707172022525 0.11206080973442495
0.810634408220436 0.9298147649619384
1.528520188056075 1.2995298706025904
2.604213892954426 1.5543482714926367
0.7821894917615613 1.0096721924812524
0.8518119619433279 0.9029732328988256
1.389557859303054 1.0716989870520246
1.0668657985697034 1.0026807477439998
0.997490802369021 1.009568986205866
1.2640190629189272 0.9110565705894634
2.1313176510733376 1.3208116658182254
2.8359150194189686 1.2413027122269318
2.8786387498679917 1.2973307677254466
1.9234888612719134 1.119786510949834
0.28220637380279323 0.505983947667575
0.2560569121416928 0.43961170652079423
0.216168862407233 0.28619961331616434
1.0909929520169297 0.8980161912013758
1.111492182424195 0.5136553025940895
0.21562981563669087 0.33613401496186185
0.22108982172245548 0.35161409179973857
0.1527088730117902 0.23417183013502418
0.24538399116682216 0.1975760999661123
0.2953707350079193 0.11955914913847342
0.3064025314432652 0.3663916316991007
0.7830547443925813 0.7450636061907724
0.5098638918974283 0.3212811720439117
0.9178396534074058 0.7809033361649945
1.584677918452801 0.7194987219195346
0.33201122670172994 0.46777603505162046
0.3285595336041518 0.5287357371556742
0.23868806219523558 0.2670171691808371
0.20383811751526226 0.1692801968427417
0.3032637368854545 0.11277192959527405
0.7424323154030097 0.6608348270616932
0.7021529625122889 0.8244592424160361
0.5962292807184177 0.602279191847536
1.0559343576217288 0.9380812770858811
0.9286131585348987 0.811264583230124
1.678969575901812 0.8001221782509673
0.12214105626277526 0.29222398312038594
0.16977082427443546 0.31793569752280654
0.18613061569059203 0.2760488047315802
0.550554853419324 0.3115428440576227
0.1906049830263671 0.24295243014847243
0.18283912727874274 0.1645148695590602
0.24770781785564838 0.10494074136592789
0.284773287509814 0.3275942316712144
0.5411375998518893 0.33272066721733423
0.7014869590098078 0.45119870923673416
0.23792976734090573 0.408635476016051
0.26658267866337637 0.13754990918843873
0.29727005986933774 0.1126738900799748
0.8387577612654498 0.4895316065443525
0.7780400942173267 0.5068487922484877
1.0126109229293787 0.5970504526232239
0.1684867269539505 0.2828732504853836
0.13547485496325548 0.19312650193473663
0.14634028404309582 0.15749649853780867
0.6862191704642249 0.2157833558068522
0.1275281114594804 0.21226964007057963
0.1771419162175438 0.1718320893417855
0.2073187457383878 0.10679660605821056
0.19672963015851397 0.18924291972275611
1.3123362246079981 0.3681243790196783
0.20911469416271414 0.2686675939606469
1.3501775856434428 0.5441891194687061
0.10841735568408464 0.17876653521134495
0.14130632716908478 0.125197898497574
0.17285805773996765 0.09567698478282066
0.12683999084191805 0.14242543513988368
0.38802011879006976 0.15309094513635235
0.24269715613269832 0.20536304354834686
0.11194811828361559 0.12984529196460767
0.41192586429554334 0.09354554026017299
0.16877504204144822 0.09497554404352193
1667.7146670208149 0.07836217085737249
0.8388278256737258 1.0566333710783304
0.7901438940524126 0.8974651839240088
0.8240116671999875 0.8546480551511513
1.348488243748533 1.0739888167402816
0.9851733222795165 1.1678645334098399
1.2318256772502973 1.2580205202629893
1.0032841393862335 0.9318343047930835
1.5747496468506879 1.403306098745602
1.213611237213315 1.3538485769884687
0.780169200765528 0.733050957499557
1.2722246616288722 0.5709304103948418
2.1450266350269693 1.7529637770891566
3.0017563554770446 1.8067973430666902
2.9254270929218 1.738070202571212
0.46083451160866884 0.7004149136473894
1.1745708570474933 0.7713230449174873
1.0993917620763038 0.6381775849774656
0.6296503924285223 0.7523889970052363
2.030391186846046 1.3806294279821252
0.35275558810463836 0.553263944633876
0.4563184152763625 0.3911010007363612
0.4457637668464858 0.49924233105654936
0.7245520215669701 0.4340592666780937
1.5167625028665852 0.7418611717285921
0.4429815799700998 0.2919796430856071
1.1914572480226626 0.2537132096750695
0.8559976421408366 1.079458924671894
1.209327262925048 1.110567788424563
1.3032076156676737 1.0802498520832942
2.2854308236403136 1.0844439532687655
1.2582373488482983 1.2618570120533974
1.4780742608358652 1.1820390042830993
1.7459108680553543 1.3145534902386116
1.4073551278172851 1.3627443175811504
2.3070709123630535 1.3694424021881988
0.9219113099704662 0.8492709968898743
1.0349980611577174 0.8492749368250461
0.7757116021270355 0.6241838434056737
1.2511774680628074 0.6969691212346456
1.0596671294444422 1.0793770170180397
1.3806262488861663 1.0779528317530214
1.4988914687467227 1.102362052925622
1.8135246199467174 1.2450629892172576
1.2697114088202595 1.0278195289586045
1.597086178319333 1.096597840490061
2.7558241478330507 1.1557796418941693
193044.22050906863 1.6852317850490226
0.4955347187210988 0.6864661975069479
0.3549084953784096 0.44889825954863216
0.18248392669727462 0.30287128101380284
0.20068360987599487 0.23595609757912578
0.22525184091927922 0.15587724238938916
3219.2367776946203 0.07931524483216335
0.43108036293984725 0.6491286386631727
0.48732402789736984 0.6201676311454942
0.23460687706487718 0.2973441661591015
0.2519047906200025 0.27445155612303623
0.22856425271434652 0.15383872591486625
0.2724743503069992 0.11118056752778088
0.6894295754931383 0.8856243818795269
0.7409255917992595 0.8425374416252253
1.104441045864648 0.8057057229430837
0.9966369686342371 1.0121394916571882
1.4876592500949095 1.0261520764557022
0.6855572718297533 0.964458631024247
0.5812368172579847 0.805545640364679
0.4512251612123218 0.5718899927758125
1.3479731883003974 1.021457011663999
0.2872907208029071 0.1948635166390739
0.31058214081306623 0.11227985950354535
0.8952089971874972 1.0877983665711766
1.6392610451643583 1.2827042174755874
0.8499590598926111 0.9030479168479534
0.948481375394096 0.8820202660585612
1.520757777564686 1.141451147791094
1.0896154812032828 0.9463659593873965
0.9998089369032686 1.0270986581830097
1.2772044358643782 0.9107537497148308
0.2970805403444108 0.5339902572919071
0.256648209507288 0.4416988544285328
0.2784967235920715 0.38394416345073706
1.4334378945502682 0.8741571153578723
1.73150219153358 0.7062196227796866
0.22635399804452377 0.34925272689051395
0.2364072730813359 0.32266745342597614
0.24092080218094522 0.2141124070725562
0.25293555805315904 0.2057442326958117
0.2978757952475852 0.12089925775837723
0.31587670992904565 0.43874026456908594
0.9780825049888875 0.5628103613530416
1.1198768489220954 0.8737973756297621
1.865871246254991 0.7509099120571419
0.3554581485118862 0.5432319021805627
0.2445481175647853 0.263724210054011
0.20422178092934576 0.16973707975395874
0.305860825149852 0.11447730352059224
1.6062203687903134 1.1663617482529274
0.9377385985347264 0.9167512269759555
1.1858895448150744 1.0212607741910409
1.0281870498521293 0.7890622252794135
0.1301457667375164 0.28745117033982104
0.1966107004063905 0.22752922754912835
1.1586914209838148 0.36500154462012874
0.18438030083236523 0.17138208764294594
0.2479511013501094 0.10550865964664827
0.3003406945662917 0.3977262872421635
1.3279356352177412 0.6747459191849114
0.23818964840099466 0.4084802602280347
0.2986949754065652 0.10210086699535126
0.8502122845169271 0.4862760498237898
0.9825116887866869 0.5065596704221207
1.0842064872483925 0.6321160300355084
0.1939842541789441 0.2610664012217928
0.14254838562585692 0.1947424032265881
0.18725523688260617 0.18674718866211018
0.8902465867406586 0.21383553063562782
0.1327220184465007 0.2126875265759601
0.21295853281762717 0.11763721677856685
0.21180065836797124 0.1070216029613297
0.7485200994428378 0.3234540127444113
0.2514103970223186 0.26506677661844513
0.10927382319360407 0.17810762676400974
0.14364535453181723 0.1248878421051915
0.17802128976625056 0.10419892409317012
0.12756222814243232 0.14711527820840012
0.5766124196449717 0.16933493775603015
0.25226886571822704 0.2080734452830233
0.11199155734017258 0.13031312113050103
0.9173587455233992 0.12899924203957275
0.1689075134762591 0.09538772887809208
1669.8806646953224 0.07843329423646381
0.8503982449248868 1.1095510393479127
0.8641312084839432 0.9229477059074316
1.0388325603961617 1.07572027360274
1.3545768819311776 1.0496087560090062
0.9853994357507367 1.1665012145509248
1.073619649740439 0.89492753489232
1.63284700458826 1.4028159166859206
1.219095882497839 1.3617194489080158
0.7856662499976628 0.7268534906262829
2.324874285577826 1.727762466420803
3.105480417921916 1.787748823561766
2.979138798762367 1.7242775109161785
0.47139263290717115 0.6109693946631971
1.1144518747549403 0.6361941885545334
0.740611342610435 0.7399783769997048
2.0794269749089636 1.3813138200122377
0.4203325968151148 0.6169000704444415
0.7937256168129863 0.7542010671226753
0.5346510170521258 0.4898644948773213
1.0849982859863974 0.3997493251941163
0.4432927535547827 0.29260570833520183
1.2710106093952342 0.25661018693158855
0.859368348404834 1.0799086597673646
1.2765958130250774 1.089185600649539
1.3112712721931976 1.0792434308576582
2.289550181668867 1.0847672410922002
1.4496977436257363 1.2880589272098368
1.5376323976402673 1.1595423704780008
1.8565404728485 1.2545619003466877
1.5290471038376028 1.386339753329191
2.5168366537332827 1.3476514883963877
0.9585931072954779 1.056233763952394
0.8074021224431744 0.7347518957926857
1.06678591553736 1.079651253674246
1.824396072979397 1.2176279001433423
1.7468623449184175 1.277059907671477
2.4128534784444913 1.404456225227345
1.3105285270506388 1.0185712778892095
1.6288732752297905 1.1096746264901327
202670.37543776882 1.7297640752850556
0.49568702624654704 0.6861248984180195
0.3827959889139414 0.5677112716412069
0.18414420972698076 0.30481635032693494
0.2304712121372573 0.19786351212092868
0.2265443691004508 0.15620025159035983
3222.4995788352862 0.0793201283316245
0.5028337243030994 0.7651753129808485
0.6659913404961844 0.7509516652901409
0.24107434446737513 0.3146231996817116
0.2603838780224216 0.24643703871219658
0.23814216301273916 0.1913145008386463
0.27340127417963705 0.1031571733584779
0.7190026474331371 0.9231243170700434
1.1655272873454219 0.7314125105876604
1.016769224330686 1.0355559885153345
0.6884609174769574 0.9672251554084583
0.6305791517223882 0.848241228515505
0.4597612455317877 0.5583607579878103
1.4153721590373443 1.053022178127644
0.3038220823690291 0.18684181705794956
0.8987729123155968 1.0903133258119437
1.9446043671333522 1.5366280626421325
0.8525757778848903 0.9083676292167434
1.192257717282236 1.0872399866567342
1.0031102623489465 1.012847733299859
1.307486025111856 1.0058286030704102
0.29756492466541 0.5340903685280538
0.2569026644653135 0.4385339818320698
0.2843933106740989 0.38546160783190336
1.8108786399704404 1.1814081135636016
1.7343178565984148 0.6250864526951624
0.23380561284172974 0.46755720423205704
0.23879514734788132 0.3281224367631881
0.30960343752823893 0.15298723511322282
0.29908812246769945 0.12583114980714769
0.35957490590492036 0.4799464499530913
1.2773042916492385 0.9657213749825246
1.8882015757049895 0.8612955466724943
0.44498899159874716 0.6459212156600093
0.24505970371849362 0.2588936414374511
0.2044361395189755 0.16984829457901257
0.9954870655349296 0.8528269411856226
1.2721961868552403 0.9804901500833396
1.172384612636083 0.8492150951595321
0.1305327356782019 0.305255407493566
0.22589199515631586 0.2593792440980056
1.252401411146627 0.6594992121710108
0.21043522523486166 0.19617104982643124
0.24805920544314775 0.10563266900532216
0.31765370611355453 0.3015979485753972
0.24174626648117387 0.41501864072765043
0.3001290381209325 0.10374698094499374
1.0937038906610361 0.6373447197740421
0.32020572779539164 0.36466557342214045
0.182181784094506 0.22986311421699746
0.6613253763485842 0.3198646008075392
0.14857782422985422 0.2196816683409227
0.2151733524116425 0.1143202455959087
0.11185938594267164 0.1786700872067003
0.14848841675931054 0.12054391705793654
0.29591603114971027 0.1326237753740956
0.12859855555852484 0.14003734481139823
0.6040792766156045 0.16990221669396532
0.2725061991991654 0.22067486331168715
0.1121184209860778 0.1298545105008082
0.9215165596950312 0.1869230537625115
0.17035433543986928 0.09564265405593836
1669.9806332132166 0.0784321437244059
0.8521687137370844 1.05908353454976
0.9018353375851142 1.1110839799781707
1.1068636907160707 1.1315333902722569
1.4063439152866384 1.088177448419172
0.9854138132350057 1.166489397887449
1.3171636809566705 0.9953906637383109
1.98543729475186 1.429740266839779
1.2225054967267264 1.369431735566705
0.8412993890923868 0.761885556941529
2.407856804777987 1.7530499746889392
0.4883648616513543 0.7340159805258157
1.2468498017695493 0.6362183088729602
0.8525105478874877 0.8236170190667742
2.10746676757909 1.3437179339838459
0.47694474451449737 0.5971469658842835
0.8248168282777286 0.7525334677121858
0.8249168612972229 0.6119483892185409
0.5642546428830735 0.294103551195276
1.3933342023312876 0.29458344229011024
0.8633775478057124 1.0819634712557011
1.319304594568118 1.1448803212401528
1.3121890481344987 1.0797012189311226
1.5514393944310694 1.3375536411660776
1.9566239637555993 1.4375843303806861
1.5986542926808602 1.4333050983192055
2.5442755486544284 1.5945575330829753
0.9603249215813807 1.0570074815473065
0.8336076856801644 0.7818659007154691
1.0703230946113633 1.0833210097761836
2.4058840459988926 1.199859551754486
1.8884750415115898 1.2637621296702624
1.310986926334283 1.05430606565854
1.6989317585082602 1.0911061875375077
310999.37658404163 2.1308308355512695
0.5566718043830916 0.7830693603036383
0.579113325042669 0.7315692012623909
0.20866730617254362 0.3304621282669565
0.25001236317938014 0.27599145944897285
0.26385729484105114 0.13321502189406953
3224.6088540932824 0.07931999360694358
0.5205396908358152 0.7391783633229327
0.7094241470623206 0.756994805421091
0.263178883064623 0.35310031560060307
0.2670835416750037 0.2338972629491255
1.8467869626140416 0.6467482630613486
0.27909606507802476 0.09475338216915148
0.8361460939305893 0.9959059290561817
1.2423873991590995 0.8987031724755592
1.030591693069228 1.0429274958108676
0.6901877964695742 0.9635647699007784
0.47089624996000484 0.6572678451497729
1.80072505005927 1.0095205493573476
0.3044060734135046 0.17663582267439
0.9029486639053639 1.0360832595645828
0.88052232452745 0.961281894514574
1.413130231592314 1.0865508911313173
1.0742982589157295 1.0579373283076527
1.3188325663684313 1.0216397156303954
0.6719291697414518 0.9038835973422819
0.2734208074695332 0.5190367494856122
0.34576794192120164 0.4287686161693526
1.82201580617099 0.6968185641514768
0.24260758543326183 0.3566513038641759
0.2451274259232769 0.3486808711799173
0.30970239767335095 0.1525577525553583
0.6452154019432659 0.08307122194655986
0.3694624093654518 0.4824929657610044
1.3259727744909329 0.9525289411370559
0.4454807320053601 0.6457853400151392
0.2492120177268956 0.2497356777034882
0.20468940276241304 0.17098576519108383
1.2702672103784725 0.8291210222984018
0.1309013395172289 0.28589622489072236
0.2340685030502462 0.32343950388698095
1.253984447093976 0.6594036298137045
0.48057893700856624 0.20955938181137201
0.24810171257363248 0.10566240281249988
0.4152694757201704 0.3257497641334525
0.3348311964994176 0.38839709606400574
0.30120806158858215 0.1037112715133689
0.1847192079900115 0.23136290969774553
0.15069783047424207 0.22237129475638387
0.43216658167924715 0.14097887948308793
0.11522427232146021 0.18087249547249132
0.15195714743786407 0.1324839830232253
0.4771903578573502 0.15307176441035492
0.12899047560022978 0.14003730905268602
0.8620473223593806 0.1557891638537525
0.2729959091857839 0.2205662941579762
0.12193138653174729 0.11706809686698079
0.4127773984192922 0.13076806542314112
1670.003025044737 0.07830849718599495
0.8601448219055874 1.1040786690016993
0.920361711605876 1.1098632935385289
1.3310648378763141 1.1031443133929573
1.4085061285257992 1.078989274464297
0.9940157284962372 1.1525364336172055
1.3616011587041181 0.9249995154224081
2.2003222789909334 1.7388424066245203
1.1390865115750917 0.7168584062726421
2.4245513600602657 1.7253512926831396
0.6742222873515235 0.774074671443428
1.2898780014039328 0.6345426139952051
2.1438744268462573 1.4434487351628527
0.4899324704175987 0.5305734833634936
0.9124310155040072 0.7189726593358106
0.9015495276022887 0.6343135434307943
0.722452855863839 0.3061676807044366
1.7319357027572022 0.255303235149572
0.8686047199490718 1.0848738669628886
1.5700004583489329 1.344424326854373
2.0287791880239543 1.467270771175574
1.8548789435276838 1.3853295731655673
0.9949592714419853 1.0538893619935403
0.8781067030125302 0.6665916707170976
1.0848633497561986 1.0779311488944519
1.3547096488323918 1.0704884872179732
1.7175738630105086 1.0917689914630775
0.11531264910260933 0.18090988867288305
0.2054544859753855 0.17102549418426577
0.3376697003476634 0.3881229955185243
1.1810602923638216 0.7524849501335141
1.072504664352906 0.10060584238880588
