1.49994445024181 4.008202202969607
0.7169837549595971 3.038839636817138
0.5924403318656273 2.001783843597279
0.662180576408549 1.4436000533020983
942.1232789562233 0.897695736493741
0.9606923407560947 3.849630351233076
0.6093967414710977 2.2705287224410062
0.6460822813395013 1.517857222446717
1.0136997370372456 0.9614763116658764
1.1731525980911042 5.09335509389347
0.981754760135328 3.96428341720728
0.6890264185389512 2.3643190772386147
0.634742179542929 1.6077249695907954
1.0209585794220686 0.9730811977422742
0.7313660674582404 3.037441566954334
0.6879133871770079 2.161633960382249
0.632203122546691 1.610132462928254
1.026019027574089 0.9740220955279478
0.6031204517485064 2.01526009857423
0.6605236402263899 1.5340978301795565
1.0523080443723918 0.9891044179982702
0.7340472941207007 1.4960625995817816
1.0603561220219135 0.993710294156984
26241.66289996302 0.993569551335692
0.8607042925375631 3.80687850657725
0.634657697046955 2.215306467505464
0.6457581154285936 1.541644691620849
1.005668575834291 0.9316518096527039
1.8353423434507912 5.151397288170212
1.2222626826669791 4.072713191895863
0.725557048805321 2.7723167432648506
1.7474495719948575 2.0337503457697683
0.8951690183860305 3.8164709353469193
0.7586869845238744 2.841660463414148
1.2745073246582632 2.2198723284660113
0.8088281251045257 2.6999656039769855
1.3485825997402001 2.2307895290476996
1.1412165754630355 2.010725916897762
1.185084852775568 5.022441395130214
1.267394596132051 3.1817496927050826
0.7219345540555112 2.294586763360969
0.6350550802875639 1.6006498897192798
1.0122795932059292 0.935815784209199
0.8809271792772949 3.8365319581376798
0.7741005990294525 2.834857780300654
0.7692134874922534 2.701094510614774
1.7392094482818914 2.4659555099228343
1.398247214321314 2.1834808751698382
0.7273799761634029 3.045316279411458
0.6745924870415255 2.174651684210802
0.6490685665570177 1.624068200379515
1.0267749674930577 0.9570465850868222
0.8996650286460212 2.7356109019603894
1.7081895480023492 2.0180709985781333
1.8429952356164032 2.4186284464704637
0.6069166383328259 2.0370960418080823
0.664534775424787 1.5576643194638564
1.0353985456012225 0.9687821876597477
0.7182025215274698 1.494124411563082
1.0509120855707146 0.9820253348551344
27634.067280410494 0.9977896032764304
0.8741614505123811 3.859855589495236
0.9087075350844716 2.6560370080576967
1.0359423814721784 1.9292617834340557
1.2306993616699393 4.041148739864457
0.7328542766294949 2.79747234193582
1.0147835346359089 2.0534461520093465
0.875354813385107 3.789596055215867
0.7415398702749556 2.7846720204415316
1.2527287234413735 2.1840398245263177
0.7764945044347791 2.660246831306111
1.0449461177930206 2.063441935728716
1.022509842176738 1.921083178738502
1.236699477286296 4.004859994526118
0.7295792816691665 2.7935308609413254
0.9606330534722568 2.048871261839585
1.2130258854521205 4.099815696400859
1.1681060204607292 3.6579858133718464
1.9291630303996596 3.0296762719308807
1.9017598949938046 2.955659086304642
2.078207807790899 2.9270891442606697
1.0479817320653886 3.802593288368943
0.7376296692715524 2.8066798624916025
0.9487094837616444 2.1374914860369967
1.4201194314245678 3.4822053736508374
2.353681151216795 3.0947741178031265
1.9911536639601817 2.923193308540604
0.7446802101724739 2.519581862581271
0.9549804336374335 2.043229228463015
1.9940889460536493 2.8689091608918544
1.0217846260970824 1.9130716214892947
1.4947145903542571 4.025936945485898
0.8566772675646334 3.799183180597977
0.7367143001008032 2.6518624428351973
0.9820788033253245 1.9993855855262206
0.868619329941354 3.8412245180658866
0.7075481766584875 2.7875550900794077
0.9398542917335699 2.1137481852902136
0.7520465293601104 2.648647898830215
0.9278385973312318 2.0916377172175897
1.001611544365905 2.002573663442793
0.8989975325915758 3.856717028961506
0.735621654097566 2.7925771799879113
0.9195996912067482 2.1054690427819565
1.449431948310882 3.483259360446011
2.3753897881870962 2.9357218342374307
0.7262115187139647 2.6412278716576725
0.9153666678602 2.0733751051839127
1.8977074927249276 2.9092524368805597
0.9794255617484084 1.9865207662362465
0.7192550911556831 3.0375473189938536
1.094593542603175 3.0589620248896816
1.0145304717424326 2.020928031135726
0.8087277545565387 2.5167736860079337
0.9722407863070318 2.0643243031809937
1.0048155027550292 2.013525160823005
0.7386541772091283 2.546110119622378
0.9640185340092368 2.0570929371886146
0.9625977011763466 1.9695703500458852
0.5799451699197504 1.9737596566250442
1.2791008090316613 2.047776636578922
1.0075421959628392 1.907903579909223
1.0114134118876519 1.9030660454943964
0.6599432587506172 1.4479053289375268
114.14403141201699 0.8940823345152379
0.8732626729222431 3.7880982733921957
0.6195832148117737 2.244757111492927
0.6509540444701635 1.5421912392562798
1.0098061845549664 0.9426944610104998
1.830166008132183 5.1484569555493085
1.2366542309226587 4.0861718332069765
0.7150929937061747 2.758524268260757
0.6261020274315751 1.637817778873794
1.008058241576801 0.9659000285495227
0.8943953354945633 3.8042985666108846
0.7302408813993813 2.7677121183166116
0.6168290546933183 1.6864636130739
1.02137502907127 0.9824239625056889
0.6418077116325976 2.297396593169264
0.6227083704884417 1.6561409455728133
1.0376963343179573 0.9600578297186203
0.6949419993601806 1.586325552905128
1.0560111080815764 0.9663153330742952
1.1333752115814701 1.0197164537848578
1.833124901379347 5.176849902927035
1.2736523641155841 3.9546976024672826
0.9091486798180861 2.332866763051989
0.6267479236800698 1.6417360518409492
1.0099969772111568 0.9535836831823205
1.080547238933823 4.783645409624468
0.8006733432594351 3.015134868706876
0.820120938093992 2.905777242429584
0.886190808095974 3.8265103960063014
0.6861451147145222 2.7180176977510193
0.5950513836471912 1.6919941307389923
1.010428578724888 0.9301577678050008
0.744401290606912 2.8494144154632255
1.3059182631049402 2.41327302531025
1.5130227730845367 2.5892633456520384
0.6230098228630052 2.278515226636628
0.618204493317925 1.6405164295752468
1.0298391788452945 0.9822361777033259
0.6904242463225322 1.5581838545970856
1.046163015982814 0.9584046315240846
1.1230616759671066 1.050170566653076
1.209890284630961 4.0753996525369605
0.7460167795015781 2.804501129029794
1.2098101017427416 4.116640418534341
0.7448394274621563 3.075085620305955
1.4614220571403402 2.5079588390159184
0.7228460261698497 2.799971977828533
1.4770797131679787 2.4979936160382734
1.001894507924701 2.0913537309366594
1.2379620418201471 4.113691724451682
0.7710279069082112 3.092984613598965
0.9997646481683959 3.540471646916731
0.7315521855893375 2.7516463985113475
1.824918425465262 2.6476386058101204
0.9567595998523734 2.042078732436697
0.8892978675436869 3.735312821218323
0.7331565913366984 2.7860179930954536
1.6569070487824404 2.6235064947326254
0.7351040580950806 2.7704893389493486
1.5980011101108413 2.6468562945321743
1.2598731194998143 2.1925201367972846
0.7383812174467237 2.765087357758193
1.7427891729236116 2.427413958648816
0.6645395277873731 2.178126029597138
1.3887994854253405 2.089695382111975
1.430369460601787 2.126530128847725
0.6414094967588417 1.537754787084439
1.0023439121832773 0.9424590402222679
1.1737728465024118 5.067810493072224
0.9247411349544155 3.6747665905162132
0.7758145316101931 2.2150285943548105
0.6270288506159758 1.6076316908359174
1.0205415353782674 0.9579250363010238
0.874283481334633 3.7512405245981935
0.7039875415561232 2.691669007223744
0.5944592592184319 1.6893587858182118
1.0150844910758399 0.9608902503109663
0.6381205240783318 2.438370451610755
0.6123083852333389 1.702664231676866
1.0207294611352788 0.9469381102797884
0.6646534780389477 1.6422070442168089
1.0364184219788903 0.9631438907986036
1.1220906131479806 1.0158697082632548
0.8633627779574573 3.8199129669413896
0.6915875056709273 2.6433352362229767
0.630774899215038 1.7089787387884676
1.0129869930162176 0.9302714487993718
0.7310804071541593 2.7893299610084297
1.9715586218699968 2.4873957187603324
0.6230680922497381 2.426399833206162
0.6361763085066919 1.7208914421603139
1.0183568244539276 0.9560517505238549
0.6615112928035349 1.620193636970489
1.041489670037633 0.9701777972804292
1.1206673716954265 1.0394633992873898
0.8634510204738519 3.7941338621867393
0.7317107020497264 2.776353975753318
1.3590090316847667 2.145842690737111
0.740376437594265 2.7935113081376555
1.445226750602011 2.526257430277237
1.047085365581103 2.1441773886074884
0.7014033320809363 2.7481010428279347
1.4085335784564328 2.0624794297885884
0.6919399422749188 2.362987668642155
1.4016668713603249 2.4141328102872484
1.397552291069647 2.363724621374192
1.315881526357808 2.230817118940218
0.6268271334676796 1.602841119968165
1.0039189647932194 0.9359729040628653
0.7130853151994575 3.0501961714334476
0.6015780265703635 2.253164339030116
0.6351874337696704 1.6147682141005626
1.021117105839992 0.9582489934754602
0.6236159765465458 2.2793686708243093
0.6129987786821464 1.628735930155255
1.0068197590983121 0.9390120547015293
0.6780593984565635 1.6589708669768117
1.0392522360771 1.0146276470045823
1.1114298203330732 1.0260173208547871
0.6159402310760731 2.237566846216193
0.6241590897522784 1.6516587374615992
1.0110807517360487 0.936128741634414
0.6762642310054165 1.6245247973394792
1.0333786159487954 0.9593147036497036
1.1162812558651418 1.0411773915647096
0.5954542910651603 2.2507240991620057
1.8461722960129319 1.973170619523572
0.619332362941467 1.5928247007156284
1.0147284238854621 0.9547370372282893
0.5934287959466088 2.019320536665924
0.6349477722914499 1.52970222282142
1.0060334338592363 0.937055001095014
0.6683819063751318 1.5446378762022848
1.0108449894061258 0.950453336160572
1.094863977511273 1.0168830981960981
0.6746069936627356 1.5541179305743247
1.024948409347226 0.9531015072877197
1.108116682301043 1.040679846453335
0.6364141073234689 1.5337894916973827
1.0122016853871363 0.9585513632258038
0.6770907975317633 1.455105036958984
1.0029594146799024 0.929643377185005
1.0764843290536978 0.9990287747790162
1.1054304532639272 1.0216811443683462
1.008217932474156 0.9389750278003646
1894.5547999893172 0.8949719502150398
1.0566780602555168 0.992020035746189
0.8762745395834065 1.8536311206380927
0.6631397553891928 1.6475547689206846
0.953292410141912 3.6706422103446474
1.2227778830766345 4.126928559465527
1.1840288317898766 1.0950652599749013
1.207501223288412 3.2480970888450678
0.8445859401112565 1.7853074307022392
1.9935590248077686 2.476384240701873
1.0484587133405987 1.0625818104482498
1.5129664818456707 3.5735985756895756
0.8888206275195023 1.5680338337433448
1.1470393401703651 2.016024142034677
1.011324784237254 0.9309433965807863
0.6624881651113496 1.6316300892789748
1.6913561785411693 1.0043278148932295
1.1013937006015984 1.9572033588103357
7123.056430764548 0.9241693642713962
0.5815547577463468 1.9960954695349469
2.378730326922313 2.9547994328341796
0.8793843809033917 3.7453822206226657
0.9043253137472641 3.735023611693868
1.052286722895419 2.1397131206339974
0.7821074593093051 2.671401795927552
0.696515333078767 1.5479806981245812
1.2792365135189263 3.7219169787963233
0.7474363639329602 1.501917823997795
0.9535443305581874 2.481528082684062
1.1101960140768978 2.0913538782748686
1.2722040682631017 3.0304187016210307
1.2784496796814881 1.0518056943529086
0.924890576704702 3.8619178640512732
0.7731393918581194 2.820398144150274
0.636467567213986 1.6160403486563306
1.126884477633065 2.557221123550615
1.3120844989595832 2.539198047173592
1.35387497730173 1.3844475995494834
1.05195155825499 2.078086275895121
1.0874077643135496 0.9576943530769797
1.0261646520639134 2.0701538963223127
1.1789439207558894 5.049739635197953
1.3159138116664137 2.2298915197013347
1.5457673451725573 3.3622791072903717
0.7031118900948886 2.4595972487270124
1.22113808106977 2.9684501766531994
1.0147956672599936 0.9442073053618486
1.54712800250895 2.522717316942974
0.7400818414433755 2.801575533776852
1.3505997775211944 1.0905825410033843
0.7381896990704655 3.0413998910206184
1.0205170596143867 0.9594528267285722
1.0766743590662993 0.9985621276204485
0.8827012448691482 3.7871474285640367
0.9751198409372626 2.1247090480490947
1.2929520138948902 3.127154341292628
1.2442288082612725 3.0282146862178614
1.3334879991025979 1.1587057514015449
1.2701914043211815 3.098466643087707
0.738631898854865 2.791620820404373
1.2740833711618393 3.9531299204910697
0.8200774285869339 2.970126454167236
1.2815572799872783 3.5381738875603745
1.3974165636814915 2.589621857118972
1.3014351929631853 4.847788708180446
0.9812506560621483 1.4015325218099324
0.7075538607005613 2.661905533913597
1.213592557747504 4.066056931813557
1.0653066967687066 3.6872001889430863
0.8171730342222543 1.5800915581815633
1.1517218246388088 1.0676751404706857
1.2164841253906578 1.1437284097711569
1.3554145823619541 2.223974970294899
1.265807775108612 2.208568064405827
1.053957609371549 0.988126049600131
1.0337970513858845 0.9840703403738752
1.061613831916636 4.423186438672849
1.7571256412504468 2.503852014363588
1.4957654979856598 4.560719097316211
1.298213497447784 4.06736147603978
10013.840020905485 0.9358358177488286
0.7279079207451032 1.5722946489172307
1.1526915505366002 1.1307340574612432
1.0180358883353122 0.969827992096124
1.2204434453155495 4.438996851827662
2.0928774959371 4.8412819979603805
1.7070682259341012 3.7675562918217933
0.7691833009683693 1.7751613616869026
1.128175934304073 2.6990830914744492
1.2939614528749204 4.07896777478547
0.6183297066755973 1.6484469497275551
1.4380960722938734 2.125193156281491
1.0484455598285891 3.807933116999846
0.6967975775005579 1.6599665665790369
1.1143283040561929 1.0311565022363025
1.1527938116240137 1.0344133650651954
1.1011638910184078 1.0375886093420037
1.43600465201636 2.0483264211775998
1.014892946842246 1.8242686580763299
0.7115857222970963 2.787315763200832
2.366091568726914 3.1082047935276975
0.752130400959597 2.1346214975089075
1.0421054279064337 2.1141856261165253
0.6156333444673051 2.0391088371570145
0.6537306823974018 1.5253812977414023
1.0469263028491613 0.9758776969064582
1.1585953896177834 1.0800701307613851
1.207246595542248 1.8305113311027816
0.6544475122514034 1.7397395520473875
1.3250918757023444 4.140990094461131
1.7084754702293785 2.397780489387646
0.6333570375920057 1.6111122011977652
1.2036930109743487 2.087832756092528
1.2985595119228894 2.9319305277645302
0.6992792108950862 1.6619744631804207
1.744009255672755 2.426751787413913
1.0416280357705985 1.0215867773610257
0.955131728951368 2.0433877453865517
2.1603691161189253 2.9111931052841835
1.2906894089853584 2.27194622246628
0.9674632436728527 3.8821460527233898
0.7957139820905196 2.5819085637964587
1.4250063885910018 3.74083247963413
0.946228890275988 3.7154880108297035
1.1561534383073058 2.1434651587031945
0.6637089959007547 1.5286250082616148
1.653796116275148 2.6935423122429256
0.7888200756564496 2.365350758141007
1.0476180824076904 2.045818593163519
52539.64361925838 1.1141236639472663
1.322156713597422 1.9692331843840418
1.169632228996819 1.090101873779379
1.189977291093677 1.059859044843046
0.7020310574286354 1.6226056344619981
1.0418058935849788 0.9704841812216505
0.7334826782460504 2.7505066924658683
0.7255387748404639 3.0749318572536755
0.8002260365257404 1.5646870039661154
0.737901909035509 3.0087715108305395
6710.294796729648 0.9224019922414837
0.686688561817028 1.4550795790498894
0.81990452949325 2.025047645223068
1.0224533466474224 1.914649250101164
0.7764339817366916 1.5807028287141627
0.6744800446967094 2.0366203444631905
1.3816605819645575 2.4465751617638487
1.0391088373150663 1.0019926331043285
1.128419535975529 1.1067992174742842
1.1002715830895264 2.75002650458934
0.959840855213113 2.2940733568431493
0.8295273989682252 2.6706512448116895
1.206670587471772 1.1678322166608843
0.9921918227436501 3.5978208216290977
0.627195010238932 1.6075217096343777
1.371032659601663 1.211387649125639
0.8921127253804078 2.2006662699231123
1.3107728084161892 2.2767673026202337
0.5990121011094548 2.2572254003981382
1.5557442094307932 2.615006372312279
1.8517779213017866 5.150539467884251
1.039144780690046 0.9815550605102183
0.9753114378902792 1.8482632590146748
0.7957481628934399 2.155941140876501
1.0514196031886964 0.9833422969933191
0.6417600912517684 2.2001573266803742
0.7608979898431221 1.7263202579401775
0.688246412698521 2.166702318242336
1.0928802363685064 2.5950010804067203
1.0434599095168062 0.9590619689753592
1.5769269524695795 4.049456334703899
1.8353659038854102 5.163266369729234
0.912221247008913 3.8162109292180912
1.3988965619033449 2.1846408886703736
0.7836110584821 2.8366102028467743
1.0244972975446598 1.9228794492624466
1.1941122933782078 5.028173228934032
0.7547791638537336 2.78700279511499
1.4885930906995952 2.444377702776759
0.8700965214356757 1.7286972057965189
0.8517232832998639 1.6701891376171596
0.9111025933645821 3.8070417131142023
1.690344341991639 3.5234910534550243
0.999517152256039 2.1883454754305602
1.2845332323565124 2.365978282994482
0.9134822251061532 1.5210517363227396
1.011891062866077 0.9435896614489667
1.1971409558541857 1.102550301078844
1.0142005261590674 0.9520895533996293
1.5911351465091301 2.5332292592990746
0.6830614233531354 1.572279193121135
1.4211517163513587 3.482749981674335
1.1982866590326535 2.107921096871556
0.9114416745582276 2.774114457841015
