78451.86090713498 0.8357621765456957
0.3582410521552642 0.44849820910764304
0.1837253837834939 0.27170484452001736
0.16627577476286917 0.25481596429315945
0.12074059268761267 0.18085833955289005
0.1890157490419602 0.15350956356591583
2308.0063490259895 0.07951161264384965
0.6360540147080402 0.7588103568697057
0.3636476030209346 0.4889620193306118
0.2108447703453844 0.27650036994352645
0.1845046865629624 0.2050718239313732
0.19529492191154763 0.16020387611183237
0.2176080361471917 0.094327251150716
0.8607143006984319 0.9600069306331336
0.9379669238425148 0.825070325481589
1.5216059511018862 1.111133686126964
1.298645191593382 1.079461589154611
1.9197262122417205 1.106563359797061
0.7792785417216143 0.9386842344017804
0.5234487334945913 0.6492592779017188
0.3809007539574665 0.4960205721011677
0.6065481459461499 0.49504369457416947
0.351337848540981 0.17625668113311044
1.7158725728837751 1.4501811607551698
1.4900220153450383 1.3195947962395456
0.9026947768236284 0.9506980620663305
1.1224864274697497 1.042439917228064
1.5139633233969452 1.0351674169255713
1.281151762771241 1.1346145995571195
1.221308628893734 1.0786760441938261
1.854469266492647 1.0910026098524168
1.7074694747314054 1.14052390088092
1.800675595752233 1.0779655599525348
0.3815329638352474 0.5416096444191167
0.21573860662273142 0.3564474761409793
0.4131724035096977 0.4983179173158116
0.9728009458289419 0.6667095714756659
0.3012629796837454 0.4713365521045228
0.20938210211094468 0.32146970582136913
0.21665102001159578 0.1884283542260298
0.5863499337168006 0.18040010678885193
0.5248274547650629 0.12661093810666899
0.45443143614859566 0.48575982527986883
0.6526056042937802 0.5094587362717369
0.9767978727020201 0.6189957503667971
0.38649416855809104 0.501476210597104
0.5503708515924068 0.532344167618694
0.23567250012994723 0.19417571250472104
0.20709031233998781 0.1771283167410766
0.22483179671281756 0.10204394388711374
0.6896219006562664 0.6774064404246419
0.8529110667453976 0.7412901674215364
0.1904105082419444 0.33899596893507444
0.2017802516891243 0.26877746900381616
0.21776853794698708 0.20534357542417503
0.3554197652021921 0.46299243317093214
0.24022283462696092 0.24951094884032718
0.19413798291979562 0.1786788336786195
0.36300119071001735 0.3220992333051754
0.8590017945110338 0.4474430440011477
1.03907381268901 0.5371319295161248
0.30704752180975037 0.3626126493292233
0.9431188897853632 0.6931780351059261
0.21414380861423182 0.16941835872470093
0.7148666854993746 0.5659647698296867
0.6502985790276548 0.6110599042565468
0.14494084793812562 0.24604441058522253
0.1412125003412394 0.20881429412768382
0.3216712920731267 0.22651108952281557
0.1579418335451601 0.21199547943660632
0.19287537246772704 0.1753971069740109
0.241091486789892 0.09458354955343912
0.5105685613113954 0.25120931834960636
0.25820235889995263 0.28483994647856564
0.23666799291007473 0.09824692588242417
1.538268900545197 0.6436801062491072
0.13878964254432502 0.18947331363865638
0.19306528035283815 0.1502965936364639
0.8800021158818805 0.22573008964455044
0.16901926385395377 0.15198193997029355
0.9873798201430727 0.2065362787104542
0.7806369610880198 0.27490361902352045
0.15494000103743455 0.1388097206740413
0.1991879641425363 0.09184966689456905
0.3284628384782081 0.12820803056923405
0.6420999349209333 0.16177601291649435
2179.166751145844 0.07834364496821034
0.9567273817099313 1.050390492011292
0.7595200500190635 0.8376874532197689
1.0878237426970874 0.9737358926089272
1.735027197768481 1.0880283117106315
1.2031741064949295 1.1902183617862467
1.9599674351743355 1.5342010412280418
1.5154833437461275 1.3989747147199871
1.0760370493399831 0.5350415408851834
2.26933809885639 1.6765044707727563
2.4651161420000167 1.6265129869683812
3.698934077501958 1.8990384471995418
0.5963453123240959 0.6884870205088065
1.0136334622106782 0.6972992080184082
1.241139219824134 1.1271988652942024
0.4244531442522267 0.24889648455667482
1.9664062940302007 1.1583235774786618
1.9507146580678227 1.313118387916104
0.4683379398959851 0.5568497591642734
0.505571726868839 0.4454151424597591
1.4900147205953387 0.7449281019855405
0.6994359254113112 0.6020533180364342
0.558777348424084 0.4984002339712451
0.9788642548188755 0.534996529819731
0.7964643423784433 0.3963669239698222
0.9904661598974308 1.0873705949519028
1.110379938094201 1.0887189730713331
1.859571296672564 1.0870864649186773
1.2569775551015865 1.1727046829058176
1.4693486958408197 1.2721742083008707
2.6883058866802867 1.464809134678574
1.014292699210018 1.0188657493739628
1.5463332661464033 1.0148567157045933
1.2498694948358342 1.089973776625995
1.7027883462774418 1.135189521156599
3.6663275443979915 1.4754678181205263
1.6902042047416086 1.0803368551644743
1.8594499497898465 1.091393665074197
86389.75471581025 0.9328539485823939
0.4239565392584418 0.5760295624166686
0.1838388043613563 0.271567988993194
0.1956502952544174 0.2675657535831097
0.12439487910252675 0.18307923721452413
0.41334436072344694 0.20733444583127192
2392.3799161066204 0.08003085979398433
0.6539483075612241 0.8240457146221342
0.39869918635969964 0.49786132648004405
0.21092791114290008 0.27659189164839265
0.21500628767886826 0.17182173487588082
0.19716684455148026 0.15689651787842987
0.219623401523368 0.09616941777803589
0.8657152518229205 0.9458006635887142
0.94733341586331 0.8388648924257429
1.3360973161733378 1.1142932054906167
1.929134906390043 1.0914447896652582
0.8872742071074964 0.985192916944478
0.5339452497631345 0.5979220743227219
0.42053624095371106 0.5306747419738854
0.7706314662691197 0.49461427796748797
0.4231897369449029 0.2517905087496644
0.9198289450476294 0.951228955710847
1.1268974150445101 1.0460278520051687
1.9013425516420375 1.0173732076765825
1.6828857562118762 1.3905586050411978
1.2221574065476029 1.0620997484534205
1.7250640731700981 1.1537877052536067
1.8581297624499686 1.0997212914869912
0.4143135561421366 0.6050208194741591
0.21729688866069913 0.35638920194490076
0.45676357659080674 0.537965733985879
1.0741462013316005 0.7562551241302247
0.3020715169920293 0.4723300117519298
0.2165674460290694 0.2717325960255635
0.22220268016106837 0.20066850474573092
0.925344474592679 0.38771692945720554
0.45461375541647603 0.48575879507544334
0.679584948288269 0.6206422695348331
1.258414036411354 0.7637015530934455
0.3905508868599494 0.5015946786808944
0.2209490534855798 0.18371627565622328
0.22489755493875982 0.1019945249578989
0.21046893983029638 0.3093925332571086
0.20634859077195256 0.24726433737261796
0.28392961484326285 0.28237459288393557
0.5114217530921643 0.5339547191808405
0.19953500814076552 0.17119637190322018
0.3698521889226431 0.31726816673752123
1.2236761957282531 0.620691207930657
0.32024937891066074 0.44362230221276167
0.21493133409015241 0.16923871529941723
0.7231828139613314 0.5636845792869686
0.7747222371302767 0.519597765285561
0.1470860855720626 0.24693692720911972
0.14269330228084776 0.20825729880341104
0.4649327804517208 0.25192399919931274
0.1662082814679306 0.22044309883853305
0.19375801258154096 0.1757789037349561
0.24112660268531777 0.09472752899129655
0.5574610376697767 0.34272779339746456
0.3013128503286039 0.2555947193011542
0.23674320452671951 0.09840570034080501
1.6397042755898923 0.639490683684417
0.15167747494915707 0.17111019093494434
0.2014476324777377 0.1618185941832191
0.885336612513836 0.22290009055031007
0.2985882484099823 0.16267597444472914
1.1234709884007419 0.46116140481724105
0.20090728825897106 0.14534688116551195
0.19985006500883568 0.09149423236251539
0.8251136096915844 0.15816758774460943
0.6474084880647935 0.16156262711160008
2179.276532671646 0.07831258673461684
0.9572244812580952 1.1130462967520525
0.7627203593972067 0.8384543226913499
1.1313448740275998 0.973560717249064
1.785684210419475 0.9319549299318823
1.3205598677067782 1.2519649805891597
2.1963466323711374 1.5352701442501453
1.5244642295265458 1.416563241668545
1.1299981924810991 0.540806987173474
3.2298360050858914 1.8045396216134848
0.6909224039685145 0.7703721271734105
2.198324751050344 1.564744030884484
0.48996411183353006 0.26917980266332053
2.1102727173951057 1.586832097930678
0.522755770627439 0.6471760470628494
0.8122917484934077 0.6629268342757686
1.6939618505152227 0.7465274359273713
0.7151358303717767 0.6208823128668541
0.6095259859737416 0.5567347405711727
0.9959967867010913 0.5420100329104247
1.4090888692329906 0.6415528561101689
0.9982536213059684 1.087188268244026
1.116179838586818 1.090189559106315
1.2678142496843106 1.1483337344494944
1.5261119702473165 1.2601587267548835
2.8422585162512384 1.622064496688299
1.0348625017775186 1.0044317358516517
1.7040042092130026 1.0180912238557485
1.2556626360407923 1.09025619818661
1.8035745784174977 1.177629087244752
2.080141778079732 1.1552997365924749
126862.03390814146 1.2204683458205607
0.5714582480150926 0.7234194116475485
0.2887903749253828 0.3694913847717344
0.19586642993622203 0.2671856472066211
0.1273433108969626 0.18473231284187885
2396.4578105790893 0.0800428108042156
0.6942575773936872 0.8691142205738448
0.40220732553048333 0.4978485658111404
0.21243403605853473 0.2772708199692623
1.412783710599828 0.7640957257152893
0.20488602380578816 0.16496183239454412
0.22339810688186826 0.09940241111235537
1.091518249087247 1.1286443189438473
0.9898416302205013 0.814075180682781
1.3481802013882849 1.117702720524706
1.9990529273617827 1.1614131868039155
1.0078148870542873 1.079503896718352
0.6365454379839921 0.8035301928717696
0.4585062056964373 0.5684209532002846
0.9320337019496827 0.9845670915906688
1.1478578933416497 1.0626233470413353
2.0081761144174135 1.5817914983997932
1.2224430030556543 1.062227878627926
1.746863082163646 1.1585613582834338
1.9253630247706262 1.0549844178486323
0.42191469524433556 0.5997308963697128
0.217955069238554 0.37380824269273283
0.5171224499708523 0.4909770195133877
1.1190878799826183 0.6543913353131746
0.30207156519679723 0.47233001244200423
0.22213819411997077 0.26839946625561295
0.2494070625398077 0.22452417527305085
0.4550396153340893 0.5294223588786124
0.6907298384185854 0.6199647927474579
1.263476794734974 0.7194271946518958
0.6920722133051324 0.7201870015870245
0.2212913873742975 0.1831294291449228
0.2253624941881085 0.10215677506159893
0.2717173287518273 0.3792682866879455
0.20946710540043334 0.26567346664835834
0.29062693116441907 0.29345329702072454
0.516744180314403 0.5248896411691997
0.23089454366036377 0.1683565130068338
0.3788461456583688 0.3167170973373353
1.3255543448759732 0.5926525146184781
0.34129712811779966 0.39920777057193807
0.21493133409015241 0.16923871529941723
0.8114222935701538 0.5099050394285537
0.9048186916775485 0.6454139673028213
0.1470877027034118 0.2485172993679571
0.16403190730321185 0.22946153955242957
0.5257647768823827 0.3147600770537816
0.17211635688181193 0.21792880661827185
0.19424116159820803 0.17524818250684768
0.24157753531966453 0.09556822186816978
1.0481145595389358 0.4138932124230967
0.3147392999263854 0.32090872392528325
0.23678826707118505 0.09842077086059753
0.15473117842962264 0.1696640811929392
0.20208216525213257 0.16701256310597934
0.320763918052106 0.1563435540770433
0.22917024238517644 0.1613040293271097
0.1999644612021465 0.09143767877571976
0.9457491085740347 0.1697584297106824
2180.427015094196 0.07837775740067171
0.9583234821233648 1.0622963612593097
0.7750688663403198 0.8127058724016607
1.1430736295629709 1.0107664495681226
1.8407565593355333 1.127789470406991
1.3472956507164935 1.1916969276126335
2.2646002999092714 1.560262820016845
1.6233804994029062 1.4946806005719635
3.2322754573862866 1.814600904684715
2.116176648088779 1.5836476219083606
0.5779224569553609 0.7064009136180394
0.766265004495714 0.5988564037401046
0.8474428404366605 0.46007757235752383
1.4993040299246734 0.7319623092376433
1.0102609783008076 1.0887181271553776
1.1227357017372719 1.0879917551247913
1.3109211898961761 1.213182993043698
1.6631991649505933 1.4084535555362376
2.850015757172339 1.6236872184390319
1.0437536279461868 1.0262398296867985
1.7617919540396165 1.0412018283638753
1.2878139293188355 1.0896312475739982
1.81479148559295 1.1612082255649918
2.1648164030823738 1.1748228928924813
130615.94558114988 1.2582581749945367
0.5727708329161272 0.7239683450679166
0.322396400707452 0.4010376382854912
0.21837745955803917 0.24620617734552885
0.12871087714887236 0.18480319123842326
2410.245324784916 0.08016741792619991
0.7007461817884759 0.8805560517619941
1.8960473263435311 1.5392464874150753
0.22149019391700647 0.25807754564083996
0.20803788265723605 0.16596958455283026
0.22345288545188033 0.0995966209946898
1.1450510001766216 1.1683560706070686
1.055225860921529 0.9357837947584114
1.4439517174262053 1.1140183873372163
2.16400918178143 1.1028200900064868
1.0295239188029541 1.0917299745340947
0.6994127408803813 0.8846076625157705
0.504123901575979 0.5823533738601636
0.9321522147370259 0.9841863163402841
1.148241300468694 1.063266788350822
2.0262010609773786 1.5916942067884492
1.268255128751496 1.0629876948365788
1.7525940805575013 1.1616164725114164
0.774218926405229 0.8744862059349174
0.22261174593482388 0.3796727485233289
0.7227726677285407 0.6333912597154259
0.3048331335684227 0.4740849964989864
0.25002408374785984 0.22237673858717757
0.45737333960746196 0.5174318737222819
0.7508987404681629 0.9323091445885456
0.22145952447686412 0.1833795588002567
0.227968274185388 0.10387039719363489
0.279488073069154 0.417110269554377
0.21785310777063305 0.25468538511498107
0.43437301707009207 0.34949332304757563
0.3864372470673991 0.20017517091162493
0.5449036502508791 0.42763018117434715
1.3598795100236563 0.6353710643061315
0.48641485767805787 0.5334193792691894
0.21506225275487686 0.16933166416458342
0.9462895392638428 0.7820634030779829
0.14709344809083785 0.2464205526034705
0.1658385310935209 0.22810840819074601
0.693738339479254 0.40097049161794646
0.19121118894727784 0.22960267262497905
0.19521950442383174 0.17568187715309522
0.2436530133883567 0.10009237039063981
0.31599423860917414 0.2533861156285788
0.23910507671824296 0.10053254384051791
0.15530469699070998 0.1720425257579043
0.20344595209332655 0.1484017234442594
0.3803412322211567 0.1381711804860568
0.24009991034230763 0.11215410624198346
0.20098163815232656 0.09210144593508454
0.9823886041192755 0.1574853705827683
2182.2508884705826 0.07839811490664193
0.9614793572938073 1.0505486334987904
0.7842819675852623 0.8133410627928782
1.1768402848256687 0.9674633566588027
2.3328584647408412 1.1008592641047557
1.3781514023182913 1.313178058879889
2.2915858579970285 1.473174059072195
1.78100446393432 1.606553908986658
2.1296215875964215 1.4048823579353062
0.7469890788431333 0.8369057689172243
1.1317649690061629 0.7623257930935868
1.8041168969794676 0.7164069537883685
1.0152246049408968 1.0871757157710191
1.1500733300124848 1.1214124809582842
1.5005454320388925 1.2015967947682122
1.8157695933242037 1.4638258926880607
3.2328179067317175 1.5258564829204397
1.0869989502410928 0.9778598595535009
1.2996345993636877 1.0871563699590536
1.8208495075764555 1.1616814203580248
136322.2788921318 1.3005353982688503
0.5730639092020773 0.7237108572990751
1.9946861019412303 1.684749241393574
0.2272408661800635 0.2933229472028923
0.15132602738022113 0.175928484154383
2656.928981657246 0.08122647035298564
0.7144915892622254 0.8451990088849879
0.5395107693191155 0.532043921499775
0.21095629889409478 0.1687209484318956
1.438330679501971 1.3349759830440515
1.0613016249892326 1.0525793483142951
1.4663471682754614 1.1162255384733348
2.1656470474147733 1.1028071096269036
1.5331389533990611 1.4860813869201515
0.7231405554492163 0.8398679846347008
0.5780525502051461 0.554322986156899
0.9429649929438284 0.9942939574805876
1.1889646282002824 1.079764266087879
2.15207053275237 1.410482090440106
1.2815798806346168 1.0635982045899484
1.7911726922330933 1.1741440570999961
0.4117213861908753 0.5465254175554224
0.30580045218300944 0.47673258582660727
0.27218405556078273 0.2718773508673119
0.4645808981327307 0.5010476232413927
0.7567011188546474 0.8338386886647275
0.22147903809899788 0.18338057246968853
0.47273852057536736 0.08734898285459737
0.2959828301175485 0.42108754864589837
0.2183197581554252 0.25463914680046074
0.8532336644898475 0.23724508565977842
0.7334267502763623 0.5320182319424485
0.4894082721686407 0.4953630806694107
0.2320187403112277 0.16780702927900137
1.0240736418971514 0.7558041087328233
0.16180481755070594 0.27061097950676405
0.21751567705009847 0.2522846082075719
0.7655112560444619 0.32645540827710695
0.19510226383495533 0.23255964787136618
0.19554543511656514 0.17658396140123708
0.24709982258162125 0.0989701453663134
0.23949817897113793 0.10065024571899156
0.15674082055455973 0.1693153601463443
0.20642406490379325 0.12368307487133168
0.38835580407171255 0.2222385807236531
0.2456011737239166 0.17930034241888115
0.20401579514095033 0.09402130584665173
1.6976013545192252 0.24906533259137295
2182.690400635972 0.07836723090943791
0.9681807209459069 1.0596057477711205
0.8030649237732392 0.8246477682471177
1.2451350261238763 0.932416144266859
2.5332615762810984 1.1428167311848665
1.9887914448795454 1.5849587910111433
1.9228655325092827 1.6548197080112503
2.1748014983266764 1.6364666712727929
1.1349881592108841 0.7622696880216648
1.0365900414735019 1.0975536820351324
1.9917340175767695 1.2367155901614053
1.8523372984107527 1.3907986475472383
1.0873796228125767 1.0549949146136108
1.3576796443939765 1.0869529073586983
1.9359282302964957 1.1544894263799423
0.20827895613062536 0.12335450403255287
1.9881826289363445 1.233352438257436
0.23130203125663085 0.10254565716530238
0.3259741186249145 0.4438414743794668
1.1092995154795782 1.0888164458152896
0.7513453974330739 0.8133306484355506
1.3054707795661953 1.2390821922221025
0.23475363699369045 0.26607486033372335
