3.4646740043853628 1.953299291617762
2.054413359542111 1.0443470229865692
1.3645605047946443 0.43244110931309415
155.2561797738193 4.5384428129197074E-4
2.4151853190754258 1.1925415133058728
1.4608806961046659 0.5214833724558006
1.1342031643491857 0.02873889604374048
4.5745929286243765 2.441627490150176
2.6092074780037113 1.361004028749636
1.5461469320273187 0.6200727120570722
1.6207158676956372 0.19167817658401626
3.627289445878575 2.0142252253225563
2.445427597731066 1.2541790309068994
1.7488348268037643 0.7914766764624074
2.109303563429232 1.027661252477559
2.0667628435402925 0.9149258092383316
1.4600579005744627 0.5372868372232897
1.2329037106755405 0.0719005369452666
2.890941314443399 1.462791917067378
1.6116174262547105 0.6949512105785575
1.7079065291001228 0.1940355798137483
4.65643983764102 2.480569790390232
2.947730277634217 1.528635859893706
2.1785182544115154 1.0057901972648509
2.6261913003560124 1.4975710103799647
2.875290235854054 1.2589811433536429
2.622963333409049 1.3526922654855082
1.549732173859026 0.610021037613605
1.8137836950168549 0.3174540995352546
2.970725467544655 1.4083262137766683
1.7602867253363508 0.8400047994768989
2.664614136865743 1.2652987199413122
2.268807462687329 1.1155694546778125
2.785659255781421 1.2307294357386407
3.5413090989381244 1.8957943536041886
2.469223831414147 1.2442124414512743
1.7927554208926755 0.8277714344317628
3.0230326152143325 1.611902664882598
2.016076695006146 0.976487859756151
2.345633854029238 1.082592447723174
2.134408486698355 1.0147041360760167
2.1435731272283123 0.9571079198034802
2.2369581658752606 0.9935059290807577
2.3869974654306594 1.2566775530169478
1.9489101233259247 0.6882751554632719
1.6174541470768422 0.6752973187953174
1.6836703697088338 0.09599621198314681
1.760018554083166 0.7222192886202573
1.4590511799031494 0.11281139827570505
2.639276383084984 1.2488520355461052
1.6148298445144986 0.6504763346665453
1.9658397637583649 0.39387372085007644
1.6092828252618276 0.6829903535575916
1.6081779202894344 0.6286187027634724
1.5910301033391634 0.12324611919251305
1.7909681476861958 0.7767074011872572
1.641951332779835 0.17044843458470987
1.8019853810839168 0.838890464495589
2.1529999364391523 0.42190398115013195
1.9062676117906807 0.8984154667584912
1.679069718190613 0.7136844625812362
1.7767777801785352 0.25452276332868345
1.7969789504411646 0.7686796212351342
2.1452848081183125 0.46864880957849864
1.815965616808404 0.8901780010882774
1.6684911234500637 0.7463283211931294
1.765239528789766 0.8337023500942524
1.8542816242609395 0.8251080853490377
1.6100922971264229 0.7112260704436275
1.7760390660476928 0.6158521072056312
1.7869943429090092 0.2509537204308448
1.801388965142552 0.5757201594376034
1.3339591039537313 0.1343632232573265
1.6054438684943353 0.522479115923356
1.6736668092077123 0.31133736031258535
1.7501578196392744 0.5682143772326191
1.5180065220273011 0.17924419326099972
1.8656800431061509 0.6128196395102585
1.523735489109138 0.20618496634794325
1.7491534024802875 0.5435511805875843
1.8531892711186928 0.376807056956706
1.7066497492160329 0.617809073492789
1.7413100297118218 0.29973338330520277
1.7059146569089276 0.6545315583007649
1.9857762619310901 0.44878030141837866
2.3319036093537857 0.6021864262740498
1.570432697793551 0.632296953415002
1.6012707217481887 0.5835376114516675
1.712414521219277 0.264075230081716
2.0019326933276087 0.46440200130534026
1.3071948624721956 0.13689014568529168
1.745819909094108 0.4410052747019491
1.2002667740112545 0.10654757246651544
1.4560826642486404 0.23215743398401253
1.7074088268199183 0.575051017785359
1.2929419607848256 0.1358830249903591
1.7704015746454398 0.6914299062811045
1.3722133225538395 0.1879892702881606
1.5922053429218668 0.2836094798952627
1.661716682351604 0.44148656170944045
1.6520365446485983 0.3155810943609307
1.7644666345008284 0.3651001187099352
1.8099408974562916 0.4309074616583412
1.2410150266127964 0.11704384338372947
1.7676605873286975 0.3533099470817966
1.001042280503055 0.019349306601794694
1.125514183241853 0.0837139669734079
1.606140878721113 0.44544752108587504
1.2229229659555276 0.12537596714295368
1.2919459057649918 0.1622564835223857
1.5362468704100545 0.27119675770872576
1.4688525538303145 0.37254777410239553
1.0123417505093155 0.022619817633551816
0.9766153552645503 0.01514675601244428
1.1866319370326868 0.11412403326992657
148.46172465022158 2.094784687715146E-4
2.480390894621163 1.3343465184459316
1.844140283429768 0.7215953582492439
1.6151554762411808 0.6971920137362679
1.8511071712834961 0.24121211146652966
2.9319167549183813 1.3541625332306362
1.9509360002305964 0.9568924704448625
2.7146810475096306 1.5902872673002086
1.6020980176315351 0.6325326134232465
1.7699757203865794 0.24029795300551737
1.9034685258291255 0.9538161418397927
2.1290723311602524 0.45517571416860103
3.128434075662062 1.801287698279371
3.1751461132381915 1.4605438163319584
2.95485971761273 1.544326981236458
2.2929004970314906 1.0901737037456591
3.082033606530991 1.760265630906311
3.121428444657716 1.507779536988694
2.99244054978317 1.7707458064103503
1.609913759638847 0.7066464006876635
1.785500302674858 0.7784528019062756
1.7762173097293428 0.20080558304982282
1.8604322429791496 0.930810706577437
2.0576612304539976 0.34749769225159705
2.3015805888692524 1.0798453300917372
1.8331578912305746 0.654353543507874
1.5076897458810061 0.1848423041432587
1.9944914290434594 1.0266269342282133
2.0581481185622326 0.33531903653667156
2.447263797954648 1.2344127075585007
2.9889687607844277 1.3085472649263257
2.142161175902654 1.1034643112654923
2.4636445617518463 1.247796791088893
2.6338644886429843 1.1351490082772133
1.671665239415388 0.6152978747861877
1.7642334624951488 0.29278220204343575
1.88474827498115 0.5862490775180794
1.6934646409712948 0.28816003570566834
1.6752141753191019 0.7267451419805414
2.0594732940447487 0.4146397024584265
1.772535914104006 0.7703563441796939
1.5820754454155934 0.2050351274974746
1.768781680556597 0.8309216755815396
2.222168425614656 0.47643683024078054
1.823486105006326 0.9114981267872855
1.6474996658134877 0.6433002162099397
1.5953650182975923 0.26256238041421914
1.582183198993011 0.6203856458490398
1.561299975491897 0.26470899495285666
1.8712363519382684 0.4004212522665336
1.5691050292225093 0.6029930332413184
1.8300936092642446 0.367684659502025
2.080241725767834 0.4627913961263721
1.466732568024148 0.49610152638308885
1.458201006362287 0.22179027932773973
1.5125801094591829 0.24322613755914135
1.7349667593707916 0.3252419966369178
1.3711048753065835 0.1864631006711878
2.711583607589441 1.1993361933429805
2.012536651876582 0.9312801859612068
1.8136634758498038 0.8876142040868024
2.6673823865659703 1.313190940983938
2.2160024290712306 1.09932504919442
1.7420118725998737 0.8131128505459653
2.9703635559327637 1.4108532495480235
2.26690370720146 1.170526785229248
2.9859969799188146 1.424964790652183
2.7215109063261207 1.4897064092009675
2.7380577474467946 1.3036321006393374
3.148208878937793 1.4884561749745222
1.8006989243528295 0.8832784838162323
1.8247265759013167 0.8484887219234538
2.1580467722146732 1.0886348870181954
3.0328634499419502 1.3846372769183952
1.9697728861096584 1.0163863627860295
2.269795954090135 1.18359893383958
2.677284300736158 1.3129039731112813
1.6791614936907606 0.743457755067668
1.711650916015402 0.7941739123835391
1.8542895606586216 0.9326025017849343
1.5341989291310973 0.6253523412618344
2.2184660707727453 0.5660841732457511
2.064565078500225 0.9618886871447772
2.523837593408271 1.1970346977517883
1.9670198813223947 0.9584405475510345
2.408316904672422 1.120079182647486
2.488999268840402 1.2264078916141332
2.2433233352709747 1.0625454947922328
2.549742076241671 1.2260871504131055
2.5604797058402387 1.1580872034709273
1.9348421747097801 0.9337277567939866
2.0232126350590898 0.9889079113877575
2.322718014760203 1.1172283890703656
1.8156059860335634 0.8532811942301824
2.142602891079472 1.0198522339849532
2.1925615553914057 0.9784861659912497
2.282643019336592 1.0213420830722133
2.164533199711299 0.969571556055635
2.0545614839622033 1.0202557559139795
1.365369511603538 0.42338649753753493
223.7135583030234 6.276454462465497E-4
2.450970794001056 1.39603652519146
1.4654120863517535 0.525973448325122
1.135240556366755 0.029800500742158908
4.788899004680081 2.5974519173430037
2.6097489849005022 1.3641865032725806
1.5501687230089018 0.6321227969730163
1.6218578784884583 0.19427056547462698
3.672718528254748 2.1276418078980477
2.446619787559263 1.2602438346054299
1.7490635992964145 0.7918936034949783
2.1104652677792997 1.0336477975385088
2.067017338645267 0.914990787482232
1.4602782124657785 0.5383085321145311
1.2332265230776243 0.07183088500137991
2.891463254344514 1.4708343154415147
1.612236685131148 0.6971660094928475
1.707943068504028 0.19434866518538585
2.947799922319858 1.517256328602203
2.1822402229856217 1.0180312558343014
2.626200708987396 1.497571966480569
2.9120931608876277 1.2821101480303647
2.6229724494025266 1.3531195528113225
1.550420677278449 0.6126454479630447
1.814049148504096 0.3175993270888186
2.9716482081159032 1.4601527920639832
1.7604128542394397 0.8401562731011567
2.666411700641456 1.2628959654860212
2.2697687785355933 1.123100370511014
2.798927990239629 1.239111794574158
3.5900809359804615 1.9914109379450218
2.4701304402988913 1.254321139106059
1.7928990431620915 0.8278570823574842
2.016111653371819 0.976397867864792
2.34654262533342 1.0838609974575428
2.135053042371999 1.0309695362608886
2.144184487535581 0.95750011647263
2.237031414033278 0.9934770996171525
2.3886547794303628 1.242991975671135
1.9504963507414506 0.695095323996168
1.6184204133163236 0.6794998661527416
1.6839167736010432 0.09795408322095397
1.7724263455566693 0.6406408376969952
1.462998593832816 0.11880927013690437
2.6504743419853742 1.2193354226612503
1.6243354696078374 0.6512890608007225
1.9681309035588959 0.3949743185366554
1.6099455643596978 0.6834952022926966
1.6086299065583902 0.6854291510487455
1.5922515260074235 0.1295851826380343
1.7910791810862827 0.7771497155184245
1.6431091808920906 0.15461335112316704
1.8047194570368121 0.8402514183112848
2.1542565888492327 0.4235605859773713
1.9080833696749224 0.9018604441874127
1.681289497197476 0.7098134386610924
1.777138635016385 0.2547963865014861
1.7983199555034555 0.7771042060373503
2.1484357401695373 0.4699647472391523
1.8184323210377942 0.8905823433519557
1.6698706476967162 0.7475537832214657
1.7661855582620225 0.8350217127172272
1.8543113846628674 0.8250094942328672
1.6104870730997967 0.7110956041906862
1.776191740932368 0.6225112974865012
1.787836962420195 0.2511760956030013
1.893965127008914 0.6096432201743845
1.3418362440396727 0.1359246747408887
1.618692767749772 0.5687976565448587
1.6737393798967926 0.3114035336893705
1.7905573152467444 0.5113324462022074
1.521169538529907 0.19190439867167225
1.8699670841169937 0.6088786522145966
1.524481945975067 0.20602760380060434
1.7492273324995529 0.5539895596441048
1.8532297604909984 0.3767141242865192
1.72038872705037 0.598377744955793
1.7450188499258683 0.3017796375192655
1.7063426217370141 0.6529113571270255
1.990418772398073 0.45422042960346043
2.3334548078636574 0.6033321178723663
1.5746773452987255 0.6340702538145553
1.6047303366936467 0.5821827538902005
1.7125580573286814 0.2803395037444452
1.308180765226222 0.1332348624018046
1.7475914756700326 0.43970313447837395
1.2025139099112572 0.10716753398573375
1.4565089454674158 0.23227401152275545
1.7199271457231773 0.5705341309011851
1.302656761736913 0.1309297508922707
1.8932068538389082 0.33241577250795745
1.376304863140841 0.18941976646618713
1.59373548291869 0.28691296902122854
1.6621719539773079 0.4393823152644434
1.6523325255994976 0.3158614657527925
1.7646214319093798 0.3651779310032419
1.8110200499060687 0.4308954307171273
1.2482676695662334 0.12074329749305673
1.0016209358218 0.01977941537432594
1.1257443161059892 0.0838495366439946
1.6102984509908111 0.4086608744051623
1.2282106384460578 0.12734177328820862
1.296600878663363 0.1644151884732089
1.5362773024322751 0.27119719261353986
1.5425851377695166 0.41839556951347623
1.018427531049635 0.02410697814411184
0.9766216611311478 0.015223854051278482
1.1933324876011986 0.11878905057930386
149.59443731676382 2.2542943795171073E-4
2.6441883616389106 1.3012175139999802
1.8444966034333299 0.7209287809046869
1.6156701857480449 0.6990275665475503
1.8525228554739255 0.24377516712920447
2.9334342534151228 1.3778905277013154
1.952533521155591 0.9575933185790833
2.716024015282951 1.5914604034222637
1.607236036261605 0.6457151647700421
1.7733903754883427 0.24508613920631078
1.9049469226189335 0.9591931124026493
2.1293417162799737 0.4553394742307033
3.128544007181805 1.8012869698341842
3.1768283378413935 1.4571119983133447
2.9603613390215977 1.5579376655571044
2.294476496475095 1.0995826666406385
3.0821039936946306 1.7602369045871238
3.137756293611403 1.5344674504061933
2.992516729965895 1.7708048693910714
1.610491417941479 0.7067293867893542
1.7897307920361882 0.7439944901128801
1.7772076117468587 0.2018898202984215
1.8604513327499694 0.930341321088893
2.057773577708815 0.3475014478140638
2.3020795759043473 1.081493950522135
1.8409377441556098 0.6722342338295366
1.5081895582134512 0.182563642862196
2.0007043869415515 1.020363539351939
2.0688145427399958 0.3608961561488752
2.453459262215017 1.2377718460170573
3.019442224487836 1.2389716497544874
2.150911401334251 1.1163913079811012
2.4637823512558015 1.2476200720327342
2.6524004049728584 1.1731783798819813
1.6829335463109936 0.6015896771357048
1.7642357644755369 0.29278381409951904
2.102551381814249 0.37921904989325145
1.6938177466194098 0.2875865103430134
1.6754256586038192 0.7301752195726418
2.059473585903989 0.4146389647481147
1.7788568248984769 0.7168183443731811
1.5821055593619624 0.20504675952696078
1.7826550930332852 0.8514866483994179
2.222256468796686 0.47663220814130897
1.8295717536871363 0.9171322097972064
1.661957923860966 0.5235382364656687
1.5954074512319638 0.2619625182784905
1.583371116928625 0.616596112937636
1.561352357996262 0.26473537534236236
1.881527202564158 0.4058034806124801
1.5719931675477599 0.594356376230603
1.8312445194186449 0.3609351465709948
2.0827839264495203 0.46633286298052457
1.4879049281146013 0.5093331008945285
1.4583383762407456 0.22219202348759276
1.5139572682507518 0.24741680811674302
1.7355293740398006 0.32787068562559774
1.3714607020317064 0.18675183812297383
2.0141894372375666 0.9350010589082338
1.813784330821139 0.8879264768153409
2.6674217775397047 1.313241607622559
2.2177693367684026 1.1102116965998579
1.7424052359009963 0.8120819977659159
2.9721192615174576 1.4157807377378857
2.2695988315205424 1.175357566715389
2.9862621035548287 1.4250863231036455
2.7215537877155604 1.4898486963427113
2.738172292315456 1.303706138854901
3.1488511306006615 1.4873908361883275
1.8008714736882183 0.8833044282144198
1.8293764213405355 0.8655611671941921
2.165077312172005 1.0947166955847283
1.9731155699862277 1.0240266028853093
2.269812285867892 1.1836698174467792
2.6781575920321723 1.315331353416665
1.6792264461606272 0.7437974847908776
1.7120246781662276 0.7951401872927781
1.85445113102594 0.9327181659313214
1.534813661028397 0.626821469688668
2.220757064840856 0.5673547518872065
2.065848702878226 0.9643534091184153
2.526803506535181 1.2113606475064564
1.9672476254556837 0.9584961516818247
2.408596326313097 1.1203274529748946
2.489251307386313 1.2277186448703539
2.243727338917318 1.0628451248672908
2.5513531807663847 1.226366608666529
1.9368276573763763 0.9397820906583905
2.023678875943954 0.9904172309008875
2.325083549552518 1.1201826125596972
1.816140815994137 0.8538260737147879
2.1427388912182304 1.010802244887019
2.1935624201834973 0.9786645338305826
2.282878728220121 1.0234803445800345
2.1689265993261513 0.9750897780613665
1.6658423956361812 0.38823120455707205
3.1771695260910553 1.795899579632893
1.6880189241495054 0.22074425465703704
1.9614694395876473 0.4714489688144018
1.7490254011339141 0.34646075969822404
1.8724397375996507 0.9463006254800868
1.8653244827605748 0.349010623251091
2.095885257096727 0.3856083398084826
1.8533571611018147 0.33913555581521687
1.7899763317814812 0.7565268987538302
2.0280894002421146 0.4306654319413552
3.128313167963731 1.2534794447170348
2.5659329650442353 1.2183359264791198
2.2303368937753585 0.9535602604998412
1.912152003750201 0.5907245662568503
2.0676391822461686 0.9640980015101879
2.037738406901752 0.5605980089252052
3.606766049390705 1.947061294479777
1.5863873430286048 0.6149633317213734
1.48025169581551 0.2180708733142161
1.5943375435297218 0.28743658204603295
2.7028174612777556 1.1900202719076858
1.7983663318488985 0.7769611529256304
1.131786700162322 0.03301389439955321
2.943972084838313 1.3569575168911876
1.8459043457949735 0.4501478779945766
2.1905723271497304 0.5254384272330881
1.790049210003711 0.6567901396188656
2.1443170513718517 1.0448594611917414
2.4470272632340953 1.080101108376819
1.8310984192200288 0.8581633275163745
2.0563426836358905 0.722660160704709
1.8055514549739355 0.2973452810535489
1.8011876670852622 0.8230115331786794
1.7497384755099645 0.5434016698679617
1.5680783698846588 0.042225170992005734
2.3332297804512176 0.4714780296972868
1.2601789403779002 0.12766326078607051
2.4981941083232826 1.2071143662231933
2.1271188794314315 0.30958112316809605
1.5213446878403114 0.19206755618558607
2.136131001364016 1.0268654232774748
1.9184784095746903 0.3971678303355003
1.6967171017991016 0.2891405567658228
