91776.15611701044 1.1111262932177965
0.20797009923151452 0.4352296420292303
0.19702388922496467 0.40801134094427466
0.14266666689784058 0.25056524078314324
0.14120092389337466 0.20446771598606828
0.19504854336280714 0.12815522898181414
2368.4174419086457 0.07926559442125528
0.4107418486367125 0.5864167152430081
0.5405196572036273 0.7745515801799543
0.8488582433482859 0.8883159934514602
0.26645757258477043 0.22413108461283696
0.671637300750502 0.8625454433607319
0.9010560695459818 1.0519220623051506
2.0981487205428206 1.0202774490971316
0.8964016226600102 0.9318125546741864
1.2020141848533927 0.9681182090468834
1.505411501891559 1.036015096967568
0.695845399787369 0.9601567828548527
0.5310846856368722 0.7548103887963209
0.8692069339386426 0.9746340067741635
1.083391126938972 0.8234588338633376
0.843846188337254 1.0021265311444838
1.3378363570670126 1.2087237861764932
0.8381513049901701 1.0449341392024034
1.3163203436417734 1.0813324738101386
1.0056036992794457 1.1223300016390418
1.589114258700575 1.2040791579448142
1.0489439567773786 1.050848574618834
1.4343908227749744 1.061426286923389
1.6460004699646464 1.099843135439748
0.20728358483488749 0.4282580092708224
0.2803006026751297 0.3990587692101676
0.36167504137710754 0.41208385574569306
1.4068394972341474 0.9634214809758205
0.30401673079365166 0.47791548587318805
0.18760637351122827 0.29208045286290246
0.7961172846506887 0.7005237387626317
0.22422784865653214 0.17137808445541447
0.4067930128441507 0.544020843515145
0.4194602411955546 0.47150588951996725
0.2883123106707933 0.11081206971401675
0.6340959954280336 0.6190916645478826
1.1963709323750757 0.7145080420266281
1.463162908440239 0.7506399010925235
0.41503936274590814 0.6317102074714867
0.647165045385371 0.6802257157805549
0.21395890404957865 0.24614729763729115
0.22600897527475694 0.17108845703676817
0.8276335841485283 0.9736523225311446
0.7618772098989139 0.9211918188767898
0.2015292323495822 0.3001559025962666
0.18693320238505995 0.3022886197136657
0.2479883145679017 0.20235334460738086
2.1556274170557455 0.8819681801140458
0.18846985469527683 0.32660611230746606
0.19222095146210083 0.25777094655201926
0.20133084836097193 0.17160078251008204
0.22957631824870017 0.3120703872108921
0.3386739929062828 0.23452590734632361
0.2837678379819219 0.11925822946364917
0.5989298216357575 0.3912227025378146
0.34759677025826297 0.5560417445341728
0.46966027428540913 0.34770609310301037
0.786622016398073 0.7506025885337559
0.15889178218752328 0.28951131203848934
0.18596906510544908 0.2233038698752392
0.3463941882642344 0.22584117849486318
0.3837753117945644 0.09985804025051213
0.1468298700308396 0.21889087777534644
0.2025411490967349 0.1942095303463784
0.5207573214282216 0.16688963063252382
0.23472374500024573 0.2128507096587909
0.3635927741948688 0.3955470616067103
0.5344594205330616 0.3309170759399255
1.019262312712824 0.47472576039593906
0.1584661514864375 0.17440352126602954
0.16688903130182148 0.1530578443556077
0.593883535753501 0.16163712572727634
0.16331708115001847 0.14557213335123756
0.23864375825054585 0.10320446013744061
0.5427198436745161 0.13085000456615825
0.452165788727735 0.29594259593166594
1.5567331278397656 0.2788201499396113
0.17054175879408912 0.1377891181536784
0.19252469660819907 0.08628480774906844
0.23287865817987566 0.11587048041171585
2306.24153355841 0.07885593802159269
0.9395403882608832 1.1506257390483547
0.69165415658314 0.9645928725639132
0.25089239599443186 0.19162389883215264
0.24309079031124106 0.1115732943770818
0.4392715322443753 0.5056146652557889
0.5513045200245572 0.49883497362859186
0.2245898760008524 0.169079620793533
1.0702118369656672 0.7655138033685297
0.6295820036286419 0.5413138547153511
0.6564348874177529 0.4188410095687206
0.3022497660877581 0.12604844491955353
0.9493538594598734 0.5154360075714342
0.8271874860736548 0.33743799477243713
0.8876128394835423 1.090508284642306
0.7708589317321324 0.8947996813530117
1.609387845120764 1.1518808580398896
1.0723593928220643 1.1407724410092486
1.9341696275220848 1.4332938851255699
1.1128747946430986 1.1112089712821243
1.431354144787843 1.0696431145447023
1.4936392408580557 1.1420369874737037
2.2012259889030985 1.3634968902361577
1.5642656875187833 1.0882879532098213
2.43221790430837 1.1086659050591483
103489.90923718692 1.2485852506396933
0.20840805137699492 0.43290664964927833
0.21652013834873135 0.3946964519314461
0.15382285789661176 0.2933124700691804
0.15622317801335814 0.17635370023251684
0.22181323183712331 0.18577123171827384
2377.696449551083 0.07937584168638487
0.42326497572429567 0.5838104456705379
0.5724011541593443 0.761889254917788
1.0607360060938227 1.07925937017006
0.27203188167607206 0.2203039819011723
0.7087681161365074 0.8757001510059567
0.8986903186520754 0.9318280206833873
1.5212398355299706 1.0753972771830753
0.6958870957801031 0.9602523594070231
0.6780754736271702 0.868754925117346
0.8923628207472275 1.0120063936111805
1.2961533080399348 1.0563068308120835
0.848972239662835 1.038049441333998
1.399597514868359 1.241179151134428
0.884651585241778 1.105078704778214
1.4151282744394744 1.0451268474944084
1.027069035260114 1.129493780528754
1.87119177778827 1.240556722554096
1.067896850639392 1.0782678013733773
1.715625150159539 1.069123782063803
2.193078539570518 1.090203887752311
0.20730717090434742 0.42778440449466726
0.3450761384944238 0.5375726273663393
0.543257099543982 0.6084656031194762
0.32824075982815454 0.5905705668194285
0.19339185645907783 0.31320077805756236
0.22994379858459763 0.17432278534896622
0.4139721501942981 0.5487163554675948
0.4195918050683055 0.4715724607412891
0.28831698189710314 0.1118541514182364
0.9354624794576405 0.750698745034428
0.4335332150518265 0.6197518551639586
0.7460420151077943 0.8210930697072354
0.2143311674136118 0.24642856635806049
0.2378052035177982 0.17220413128144635
0.8276411436197053 0.9736569410128625
0.77779616523954 0.935406185578092
0.2912689545807012 0.4333306205534808
0.18700409407080482 0.30847119176663096
0.4138118599209636 0.4167529752109054
0.18927794583580956 0.3278140861743265
0.206851531634334 0.27942813473560424
0.20291449326302263 0.17337732345264933
0.26580904608358896 0.2933348324229741
0.35002862113558386 0.22646384976278083
0.28770296756715713 0.111572360035456
0.9408487203307538 0.49815416391132544
0.5357285421021625 0.5723075915091794
0.8529527406976222 0.6437474110982282
0.16022490766836434 0.2890159060828709
0.18692795462675688 0.2537841403076997
0.37438103438992915 0.2439253126355506
0.8996169359628347 0.10003438072136722
0.15238318123688924 0.22991048166483247
0.20644522811496507 0.16018111213943376
0.24989786853079712 0.19794949271976717
0.5974698722722398 0.4412779537540857
1.114170363804853 0.6516629322946633
0.1643458465136516 0.16856833694737305
0.1680133538496312 0.16468824604151852
0.7550951528613268 0.2258411675080274
0.19213750786227135 0.13631834069403662
0.23886730542171106 0.10293081709886946
0.6325279574728003 0.19484232428509052
0.49397316352398607 0.303208422990619
0.18105455197235054 0.16569093163003562
0.1927546981455677 0.08659605649053481
0.24505829801155385 0.1133659871623144
2314.3789737123643 0.07883613837611082
0.9442195433631675 1.1452909230149075
0.7390836825483879 0.8965268034852174
0.2459707516617143 0.11113386995199293
0.4403639353951654 0.5230453682023289
0.2263792025625348 0.1712374356053772
0.6480048463244626 0.44942084762419626
0.9700900278343461 0.4910482096575963
0.37589058186475033 0.10539203704710634
0.8280964791073633 0.41004600868213603
0.894498395901895 1.111286166591484
0.8270141515437828 0.9034473498331026
1.0726571810252754 1.1406312475476534
1.941886242571119 1.446495411924421
1.1474294568812846 1.109126235755284
2.0452343529979067 1.1067358681495074
1.6496305316866062 1.1342275573941023
1.5664982269619665 1.089518256853122
118838.87969155078 1.2970607499458842
0.21553435415628092 0.45719551259978536
0.237624446899028 0.4196303641600596
0.15910605534810265 0.2945152952367389
0.15663505301765693 0.1755626291501437
0.5564573663564062 0.33160143745507203
2387.8568757030907 0.07945798808884287
0.5277773462171942 0.7506105848360316
0.7007945315113839 0.8624047648148254
1.5148195432384512 1.4557384690216033
1.1881512799017029 0.6741367545031665
0.7102753491307547 0.9116517444048517
1.1284696371000378 0.9200082682052682
1.5301856700936787 1.0779334173398152
0.702969227459723 0.9589858153399495
0.8044502859256505 0.980656889830132
0.9433474872943332 1.0591530167670657
1.3369202362083608 1.0733841179237666
0.8518320749747086 1.0440453202809796
1.5161275615936727 1.4715034315179405
0.8863230338728647 1.0021211882917063
1.0630055053418066 1.177509631178384
1.1011073154113418 1.0535587802704094
1.7802001561768535 1.035063686338553
0.20979565564182878 0.44213225390582084
0.35018494262184063 0.5859762991695028
0.5607172937418476 0.660008252124419
0.3350194017792955 0.595973090434528
0.1945169401322888 0.330798117140063
0.237566649125972 0.18605003148821225
0.4185259688999967 0.527806220250602
0.4657775719414168 0.510941447606242
0.28856086975091677 0.11138403682914388
1.2095673019139246 0.7520721495578542
0.4351057359564182 0.6095313196138734
0.7721663068160652 0.8652111845443089
0.21436081524067774 0.24646825410352463
0.24240969838038612 0.168359195777174
0.782122571172596 0.8976145645377445
0.20899646420696832 0.347110974190903
0.24570607407140266 0.4073075872775323
0.20928326627048494 0.2854886990369099
0.2036141368495456 0.17421476642820818
0.265895432560684 0.28985467543652926
0.3506294861766065 0.22550058787733274
0.29430029617050235 0.11545327785863106
0.9424811207676826 0.41588855108075407
0.551699643866566 0.6009277781329563
0.9097661871834746 0.6804302184961316
0.19565762525478259 0.3024142665496187
0.1871739498920143 0.25300755270387615
0.15477771820474287 0.21197148891451137
0.20653539899166307 0.16054576389026054
0.33266747280979764 0.2591672108284121
0.9268264013645924 0.6751942238578645
1.1304811102694332 0.5263526154475205
0.16452172731065604 0.1685161294941745
0.17120853049050844 0.16873978829043867
0.8676069105628443 0.1578247390270824
0.1992376735869024 0.13142292097466107
0.24298614419589093 0.10561629152084702
0.5508425166356299 0.3419255527253073
0.1834275598871612 0.1644916423214755
0.19544539805573902 0.0882939394522384
0.25975234363824073 0.11036256673877363
2314.3964882404753 0.07875922672068231
0.9461239263747732 1.1627234698662896
0.7423408505022655 0.9035430019123143
0.24630961118817174 0.1117350377645398
0.4472524942128916 0.5048758453305435
0.2289631306318075 0.17365392276619793
0.6595999777441268 0.44942259066900814
1.562316309509637 0.6249166386205147
0.40037976524412033 0.1210393411093088
0.9022873034316772 1.064606542506912
1.1275094918915238 1.0815410918280106
1.138760980063359 1.1619456606040814
1.9428097678006377 1.4464471645564974
1.1475841958460835 1.109154934778658
1.5689620202495282 1.0841846376760693
125469.89079284665 1.3795233121948294
0.221092088510422 0.454681678474811
0.24335797136738146 0.35648842419308624
0.18228925539040616 0.2970354916099261
0.16158753170094362 0.1722542778455466
2639.79290126205 0.08114714534207304
0.5337532665007387 0.7239828048007406
0.7424943274590439 0.8752947891368006
1.5165262959127102 1.4558689645700866
0.7532014479024709 0.9421000890050639
1.7667711422800019 1.5215195837583009
2.69428874230975 1.5407038646182105
0.7325742896390752 0.9953857573043553
0.8929749686966415 1.137293415337988
1.079866706375947 1.044268062770385
1.4427393526521066 1.115120635554247
0.8519104682655818 1.006617512962279
1.5543010252688565 1.3668633903970282
1.0326478881164742 1.1852488408259563
1.6723986894456564 1.5295872200079867
1.1610830603093005 1.050435674972414
1.8753347945032255 1.068386130770397
0.21240976814336268 0.4411498323662283
0.4522709236381913 0.6617203092813242
0.6954508041662383 0.8013153041685124
0.3459433538862181 0.597853758274298
0.2039845923865547 0.29076519101210146
0.24630028984375166 0.19039530506467195
0.448781011836287 0.6516741062588312
0.6690620362746502 0.6208167873970782
0.30159799635623846 0.11041662709318528
1.3631371392438087 0.7680639291921911
0.4353438271197018 0.6069523698072083
0.21449908842514018 0.24646921085123716
0.8230479385338931 0.9206032426710251
0.20973409898604656 0.2861635603572159
0.24799338395356657 0.41967758810418226
0.21398648293807532 0.2780138302176929
0.20823563994062377 0.1781840288437709
0.2670758201389142 0.29404901938400374
1.472246045074088 0.4589583918330906
0.5642806195285044 0.6233958500561061
0.19718472031290465 0.3028784982161903
0.2036744274529467 0.22867597149637797
0.15517260968040708 0.21178041924473162
0.22653114932884127 0.15433970830971244
0.3342053321556073 0.26947945317108296
1.0442730982958082 0.6350128087517524
1.1973476960891563 0.6919280609950618
0.1654857638794494 0.1683529486995583
0.1717226888064563 0.14882075074939022
0.2040231439633977 0.1287350180442749
0.24377922219063747 0.10276045590492985
0.5713927024388779 0.37166448947653524
0.18480121300851543 0.16853028420245514
0.19570366166378925 0.08857180680534273
0.2677889741709776 0.11354163632090628
2314.4511493015357 0.07882517368523397
0.9520655026524708 1.1504376780344903
0.7459197985603024 0.9034563243204705
0.24633245335157533 0.11170580435774247
0.45128594287859103 0.6039004939017676
0.2387543610884187 0.18493851201443184
0.4262369023046962 0.09065677053042226
0.9413689046449367 1.0792811725682674
1.343170298796864 1.078804054971878
1.139483838848032 1.1606993951855533
2.3214389329056493 1.6205237268560302
1.2899313663234577 1.0720039492240963
1.5847248477560707 1.0822481407977769
331854.0509511849 2.2683104627778787
0.23088097480659586 0.48495094198731437
0.3795316144217513 0.5040889842838426
0.18786680979179685 0.2923784329126881
0.1648656899153753 0.17039518152119987
2642.673037705204 0.08133838831335273
0.7225178509000634 0.9865266189352861
1.0031199455660902 1.0524738501631548
1.7952954461674784 1.6267059420782233
0.7973832558121627 1.0294867147447786
2.3448047396814236 1.723675520742034
0.7448581486061223 1.022613920291692
0.9363045782177607 0.978957882380698
1.268387689470111 1.167886802071705
1.8436424863006338 1.0451237549443835
0.8546819408914577 1.047458998744927
1.623071222795243 1.463573523349825
1.1628558244684852 1.1931510141025736
1.212213547426749 1.0523207803498928
2.037326849174989 1.0724695579014538
0.23152105839795253 0.43792863275547433
0.9435044536402015 1.081231786133914
0.3672087818671711 0.5856078560147964
0.2082621741618622 0.3029542025418156
0.2588943903635421 0.2026952574721771
0.4501606953737969 0.5537887195862334
0.7197621590591672 0.7026732909671292
0.3599744211243107 0.10405994038542317
0.6902912024498566 0.9442559172631461
0.21752033863839224 0.24633107891668227
0.8790607437910916 0.9750618479212275
0.2102566195557674 0.2861597675418121
0.25994152991125424 0.3938615366918281
0.21724016764138576 0.28554478161113006
0.2086652683675907 0.17814599996767863
0.27073031929768954 0.2862971007926808
0.2042120162620355 0.30354275432638017
0.2338357042535591 0.2761058636758329
0.1553063564313737 0.21171097190725946
0.22669339872504157 0.1542279232540264
0.9955282289450595 0.4527407513452383
0.17011403072156195 0.22748180310168892
0.17890580126336364 0.17468681080954138
0.20422217118050853 0.12863459505132474
0.24659479982523713 0.10537205598677603
0.583187903857282 0.37204940757238186
0.18559721602014284 0.16462853829510254
0.20540928186955698 0.11084188079852324
0.4823492920345913 0.11822948361058475
2336.5232113288093 0.07916063033808185
0.9612244936473338 1.1389868669238092
0.7953649496805371 0.8878786339390083
0.45787152196059866 0.5048063653460667
0.2553554786585051 0.18633147944954617
0.42674939278755875 0.09142541667716991
0.9436137003194587 1.0853592239253598
1.3434883316790094 1.078801660238571
1.3643781696497232 1.1773473734081503
2.59439516109366 1.3826806390348807
1.6005882447311293 1.1079179945085227
0.4932324142678217 0.7038093469176293
0.4392929884063711 0.592494181343293
0.19950698442072035 0.31024345285633803
0.16501027386991132 0.20338746287077253
20809.909581988286 0.12177978128407937
0.7330909758545063 0.9160641068246165
1.8358274654120876 1.6484496090323644
0.8617414009911011 1.031646238250164
2.559725799311059 1.71237360111979
0.7697930597989431 1.016520263575822
0.9440056408381312 1.1755265694625643
0.8801258793800342 1.0709817694255759
1.6439840114508564 1.5256469313258338
1.1745563980983738 1.173753705616202
1.2195716259351403 0.9831573810457216
0.23897072325305915 0.42587195565598523
0.3690304740876347 0.5880496578872807
0.2711653270668578 0.3858135043980002
0.26482276478131295 0.20934455646163294
0.5636207958460047 0.7074628450297958
0.8017297895622084 0.743834546698146
0.7080830595393384 0.9365096560857581
0.4515388837154428 0.417966952230826
1.0364989985047686 1.014073396463135
0.23266682744268127 0.36375235604380546
0.2883407779667817 0.3540457168713463
0.23554635333270404 0.25545168542465535
0.2260314603287342 0.17795115339335665
0.28049371002940704 0.2859530478825283
0.21385940916545237 0.31640775100009566
0.1975938383595916 0.2028122565166934
0.18122766257307743 0.1677427170393336
0.20553805009785958 0.18824489418122686
0.20714138987415148 0.12657298583587734
0.2560796542269368 0.10021305283896673
1.0794358363663232 0.2883392445885999
0.1922268069312221 0.12372654052946311
0.2488411339394572 0.10234852333123651
0.4992068373692957 0.15719840101988222
7739.733898541728 0.08769304851522798
0.9650288263360762 1.1848736705867045
0.4828846031281153 0.5074633425474349
0.9073651129683491 0.5927361614129911
0.9510887169717137 1.0841561082710793
1.3506453674313827 1.079753498181272
3.883074608745657 1.572929106831809
1.6127668139640903 1.0857254772941165
9669.67139801804 0.1014829100272831
2.5789319555297974 1.7668957026033667
