0.016465942087545204 0.5477919457158649
0.016332745178788105 0.580944352349011
0.017096390570483497 0.5737285010021587
0.016791968646263162 0.5797400577730278
0.01674684664900087 0.5780572526413553
0.01672821404062168 0.5855747159868782
0.016322024821066216 0.5967225109268671
0.01637433154311544 0.5948159210049272
0.01623898506459142 0.5862700596495576
0.016298555695102215 0.5911053559052862
0.016282888640873475 0.5987318084109502
0.017389344568672378 0.5683627380532408
0.01681784230682419 0.5657583173959788
0.016848120417959613 0.5811384377968316
0.015853109478454863 0.587638836036978
0.016335212032487684 0.5696658134335312
0.01682161923133564 0.5689499930257412
0.01665680461222842 0.5934681925885855
0.016648137077349752 0.5879635142519911
0.01646810091578941 0.5870710366688968
