0.011256482247294322 0.6877951559180661
0.011309875709683979 0.6919341282552534
0.011286358156727128 0.6895511954098952
0.011025153500850017 0.6904046270300769
0.011200545473191912 0.6900815079309647
0.010964362596663954 0.6936120825898302
0.011246811927974408 0.6916075523906172
0.01123484691922015 0.6919680063804994
0.011120566084473612 0.6903052702506353
0.0110307896120685 0.6919081066236596
0.011055535999314582 0.691141103897444
0.011028852714297384 0.6911557903660656
0.010909722044451602 0.6905608842084716
0.011366686888325981 0.69017766547465
0.011232908954223225 0.6895857406917111
0.011201343478123729 0.6895160957709157
0.01089449821692695 0.69010886995674
0.01124411543913156 0.6919278757288295
0.011243249035052942 0.6888502231883856
0.01098453788401623 0.6911533026866119
