27060.71701364727 1.1323335533277687
0.19479720206052087 0.4589097049930115
0.10741266505048938 0.303358591151182
0.10536953198258923 0.2304137862342096
0.11519277860376571 0.1822933593877411
0.1076454121796595 0.12910266873622023
164.29942852844513 0.07847487600044362
0.4783634874212949 1.1037427423281445
0.43059441473758386 0.6756337625898228
0.14576516892814373 0.2577031492630289
0.13405375951144283 0.16647919192039007
0.16077996635991101 0.14367055179238228
0.5814688147617544 0.8567092707736528
0.6488674971469247 1.018219266040448
1.3137410014045565 1.0834653142025334
0.676698682557408 1.0870937535965686
1.1151723777649571 1.0577614919139595
0.5246534659878991 1.1044833335989788
0.3354595509865835 0.6052042023502311
0.4523860203197071 0.5309834947114189
0.6779941917188737 0.5047659289247237
1.1695635190183349 0.35170845827924463
0.7695068539615015 1.2533099995916381
1.202417298936127 1.6935301979209323
1.6989389107680666 1.76616296502154
0.5235466664358827 1.0700974935514527
0.6714026653877421 1.066889030707243
0.8015094799044394 0.9396824600978422
0.5771505765142793 0.34576563972167107
0.8542073038923934 1.1416525495927985
1.2017070448454967 1.4185003782206382
0.687057625283011 1.11155150630632
1.0782260182274541 1.0558976517958416
1.0323738962820244 1.1581150828395095
1.101774121476053 1.1318551368745715
0.3568346148554167 0.5691936071182381
0.6878586010518255 0.7514540984003677
1.6025642350603801 1.2886042954232289
0.29099588554177147 0.567178126999848
0.17870186101766883 0.3199360107280993
0.17150274203798088 0.21328824645045028
0.1942638236121525 0.09332798256873381
0.4122769100542342 0.6535944780763168
0.5488779316070482 0.6802206741969654
1.3197627408797477 0.65964117284528
0.6163992990959558 0.8129063269655756
1.916186597550098 1.0135271574459566
0.3571602913042283 0.6910021779936648
0.3147449608946143 0.541679045355306
0.21933243733424684 0.22517096605123943
0.5259308250010566 0.6898187502540793
1.0067311247263502 0.9792147068795976
0.5061920265370012 0.7893243806352581
0.5701547883864596 0.7458320160748189
0.7431862668483367 0.9880998544813395
1.0617803930942642 0.8583774167697695
0.15020306658200122 0.37681680534762624
0.21344849171968328 0.3132143873543702
0.6989941262906767 0.6904665529863785
2.3602725923887196 1.3945091510641558
0.236767769879363 0.34068077748699754
0.17474194139415472 0.24410294115636688
0.34003837708086876 0.4234163293194473
0.23630398884813814 0.11040909409037077
0.9000099785177096 0.5364052024596921
0.3019786691352245 0.5253726536030384
0.22288718145670433 0.2249654307821944
0.22526199042416464 0.19374496130532626
0.614139992398365 0.673999118161116
0.5405281162039132 0.5612027366977719
0.14354741209420982 0.27262433185342694
0.2020989323787449 0.23846479789559683
1.4002998988710602 0.8498638679179569
0.19063448840338926 0.2399817228310107
0.19246203063975836 0.15190408190265955
0.2843423103222806 0.11331741745845425
0.36524523117421603 0.24276751057524706
0.8355245060353016 0.15294418766960743
0.3009494612412259 0.38471241216090935
0.21033356713679563 0.16533085431638408
1.3734383570997521 0.5853318501868714
0.6867978598744381 0.4711977270176654
0.16346643819955622 0.18816890305462483
0.2375878617621957 0.18397612651299344
1.5619644100219467 0.21536685900487032
0.22464903994657537 0.16305276563618085
0.3618317648226461 0.10877241450281463
0.8552509752609263 0.24808838569610842
0.28975814732081717 0.2120737375520724
0.31380593539501983 0.11017991383913173
0.16305943665389733 0.1517553961904576
0.2738493756528316 0.09557266307059645
0.2764715638811015 0.10080738590478769
1.0237330992530427 0.19836858135061214
8.291499313778035 0.07828213577185635
0.557334006346505 1.2425519206046793
0.49465738432691597 0.697146747418407
0.7557222125832692 1.0521807978081148
0.6785216895906407 1.439032751967878
0.44359649576482413 0.7373152526641419
0.7019443406499992 0.7367728152566104
1.8625119886110515 1.8178720387833835
0.7641071235898859 1.5682495772213296
1.2033523958737695 1.8384537207267173
0.41313052883636886 0.9277729285128294
0.5159394232077863 0.8163319352652726
0.6652374792699531 0.7502955748409664
1.079983568802197 0.6186385471275422
0.5958848616891481 0.9962066062470079
0.21655204768353326 0.15797025619061142
0.6501860286244596 1.2131248446457221
0.24536035527057454 0.2779406311292168
0.5208937967220351 0.7597766709827638
0.4344728035725868 0.49167676996062787
0.5678528419022167 0.6106188768569325
0.6942194745034914 0.4678182725436282
0.8418446979238206 0.12915115186511106
0.22241290832139946 0.1164665904282331
0.3519397378856667 0.46701050741280864
0.3927790691474322 0.25066924425184217
1.1568746990807461 0.5976938986299022
0.4247075544668679 0.10765767003266827
0.345583092216611 0.08677614486167226
0.39518756335342364 0.2660142098977859
0.5029622444292836 1.078446733137802
0.644335456785823 1.078520205654392
1.3485542804721247 1.0800525278826119
0.8607755543016183 1.24116500058318
0.6290393006823106 0.9187686672040722
1.3263036840163314 0.7166308146876363
1.0822786169186907 1.541252652487968
1.4601492664827793 1.5118706242322522
1.6830140613345566 1.5138228356680532
0.8558380978459423 1.0272865346747433
1.9227126254379974 1.1578776154741157
1.2916118240715986 0.7627251264339026
0.615156266407128 1.0945523120134524
1.4043599729128937 1.246092126150339
1.0780958506390188 1.054902077210927
1.1087550951944967 1.1243219554763193
33007.03966103655 1.1448659112659583
0.21686306403341668 0.526954932782184
0.1321083804203448 0.3259182068789327
0.10654406409487838 0.20595704383605806
0.1256318959257259 0.18317249455938944
0.1112425172517922 0.13093686806494487
164.5990897595335 0.07847812184303643
0.503095568756831 0.8014964743702973
0.45513164409714446 0.6921880627113217
0.14698189614237137 0.25770234598885994
0.13546273231580003 0.1800390497482009
0.17133134465241784 0.1407922842140166
0.5816264667936457 0.8650848056441134
0.6493669984278814 1.0177504539298363
1.3439674542455342 1.3712737398458557
0.713166976130343 1.0584439534832566
1.1379301856760258 1.0468423000855611
0.5266008849979809 1.1041730915094403
0.3355742408738093 0.6053874692204004
0.4980438123643259 0.641287890331388
0.6977232440046753 0.6108954757946956
0.7896019189036125 1.2184195045503365
1.244519291654266 1.484599934218556
0.5586022115158185 1.0476214510766864
1.341133208595359 0.8973645692585219
0.8295790255173991 0.42937936055201953
0.8542073261203768 1.141653178871416
1.2169998472820645 1.4536134279642243
0.7353810249023394 1.0640354034578667
1.1313616052713502 1.133144960882295
0.3588837156279203 0.5519766685370233
0.8020893923635295 0.7650728863739581
2.1887575721279804 1.5290114481437935
0.30116629770387177 0.47389952303699934
0.18444756864547077 0.3227789861968874
0.17379734001715186 0.21292447482547303
0.1942711217877601 0.09338593410439494
0.41254676727511697 0.6535298423813852
0.6167563889210366 0.7537144535362723
0.9154909757724474 0.8366772264722208
0.36685701395035725 0.68064700495729
0.5891264437877675 0.7893250422699278
0.2350223451885981 0.25243281239894294
0.547493133849402 0.6869146379198685
0.5191537439424756 0.8599102258127769
0.6615184829477532 0.8020267716200429
0.7688634687572824 0.9910880588598836
1.242524577517004 1.2030795252975475
0.16970193421517296 0.3775462403444821
0.22172212640266184 0.32720363271249986
0.7507838908288268 0.7341811387404305
0.2515869817722395 0.3412529600129651
0.19451194662563992 0.21608012933824877
0.39054990166610903 0.37909395885257774
0.24796600174899763 0.12426585792481662
0.911631725604702 0.6237233431706781
0.3196250766762605 0.46518896789281533
0.2347244226134822 0.2440391869779421
0.2524799997610234 0.17293429541550148
0.7481736978187792 0.4908609098850704
0.1457148519867485 0.27263398467530936
0.2022318169103037 0.23845288214112134
1.4807868954296382 0.8319663777063318
0.19528042290923026 0.23140491940706023
0.20477647132892818 0.15414881742149705
0.46031392231149726 0.3046655616404036
0.3011111270798087 0.3831119119846169
0.21212734156339055 0.16451096184483424
0.7448011179791291 0.5218453974241295
0.16384956890249106 0.1881320733746529
0.2879706848795198 0.23031235036374384
0.23131991161024246 0.16280183066937745
1.5670264418822657 0.2810558766796719
0.2907531498656312 0.21188566439043557
0.3152136510846585 0.11209553466579589
0.18428233421183812 0.1595224592867592
0.2765618053046377 0.09551343879142657
0.2800909288224769 0.09814222217830273
1.2000042296568572 0.22861107980942377
9.765058599866322 0.07826624350385793
0.6769779498591174 1.3269848704674232
0.6282755149998215 1.1879726132232808
0.6801447327589674 1.4291650640190907
0.44614661881372913 0.7392122432472297
0.8082455957661545 1.5554642623518071
1.3513483047050205 1.9119865906813307
0.513601925220879 0.9279399611252698
0.5172806876240088 0.8270166693661043
0.7071920139137426 0.7550073790250202
1.3594648721851799 0.7706455483427878
0.6171856719902054 0.9473153338381841
0.23450876351518246 0.1472042219720044
0.7223721154955722 1.15229630187002
0.5870167980228655 0.7828783241261843
0.46919078550724624 0.44770106123392367
1.1393298968480665 1.0623087477244604
0.8423162215751738 0.1279524175743162
0.27964562612171984 0.1156179040984115
0.35225809106744926 0.4470822654341165
0.5095840293230885 0.3037188977872787
0.5097630551306831 1.078720793271561
0.6506384468260459 1.077911837235977
1.6048784760737973 1.0818940713586542
1.112374284904082 1.271066420519462
0.6551184320142192 0.9201070190331356
1.442399041250268 1.4804846547713588
2.081276070469037 1.511546814436436
0.8662977960569591 1.027544574901495
1.3431191882250488 0.8075553767549604
0.659148665504832 1.079753264084432
1.2790355489116159 1.0908966518534196
37611.1705321144 2.2036140634170858
0.288956411117698 0.6235769428065845
0.13750310951694983 0.3060112328765184
0.10772971995610871 0.20469691708451598
0.19090688208521708 0.21436940291227424
0.11230266721313831 0.1314524672967165
195.7531536985435 0.0785971977795531
0.538932489762799 0.9984557708074757
0.459476999774194 0.7301984967781215
0.14768625708315547 0.25602071796263154
0.13585068936549755 0.17822873911967474
0.2063325651343611 0.1298172933457501
0.5955285870991083 0.9175223252018813
0.657121475927835 0.989585808824988
1.5150636223037215 1.1889204332088585
0.723298183130727 1.1136914534690328
1.4258334055903656 1.225136293733794
0.5290951884325323 1.094335205214317
0.3749675200820659 0.6366103612444947
0.49852513957134387 0.63148218130575
0.990384758906571 0.7258014401675095
0.7974191116364839 1.1686180825014927
1.28094428848389 1.5408098823054968
0.5735588094655286 1.029551659445234
0.9505192597982827 1.1117625639691602
1.2539618483537662 1.3791266063810714
0.7919340755525922 1.0568421296252266
1.1393517759155392 1.1025474210768884
0.36181755059149456 0.5658145008808493
0.9503402148371172 1.1387006254297902
2.292735552127162 1.467607702290062
0.3033945480790686 0.4975147335865653
0.20259769772162384 0.3075938620470638
0.17379734001715186 0.21292447482547303
0.19435231089836336 0.09293694916090112
0.4156582771092174 0.6529205730297927
0.7063463736856564 0.7834445280688384
1.1235453512281335 0.6972744095243018
0.37910209431416786 0.6398837917362754
0.595945313333063 0.8200485377051024
0.24424259672527135 0.2620755809013308
0.6238009151957429 0.7223079856339927
0.5302027338673576 0.8598628781254651
0.6761124731736092 0.8024111437007674
1.511201222136756 1.07839985481526
0.20166615211663963 0.3454833099632622
0.22236929209760026 0.32233230923916
0.8199813021647863 0.8318446205608745
0.25194906432772335 0.34108787397119567
0.19495663592107687 0.23932127359093183
0.3912919164752283 0.37921780701628355
0.7867163340701812 0.17868909489580484
0.9367245119786936 0.5377243391299631
0.3218169091357416 0.5882435008477263
0.2373621347279219 0.23541304618501652
0.2525189802396442 0.17279603843605157
0.15441780115213344 0.30274497317960153
0.2169486999196228 0.256360782150343
0.19583994603843713 0.23108835482704168
0.2071926071704075 0.15713734257502368
1.7299490313328532 0.4716606766410395
0.43619827211477713 0.4338323371687462
0.21411765818201875 0.18237618640402756
0.7812939383283724 0.5201283231673495
0.1647003910438324 0.18812444336357564
0.29614786747902055 0.21977218601163706
0.2528945506417368 0.15294399158015365
0.2941773162387734 0.23345717687810683
0.32735031590619385 0.10972508743401857
0.18775693986020692 0.15938496031793917
0.27948444168909975 0.09114402756602193
0.2804255830046942 0.09847740495699842
1.205123849633965 0.1994530131145005
45.58650043365881 0.07837509355385053
0.7674884507297827 1.3015364148791186
0.7497411234577294 1.2680790898000533
0.7058740937148009 1.3759563288751593
0.49471834252237756 0.8003218347420574
0.8703479296066877 1.4879638490259293
1.3923460107803523 1.8908485990151005
0.5945950906748607 0.7598534811489022
0.6486516978193333 0.928542358306381
0.23460172755822406 0.14702742743121655
0.6597156786259386 0.8146337429521415
0.4692693236172438 0.4602729601506904
0.2932247303039931 0.11434933796553298
0.35367937673924976 0.467834974729555
0.6886883401753678 0.4259936476890037
0.5201077405095669 1.0782785766892713
0.6536932957918964 1.018498508454416
1.1789930404732263 1.2685889051577588
0.6656524389842896 0.9208274630165031
2.3601135869678735 1.5572983040048545
0.9918061828400347 1.0515881193067709
1.3477089260959167 0.8199158989905055
0.8184500517779036 1.2885798808859952
37861.33053525947 2.20472910549396
0.3552762599784228 0.6944681967341868
0.14224554809551423 0.31030478774794296
0.11621498886895398 0.19739469517286914
0.2169920758162303 0.2847826826416533
0.11239391895349166 0.13149568351009627
212.65715277104943 0.07865417017255738
0.5782163179314783 0.9988994451520373
0.46130159425494854 0.7047181024888183
0.15941914697199883 0.2556222004309865
0.13587294011724205 0.1790900246209871
0.2851098860525243 0.13305878830541168
0.6007298051777831 0.9034552396337152
0.7508489992591001 1.0564065714314297
0.8266022052783533 1.1073991147699804
1.5341161998939212 1.1041765125851928
0.5291928592019031 1.0943003977178436
0.37535921912037906 0.63668048403468
0.5014588185652621 0.9451165326970343
0.8065365245577905 1.2497834775451433
1.3086089451392213 1.5240246422927721
0.5991708670656852 1.019913980655701
0.9614579721534104 1.1379771885010443
1.3558749097066478 1.4191940067212026
0.8507161960312992 1.0615445409250743
1.1845732349933888 1.0909462820840778
0.39393458119958336 0.6570089700058986
1.0224873451927678 1.4244604946206607
2.297290091247451 1.3442495847797586
0.30445834573891667 0.49578752107730895
0.20459460513515992 0.34761939902531747
0.2091336804387247 0.25291353335861533
0.19844141258122133 0.09399384463993211
0.41979170460018495 0.6624330355282685
0.8137075839782661 0.8150156424397124
0.3846385973284972 0.6532025028487453
0.5842521444122643 0.9156959878053923
0.8027279149926201 0.8029951288217225
1.8849224031590093 1.0007390433341286
0.20745568604183118 0.3441316296653758
0.22518187793591432 0.3234398343354686
1.5539440435524652 0.9416000159906297
0.2534798163419395 0.3411296492902489
0.19647511016522778 0.23557044709828576
0.39179044466352353 0.3763918129212793
1.1389660001149675 0.5285735927549915
0.348886720056063 0.4671276677571728
0.23747995780182626 0.23587150114989214
0.255614989887028 0.17957338111323995
0.20968338868918013 0.3241485779651728
0.34673022533866726 0.4014222735029866
0.2056500137905219 0.23253292603111056
0.21801395059471412 0.17811262021985894
0.4417110766423717 0.43363621070748165
0.2183040309989497 0.17423374212160336
1.1607087355743442 0.46910706784556827
0.1863663867120311 0.18817803916114537
0.3307912779644025 0.23553405137757902
0.38287237871293556 0.2333157036615465
0.29679913739374053 0.21562357727009768
0.19407893357541534 0.15574011833297485
0.28071717262838597 0.0932808371080856
0.2821364819196878 0.09766436386358357
1.2073743811858044 0.19887401188262985
49.34343338735808 0.07837465551248031
0.7690178730190596 1.1559309321969538
0.7833801099166853 1.1098524773790264
0.857540220373167 1.2181917659555193
0.559597769382183 0.7850451279586288
0.8758388330948704 1.4820649881523213
1.3935148600170322 1.890791468664534
0.6803012314440828 0.9274612764219989
0.24427562584811785 0.1338639503609484
0.4752594412263318 0.4439750352643922
0.4328535800049293 0.4324357992828169
0.7138730501690451 0.4387078416818141
0.5657602631378326 1.2040832409222662
0.884726219208456 1.0971679292232017
1.2654636122615273 1.3340443435577394
2.739611100868281 1.5963775451887103
1.0255915208408484 1.0520390352606994
1.452537493466994 0.8383334308496082
1.0100602607030411 1.1344875405454773
0.14078406997652237 0.15880679199577302
1376.2901315522354 0.0813791312986322
0.6396607796262895 1.0578160387984654
0.5113166047437028 0.583838565693676
0.15136939073292993 0.2998739758904971
1.3277099963621641 1.639190763469108
0.5164946486727795 0.5599980536004032
1.037872727190754 1.5975383159490184
13195.870879743663 0.11013191958282714
1.2413565347135491 0.20108211476528948
1.484962102864223 1.8699416617084794
0.6582108533630293 0.6377061284516764
1.2774193155435887 0.5439252429082487
0.8623851763651043 1.34272438284646
0.7794984036033508 0.42462421547461165
0.5156666917695757 0.5077439579760956
0.40721845382286415 0.6852330210941985
1.335672428856581 1.25310976022286
0.20566718976320367 0.23251592234682197
1.4228471817802613 1.411678632070872
1.0392152171077305 1.1125438031705122
0.5293534977571076 0.9573462569577117
0.24182827840680665 0.2628240010196037
1.6111837813579755 1.0442746892989858
1.2645638883668724 1.1879703264891435
0.3090658759254959 0.2174152871088744
0.5328971028280486 1.104162200722329
0.30990933445737645 0.10833140091218676
0.20609197128390086 0.1047805859544052
0.7308216046386238 1.1761654883474024
0.44493794835254674 0.4277865534930861
0.9257615543299398 1.2304923243012755
