93362.34055089757 1.0162401880665444
0.32668369457226254 0.5442602131131973
0.23090730216888208 0.3338535007697997
0.22313674958172797 0.27756378645085694
0.13886077818407572 0.19219789866508513
0.172705175739093 0.14909175997677748
2566.1690212897324 0.07896001389162738
0.676781311928546 0.7905909107969683
0.4150688406580787 0.5238054027195399
0.4674873726112345 0.47812225935079256
0.25954625044088897 0.22093194617657938
0.1873599504685442 0.1501788830271022
0.24360441419462542 0.09545862300524337
0.8944620117734294 0.9332136295830322
0.8929461472837268 0.8452659031457599
1.5387458751670273 1.0601968863643263
1.3466536069495003 1.1293319370152186
1.695447971769935 1.055981952141815
2.882775080304482 1.0867781167253858
0.8255646851274485 0.9232533209688107
0.6950735650856932 0.8609456917385212
0.844630704493751 0.8195852613571799
1.61961991503724 1.0848962575169572
0.2216587623870337 0.1575649955957214
0.2894282224882563 0.09568897739725563
1.1472729335872711 1.1552641949361517
2.4498467992110693 1.7645087022330799
3.034478388366458 1.7099020045642068
2.138173928394356 1.631796532199414
0.9385708641893442 0.9714099857092572
1.3225186080979054 1.0077349446558947
1.485808361423718 1.0115074321635633
1.364407194178917 1.149902621472645
1.632646388707086 1.1226482864592773
2.2189348043586796 1.2314150223499283
1.2510441029955284 1.0727838016135152
2.037420776784462 0.9804781855679947
1.6944507210070543 1.109046676360265
3.0282378416317695 1.2150820427410183
0.3274625072674666 0.4544302090248324
0.302133198589506 0.4688610042126997
0.27842898394981563 0.29076453804104485
1.4208694075989126 0.6889880514982181
0.3176977167212344 0.4575486668957436
0.2431998056534663 0.3145146355403353
0.1905992410383553 0.24326964992517908
0.23641115019008208 0.16918444961123413
0.2779773907711247 0.11338982251985641
0.6953346039701641 0.7586182762235838
1.1283460320078884 0.8026905063356615
0.4588126110156524 0.5885529472972666
0.266793150518972 0.3017037300047811
0.23190409434019 0.23708141383158532
0.39974083850121217 0.21687116413591012
0.6842116621184671 0.641474854779132
0.7369927803236299 0.7946260907982041
1.3381427811447963 0.9329035850394087
1.5184513905312027 1.01013270310375
1.2432542690203117 0.7956335079495265
2.197651407444915 0.9760187488773095
0.1766663189922293 0.32425890895079656
0.22634493352359714 0.25987188950212553
0.2318573327347532 0.2310900821629114
1.1797443828088676 0.47645820801666944
0.21169604128763186 0.32016506742479056
0.38631672914871895 0.37158067026315966
0.2941375819641515 0.09600908317828284
0.3946897838343354 0.37453163148945584
0.3071609797210527 0.38942181922965224
0.42934607319866946 0.45274178648853247
0.22550640096281993 0.1551131083955089
0.7338913413247629 0.5007188006308958
0.8458899837530619 0.5867148535765994
0.13998218308450067 0.2459014629883724
0.1978322053195334 0.1902614130491756
0.9235194514833046 0.4611950113970888
0.22410622093565957 0.18037793648502412
0.1686208963247672 0.1597868479120208
0.7531619205756989 0.3856825930127623
0.2504963111751793 0.2663633379883551
0.3157752245590239 0.0982761642082943
0.851097838032582 0.3907587536827356
0.15487512045791973 0.20286541473805014
0.2601605756533418 0.12246995833428082
0.1792042023811924 0.15502221194189417
0.2387531578291576 0.09608976934422253
1.325296622865429 0.4078489658878093
0.1413867428206463 0.1306120947747918
0.20110537903111997 0.09571517900406357
0.23862213522514258 0.10376658169079889
2324.6060664295123 0.0785397614067868
1.0208972438680393 1.0971657868208957
0.766716905533934 0.8768179480501562
1.137999239406577 1.1067288327888762
1.4478097362293687 0.8597960424141438
1.2253824201788934 1.1253572613336777
0.946155229824958 0.9218417651831473
2.131118189927096 0.699178586082942
1.698984974417669 1.5258148810495453
0.7980764471769424 0.6012407509806803
0.5982203014771045 0.7988861809451779
0.5212999519933662 0.5103743865123984
0.5825032239674353 0.4812240386236778
1.6850713190233493 0.7882841277463468
0.8493311220983981 0.9082937278157623
0.5474662918683638 0.3569183478913407
0.27692034980172753 0.10243344493822903
0.42551870827063115 0.564747399945716
0.9214228002934107 0.43540334113381396
0.43818696036914206 0.4360849970207755
1.116512358385001 0.4722486150269803
0.6415367004621487 0.35929834006745126
0.9881375371471262 1.0789294147141062
1.1610975240871055 1.0810310992526382
1.3511216116009683 0.8687595552655021
1.366716157514563 1.2355257700667517
1.8086473954218167 1.4780874160610953
0.9572793010327152 0.985577812886838
1.39735416519451 1.0029609532209025
1.0469057546909353 0.7804459155866561
1.5721549915765851 0.708909778600216
1.2642107583609072 1.0844663962497099
1.7342265533186756 1.087785153817853
2.718053857160232 1.0872658401745412
1.864040998763719 1.1868227795606485
2.1569613832394334 1.3315772192466455
1.4588507683624803 0.948354048296058
1.8290051577350315 1.0781405736690761
143793.93085906564 1.301833224174489
0.35659525594179864 0.5324393125430515
0.23337541428620528 0.33204073061452966
0.23189041999519594 0.27459529207114086
0.155049356414189 0.20465826095616663
0.17636460717527905 0.15082464908772658
2586.6603935788803 0.07917081905468454
0.6855109137592409 0.859828750306165
0.5432776057922225 0.6880250941514741
0.5396561107518074 0.5643744383685361
0.26183047882694194 0.21663331694426086
0.1990833523990676 0.15839264345644943
0.24410660979968382 0.09591340093751949
0.903720747351515 0.9497516869355489
1.0205992944066156 0.8566453892428637
1.5688744696170582 1.0613087426924752
1.3477231662007554 1.14717583271929
0.860374184842547 1.0001779265390798
0.8105346704869005 0.7753267979376282
1.6389205471811974 1.0858519253732553
0.22178403196460367 0.1574077910024248
0.29027467673183904 0.09633470238697284
1.1521530217120863 1.166218184782151
2.1604555991166055 1.6411875579541713
0.984778523362664 1.0616837222625084
1.3860229832465787 1.0597044183563535
1.4887611634390612 1.011293982962414
1.4184184042157564 1.151710344503412
1.7869622796284368 1.1975417295837405
1.254892435834869 1.0821980633419832
1.7086497684943334 1.1170983190404047
0.384896696467068 0.46748725029782756
0.33287256235503554 0.5012199924191076
0.283773923340615 0.2998706355632083
2.2019953839292135 1.3513069445643549
0.32868044376786265 0.4648860838811002
0.24512111198779044 0.3316443102074188
0.19344556165392296 0.23735038176148332
0.23906085192545906 0.17130714892743984
0.2990137941588019 0.12648802790515606
0.6982799529608541 0.6482777906250221
1.215962790968124 0.8714203184387822
0.46920151780069463 0.5492719008912514
0.27181085483891476 0.3123963315224578
0.23308253984621125 0.2488291329003544
0.4491857043074763 0.20151219007096272
1.2744069336148636 1.1708545428045671
0.9692750609946201 0.9081564827478836
1.4649885767309245 0.9813926136056328
1.8249714709205307 1.1318859565014208
1.4750952345947386 0.9714440538357338
0.19840123495139284 0.36710078032824495
0.2272461191565564 0.25987178526408233
0.2598433331095782 0.24519712843924193
1.3339889385594321 0.5193390096242847
0.2378092939814968 0.3151568909980558
0.40547941834161044 0.382156570482548
0.29559875575401195 0.09937499851037764
1.3831294941026449 0.6090871146678145
0.39751661483783046 0.47250812415717336
0.22765133990898423 0.16203269597462885
0.14300642042995823 0.24714784140120655
0.19887451085801855 0.20107439533952037
0.9864420124875275 0.4498688853736916
0.22600572160323257 0.18050536841655973
1.2439247487540355 0.3374919495352009
0.33401094156257805 0.29296556265141127
0.32029923518839987 0.09845716908027805
0.17478927701241634 0.17209628745209127
0.2244663504837092 0.17882033567583056
0.23886837476006423 0.09643837194002815
0.17145463963478158 0.1488883652927668
0.20177610947876712 0.09595880839201265
0.23873389534664458 0.10384870903324597
2330.562051739863 0.0785804186229758
1.023499209862012 1.1298964948185684
0.7677501012223356 0.8890849115860406
1.2413419710313103 1.1524100919386129
1.6183460304926627 1.0883889156068722
1.2746778005799781 1.201163214107416
0.9657070372739891 0.9309426260758553
1.7489016994292315 1.5039723777655813
0.9515538526492843 0.5704815423209537
0.6101885177558244 0.8104799866752392
0.5232067304394595 0.5100511376070775
1.3075373470492373 0.8606852708383315
1.6857790891122078 0.7888703025637678
0.8611242447781202 0.911889465979606
0.2769278665242084 0.10243024883520502
0.4351085188253727 0.5638104115352482
0.9263181817245252 0.43587263608087745
0.6429721117713652 0.359879120108853
1.0056627252306152 1.092004477461685
1.6637245173629585 1.1116714052103733
1.470501964963234 1.2361801578763476
2.082351864434366 1.5302586172530752
0.9969719804232253 0.9729404142811409
1.8206843641446513 1.0386165609847735
1.0821531528587403 0.795724724339818
1.5735908219312522 0.7111560167001552
1.268804592628119 1.078699013155112
1.8671283346738425 1.1868360176659003
1.46602781303103 0.9790402491323602
1.8406464970693777 1.0781015689248539
194567.320413102 1.5817464137859025
0.45630070422511637 0.5715708607844119
0.23580750567551062 0.33158178615935674
0.23272756756849583 0.25612211386318706
0.1757692829740507 0.1714513368157246
0.17843107499442165 0.15166636699645203
4823.732999296575 0.07888779243169336
0.69309497273532 0.8669807491490962
0.562695338724936 0.7008468265785358
1.2464409004625718 1.0957048993280718
1.04021598701186 0.6914696862522581
0.2067364057644449 0.1629997877740702
0.24445963121559866 0.09724865520340187
1.0081211857778958 1.0030155736667792
1.0645560329516193 1.0606169701514399
1.6359215913388354 1.0456807234131527
1.4239972976632558 1.1441757497083063
0.9059440380164258 0.9787966536963848
0.823537469691078 0.8275823778673947
0.22433115615274893 0.1599073103006206
0.2903492793298435 0.09645955125289424
2.256254123837133 1.6709294769076921
1.0255683685034338 1.0618455518339425
1.3861359852296289 1.057817616141154
1.520326583414875 1.032337941548608
1.4261693066406265 1.1493735708226946
1.2956109750553308 1.009777598332739
1.8192775072135974 1.1664111750134845
0.3463772736482399 0.46198835142956657
0.3120363396715147 0.3335994092942929
2.4985005948893244 1.4036700022733508
0.3345453092453185 0.44247001112600404
0.2556444654430808 0.3632845564754384
0.19677206866782998 0.23703758948955378
0.24987954221515915 0.16644837279957364
0.30228615168204287 0.12012293377925354
0.8610926337959298 0.8320802982481714
0.7171515166947623 0.8269061242429344
0.2730097882555527 0.3118490907404921
0.2337549296414495 0.2438783050759547
0.49000917237805997 0.18654644140350407
0.9807071034880229 0.8321579663709049
1.4808050608561754 0.9815344855550759
0.2877401504462669 0.46315804574967445
0.2541685742842714 0.2529762187947324
0.3476007694003088 0.3121654129955399
0.24689860128039226 0.31599310288260357
0.4328150015194242 0.3818233127557671
0.29672997170993376 0.0996427284427923
0.42245837146298093 0.5106215150054219
0.22772328478662346 0.16190426235794875
0.18344530050893637 0.2366119927413909
0.1992795971378479 0.18952966283015624
1.3365574933600581 0.5112415035199059
0.23088905482381808 0.19197409438149826
0.3543499761652912 0.3098034177766231
0.3204674958909112 0.09859390977440463
0.7253654750667133 0.37041558361867805
0.3501870666167951 0.16957570742070754
0.2450934034958089 0.11153442143131463
0.1727407290224822 0.14969900354219481
0.20189315810208097 0.09603523965165965
0.23909480893887675 0.10386598037778041
2330.72320885768 0.07861006321050659
1.0258806474251998 1.099578251027768
0.7680741724718181 0.8879459174749025
1.2450765432477573 1.1538550768719187
1.8158576797301267 1.0873912012227607
1.280059933230831 1.2129878877313711
1.022141023206004 0.9476880258178855
0.9590352149425108 0.5704815453954333
0.6206793807040167 0.8103058246200445
1.0643448963269495 1.005460744908528
1.7038797117937614 0.7994539660286678
0.8962934839985597 0.907827934922912
0.27813393343894743 0.10413260993979827
0.4633156777700409 0.5621615389810741
1.958055174776416 0.7650684574124422
0.6475557821423313 0.36152486893026275
1.0097382171468912 1.0911158463894124
1.4709365613326977 1.2137385323421923
1.0076498023321154 1.0070541581164874
1.9782479485871232 1.0330222141538137
1.2531160900379237 0.8082196412084159
1.2724168351056457 1.1004420304016793
1.9688053536046808 1.2236724712587794
1.471635503591438 0.9793373232049265
1.8656690333864068 1.0888904575825276
195349.94884385966 1.6012028144623645
0.4721838496134789 0.7039012491601138
0.23656965939338115 0.33262672521177794
0.23622851853968857 0.30695158193622224
0.18060883606752767 0.21742321595636388
0.19645837199385174 0.1595238282787771
6700.298507741967 0.09116393777440007
0.694204961938208 0.8681269439704874
0.8366242853483707 0.9262543977687956
1.4546422242923227 1.0863413122947976
1.8062099565707816 0.856740708520598
0.21031479536274278 0.16493354569133978
0.24774921791394947 0.09991986435685164
1.069777135431309 1.09922325963011
1.169248900739278 1.050047826896145
1.8285244961759322 1.0613065288106918
1.609749560544981 1.0695805402263687
0.9218110879072148 1.001740677430833
0.8236262469809901 0.8203688791179673
0.23651478274831733 0.16863118797508037
0.29036041679938096 0.09648087941628153
2.257728950673494 1.669491525312956
1.0510634056891734 1.0825503593180508
1.6011454108908705 1.2033228396668982
1.800884419719146 1.4776415397454645
1.3022149204573876 1.0100498054275726
1.8243366724929868 1.1671375637582933
0.4286275651642631 0.49577252315786147
0.3684131003859293 0.3925547608736275
2.5482113566217017 1.3939070483637845
0.38826254476515276 0.4515230127534483
0.3851534121358524 0.4897759225352085
0.19868291047210407 0.2483478161363416
0.25362723018871325 0.16643027731633828
1.2529740999335865 0.8845098576511552
0.7350220285850115 0.8382105897996115
0.6175141757508686 0.6530835530169585
0.23425777184000515 0.24375213062837553
0.9878887006318795 0.7970214264423731
1.6760696743764036 0.8345350991684005
0.31074669916998654 0.32494983595617866
0.3971956702290229 0.32324087604852625
0.2470343385833871 0.33343822676173523
0.490970306408842 0.3860936905949008
0.29782122794673893 0.10028863672126236
0.4266987395929433 0.5118439000064494
0.2277737525115423 0.16036384532394182
0.18849257795011606 0.23650805091730293
0.20205183063403048 0.20028952995528415
0.2348110332493438 0.26572851007684567
0.37033477756614674 0.3481912768149418
0.3205026202466651 0.09833179964737068
0.48177575436057896 0.21718633505544052
0.2493972941940251 0.100899210285568
0.17303655531808115 0.14902629962120048
0.20194336428243026 0.09596885876530781
0.24416477896524322 0.11646879347690217
2331.8185227982217 0.07867285460404222
1.037377254154451 1.133230278462778
0.770495209419036 0.8852907167806919
1.4009444373963136 1.1458587752168552
2.6655847234888475 1.0818205681225324
1.3069905782688602 1.222320633194577
0.6523540672829319 0.7623787777122599
1.0746560384699486 1.004819625428506
0.8985283141154734 0.9072057259592814
0.3231619193760533 0.08974727890486228
0.5225988437970569 0.44001358417383074
0.6671854874114154 0.36988412075340016
1.0099179025631357 1.091281768573124
1.0130039792986345 1.0071196809110936
1.4857430787344428 0.7464313582829516
1.3061484069790543 1.1137557488859087
1.9836768593173773 1.2296206775443927
1.875803742225161 1.106695614954624
347740.2017572829 2.0956235001737067
0.663939105866675 0.8570249053646319
0.4621926573874251 0.524142785144016
0.24371253556129066 0.2752791445932398
0.18900946029394938 0.20409284737213468
9217.699729243623 0.08573137224323407
0.7054126720325766 0.8797574144606028
2.0285566922231366 1.672224420217227
1.8795775957089746 1.325638476680381
0.2149952796798825 0.1676767733399061
1.2626704164634943 1.064166977084517
1.4324847994031895 1.043721485319083
1.066562958005733 1.086534843252847
0.8321648737785619 0.9647692448537715
1.3682969097623556 0.3728383695077159
0.30359707672071523 0.10938578474039945
1.0722706830671305 1.0024823138871737
1.8152576306137824 1.4798013030618926
1.3274409052219773 0.9979101393703671
1.8607256882570944 1.1901780102050743
0.4451065644708353 0.5240599991462226
0.38370887289309424 0.4044603185593866
0.4305647588315151 0.5553654961325479
0.4112892058497931 0.4376316395302542
0.19868291047210407 0.2483478161363416
0.2555350285280378 0.19255546931585293
0.7679493051900613 0.8161574294432778
0.660429025120589 0.5084932218563292
1.771331053959456 0.8767255962520915
0.4907480400265968 0.43613448681562467
0.27857924894379643 0.3197138892493606
0.6405835614190285 0.38287239659290767
0.44197701365656433 0.5311120887952578
0.18994233355671133 0.23637432694583288
0.2287628233150045 0.2445642199865511
0.24335987871441753 0.2646403305700462
0.40885571682852206 0.29080835364473323
0.44478832841744886 0.09677028261106749
0.20781956217244907 0.16019513178355518
0.20291764207014382 0.09634956961986609
0.24785464941055677 0.11911092924868252
3303.722957994987 0.07853405931201281
1.0391733448159381 1.1135005461721674
0.770688335645296 0.8850388094325462
1.4418479061647076 1.1542423825159216
1.3124707436700447 1.2342828274771875
0.8584301075778108 0.9654722514242248
1.1378180574187957 1.0419306481152075
0.9516138403477433 0.8925383549768946
0.5412386560082354 0.6028923974763772
1.0161622632816458 1.0932823564754433
1.0513120419365816 1.0210462327677656
1.3399020310302139 1.0710465911047384
1.8907012052993386 1.077409842235956
1.3591777104064093 1.1056436102528777
0.3411770107770641 0.38905767327959107
0.19762527666914392 0.17029839710989386
12683.014767910297 0.10437009590762009
0.4645487451090632 0.6262825915641417
0.26537553773090305 0.11932811420767722
0.28632617809857885 0.12675300337601902
0.776301286184973 0.9301079138576005
0.4463739774104871 0.5333716484285268
0.3587714015015131 0.16232206455409603
1.3519337451026063 1.0778984343925422
0.9025538479019157 0.9600573027989197
0.8141563564058623 0.8170899356962594
