1.1042950318566929 1.5024352477879075
1.0358324379144304 0.5770619591057424
581.1031680281551 0.0014103450567177767
1.2538863012139467 1.8933961086319835
1.0617543726488843 0.7553870101675768
1.153200152423188 0.039530255231736644
2.510115541893777 2.8378255838947775
1.3348141275237961 1.9972866502828188
1.1307074095286167 0.8603272697127856
1.57023614415599 0.24908070890897063
1.4569305151777874 3.0460559843990125
1.3057509727312377 1.9585058045499124
1.1770599715911625 0.9112093937064123
1.1214080793230976 1.4968833703115878
1.3943784071088814 0.9414782131072991
1.6267647294243641 0.9416429988333209
2.128694154302394 1.417079906802572
1.034383777547987 0.7303975157679623
1.2378243303780812 0.11345691339629
1.9662393778523994 1.8915063961390035
1.2212916029151972 0.9541506926554033
1.665035615770262 0.2692545094753527
1.4374413540253403 2.3801300498692446
1.4398999554533258 1.1915376114615024
1.2447528172353222 1.8894003720405341
1.9582689192510654 1.3980479922849662
1.6641909885788961 1.7752594465940876
1.0714263855040314 0.78989540735693
1.6972952500431995 0.3817892943844131
1.7672059202591206 1.965173264538649
1.1799068742867294 1.0203338967744267
1.3995007972958562 2.2337196931113388
1.3806961787910874 1.2030189336801653
1.87164958094832 1.308170364483143
2.0229057725670248 2.4044140011831936
1.2799239193858567 1.9207462564259041
1.1596597004752804 0.8996861803898225
1.3743715719356744 2.040422457174175
1.2473984980457369 1.0080196839346
1.5207091970805122 1.1194170295461134
1.153536399074344 1.5169765567946358
1.4350097862736892 0.9692822746706804
1.4993393685302945 1.0083965490843159
1.6634114578714785 0.9902709630260225
1.5296053038253221 1.7252665623529448
1.5659748867370296 0.9088754979428778
1.1252256556759965 0.840402330084692
1.6815673324265594 0.20151300297104258
1.5363567378962593 0.8233192229784425
1.436066810634856 0.14497438490017706
1.2143269091056532 0.8189043283370435
1.7525453450252706 0.4377224177564342
1.0810968758648432 0.7505954879466897
1.4466980119863915 0.7101066577414612
1.551949428757383 0.19937426255624607
1.424929655656358 0.9120007529721923
1.5943081590235475 0.23577078295473242
2.4568331332733346 1.642825687461608
1.2067285093289806 1.029090603033373
1.9856305847487028 0.5466990755314964
1.2063212958537926 1.016423939826982
1.1629125565562786 1.059519706468757
1.6664016593369535 0.331871991662046
1.328192776861216 1.0381912022085986
1.9095437225522363 0.5081365933586516
1.102752413291324 0.9828573327074144
1.9058012456383073 1.3960491007157465
1.150609082272777 0.8338917527914387
1.13934040490332 0.9574289964738767
1.231951318312995 0.8293648449403557
1.096754614371851 0.7690874122530544
2.2293323201042945 0.49612240773609934
1.4342778465198578 0.9392995235995745
1.6720408839206322 0.30886925875357696
1.5805607503391368 0.8258708902188726
1.3013110794877645 0.17833232838367746
1.4493765985794502 0.8957992600888689
1.535557521991275 0.32691608875651984
1.7629796777766922 0.5085797196199984
1.4521002757799606 0.20225437098784438
1.7550898698756263 0.6441335894267732
1.4773336515944577 0.248974509486516
1.3332074308625268 0.8448731839718304
1.691301827295265 0.419076442030952
1.391720086037853 0.9817461035201396
1.6350559739137895 0.3542948104432595
1.6027898164608647 0.8906689464425481
1.7857068135705636 0.4828052594435353
1.9747696811247915 0.5959241419178503
1.1839565614453262 0.7413829389613112
2.0274512485611145 0.5994074352556813
1.3240435264472818 0.7045314441981331
1.6111789325804682 0.2922231910515767
1.8435742677685623 0.4468321751068186
1.2708500216353338 0.1627414356071959
1.5155687941983276 0.5399329388317718
1.1582100559898154 0.11105722119363824
1.3597102797327292 0.23411953843352237
1.5220302023317713 0.6287606954628268
1.278475612403796 0.1524641691631685
1.4723783246274247 0.595449124211144
1.3047581683811047 0.1923295493003154
1.472546031656017 0.3043926187447641
1.5100091555873487 0.5026197194456541
1.513252864182351 0.32931233896904083
1.5934006562555458 0.3801507181197619
1.7591652065495453 0.4819482297624978
1.3852720010723498 0.588303102785898
1.1910692701252703 0.12664169188365654
1.0302229163663799 0.02064106158716225
1.097394357437191 0.08166259410724197
1.4174087862811504 0.5323769097711836
1.186268189848156 0.1321258619783411
1.235913138606605 0.1637248621700244
1.4315988469398238 0.2619553010559078
1.205199226322403 0.5321884337918167
1.0523699360286396 0.033948011346826124
0.9817001532536496 0.01692864459540186
1.1574684308727925 0.11673392087813508
703.0705814892387 0.002457294535311097
1.3940995366739326 0.9420104229069847
1.1619080886809279 0.9399107164998536
1.7690886538801722 0.37691761460325784
2.215114220068659 2.0056352505535338
1.2559348332161995 1.1193419059960261
1.3689421796582473 2.0276411652201367
2.0403470813011193 1.5448933706009467
1.409318696071867 0.6644712019643306
1.6776968194717092 0.36346448207029197
1.1939079577117244 1.1534632306358217
1.9387854127700055 0.47447519868535376
1.5358374331180786 2.313021744453221
1.9703696671726698 1.659654095120199
2.00421480588863 1.9702416341042845
1.4715067416790917 1.249092827463047
1.9079834118971573 1.8496657818323414
1.8826107549478128 1.6374258406500446
2.5430631334071525 1.9031846404860047
1.259088411066686 1.842111157619377
2.360179512960795 1.712294476264395
1.1095253958979 0.8753389865990806
1.8806676141887444 0.44295726383436085
1.7252011551223208 0.7568266396717498
1.7158189091242892 0.364513559808745
1.2448505626629838 1.1128738433318743
1.9462298748338318 0.4171323683565772
1.5329373352924198 1.1749728595022686
1.3944951068316602 0.9542340073382232
1.4647616657680362 0.21849477669125722
1.2637091670673528 1.2355403711501514
1.9957401583858667 0.4467817748601965
1.463294466154341 1.371463855075091
1.2167682087724148 1.2227534908811453
1.4780067726715718 1.378486991288218
1.8295847922437605 1.3431662081038827
1.3080143486893272 0.8662241057159656
1.6605104963511799 0.3457214778823538
1.7748333643007717 0.9323604545046308
1.5797508267988332 0.3271201645374532
1.4061408812928942 0.7317548276260655
1.8673305166601954 0.49360320422546466
1.536410883602629 0.8070981767649443
1.5147298055956084 0.2600138448377155
1.266873916048255 1.192064954165172
2.0026798490402884 0.5306085722215185
1.1143752931087612 1.0374147957238042
1.2670766128361246 0.8038770590185409
1.5012280306364292 0.2998043840375893
1.3751467747597892 0.7770977676354754
1.4654663292998853 0.29228969181869685
1.6854654132822802 0.41524346981026344
1.2500754792565754 0.9656719017041999
1.687427663843486 0.38722355490261356
1.8301045585837423 0.48452359834772746
2.04283218479097 0.6418386237923834
1.217487068642968 0.7210734280876212
1.3935266051813797 0.2390639036749257
1.4174481657709443 0.26461018804603886
1.5990651142669035 0.37108827016187784
1.3049708778384934 0.20802705834707896
1.3876845241258273 1.0413029736870918
1.108822852183232 0.9607077249291829
1.8274417279017383 1.7050209702995662
1.2975915647280658 1.1572989037295636
1.9441953982850526 1.376135324961491
1.1977376710895251 1.076862673524466
2.1307609677683574 1.769250235086469
1.2424561890864314 1.238231159581339
1.8409144564621167 1.4650024244862576
1.5768655929948885 1.8505459132134798
1.7025729763456035 1.3838335558224069
1.9211268706211317 1.5194301594621762
1.1392886847944295 1.0121200564955135
1.2165918102676425 1.0661826830191226
1.2451571577250409 1.1191261553599556
1.1271769676759313 1.0843445370903817
2.2106958980319504 0.7166382395388451
1.2345325101681888 1.2234910948411892
1.636117773668889 1.3417847369746072
1.2459253510252435 0.9580875011644874
1.12624337298951 1.018123438777601
2.0898243862789725 0.6676314718660589
1.1822898668274673 0.9894729995357021
1.0796901880359389 0.7966287234433935
1.8894009250403716 0.5388706700395041
1.980453961447128 0.5848206127495736
1.7425268551442343 0.4704322350899018
1.8293936042295926 1.4033236052920663
1.3245285750274691 0.9960508212487549
1.7990066977735086 1.4131572085109285
1.1703730395351544 0.9822906565995693
1.5296336107772772 1.1322763739864148
1.6995823701348258 1.6463602339707146
1.401939918170643 1.1267207422787342
1.5787058401285163 1.2270037309380672
1.912413562011646 1.3464835616385709
1.1329378915521586 0.9594538337988782
1.1880941571796753 1.0008059411009629
1.4281029483735481 1.1422258786922181
1.086460322026537 0.8680870219987566
1.2881489111307258 1.4302863288800667
1.4633594097108644 0.9941317644777012
1.5103555847984698 1.024194987753213
1.7128659904911805 1.1390767249647908
1.4238920279439742 0.9749269981782759
1.6957012485270253 1.010619108163329
1.1141847578544364 1.4959125399795057
1.036414087891471 0.5766793695038457
944.7878589700999 0.0029668586748658465
1.2712802985526117 1.947144590100755
1.1676415101944555 0.751827843745598
1.1689459604350283 0.03843669740574586
2.701953372801831 2.9707668331277928
1.3518886204063376 1.99448879757373
1.1570913152589606 0.8891032343843416
1.5902331514462054 0.27740532995637257
1.4831994502572856 3.037459863566421
1.3259784284364813 1.9748548500928351
1.1799762047693862 0.8985543139037151
1.1323760935112042 1.5078251554396953
1.4057023912544953 0.9608617632539549
1.6361727136533522 0.960386599720462
1.0441087494383223 0.7291849157645276
1.238968662238366 0.11464213534253892
1.9724647577010828 1.852040006627424
1.2434428707750802 0.9631122668222853
1.6650614729377695 0.26955502971209067
1.4881499820160302 2.337738757894135
1.446578282145849 1.196533451893206
1.2949805147758895 1.8650552232626958
1.971668181352804 1.3976724452692473
1.667366178145438 1.889277324400008
1.2954921903972856 0.9962613937917444
1.698598039157908 0.38134024520678006
2.3797278557161174 1.8305633163373147
1.182843595875553 1.0574668284534554
1.400221065664165 2.2389202382554645
1.385794394128637 1.2049780878843839
1.8806011792722628 1.3247542345316543
2.0321291307139964 2.3835594820199497
1.2878383044023534 1.9277568496177317
1.1614211153562537 0.8969687188711313
1.3755808223362938 2.042210606759606
1.2669584118140904 1.0053795719356298
1.5257778938479571 1.1280410157588383
1.1557209325658364 1.5212216948260604
1.4352801216714426 0.9694518642348853
1.4996368848049544 1.014699955672838
1.6668332020532644 0.9941331131865412
1.5343536332906398 1.7388741197235316
1.5663613845535564 0.9060627187940211
1.1388523693026524 0.8920157952682454
1.6816145168934962 0.19388192381897446
1.5755232576858829 0.8399156898347178
1.4384324936063564 0.1530752256352225
1.364444730366308 0.7203219908469431
1.753417965252886 0.43832817467627005
1.4226052461552623 0.8671775624205875
1.4896154118062273 0.6015258893615709
1.5591659681231476 0.20801528174660383
1.444625584595702 0.8973300426782893
1.6052402780332888 0.23947625344102358
2.4677647432210676 1.6621201411397886
1.2099564157721185 1.0268406117080584
1.989028642231557 0.5547292186237911
1.214391172191156 1.0142357206607404
1.1757678430936884 1.0344327371714224
1.668661374123172 0.332135189796207
1.41452912983917 0.92559587281718
1.912545552213102 0.5133393557684196
1.1030258812535927 0.982425828014408
1.9088582141856973 1.4019426933731944
1.15192520052039 0.834617716447064
1.145131555225858 0.9586299114765021
1.2477087972262226 0.8647236521902082
1.1337103581851757 0.8095594540170483
1.6773236779263252 0.6939208021313825
1.6733761840178718 0.3170044602240167
1.58169767238997 0.8275590155759041
1.3017433489717996 0.17873649290863886
1.547212869622967 0.4754034748890778
1.5399278730425534 0.32975352615587056
1.7759008023399945 0.48980377205227316
1.4533339234083749 0.20332205336931475
1.7721608546803473 0.6270297369944904
1.4785590902837669 0.2345107527110536
1.3897526283152306 0.8224176424986369
1.6947444261617362 0.4161811544173955
1.4182163877027205 1.0439787491154313
1.646591390349697 0.35475350890424556
1.6201507878034294 0.8807766174049283
1.7865263168609102 0.48347597867187286
1.9757904655860528 0.5963392067817139
1.240594827162105 0.954052444676492
2.030998962581178 0.5962044077231686
1.367213558131744 0.713278033263284
1.61118094475517 0.2916359854553886
1.2741524546595953 0.1654021638652966
1.6307531014301582 0.631786398391488
1.1642395159514871 0.1146065177192768
1.3664669621905425 0.24294631209520703
1.5822065472069877 0.6912294792935373
1.2796238495957448 0.1529437088414487
1.5151593543048623 0.6266312370804024
1.3077437707085433 0.19682274777310316
1.4745460261037096 0.30530874676140723
1.5169563846104355 0.4638460401609384
1.513752961554498 0.32923424850101524
1.5970393939239436 0.3799517545570649
1.7685861272783088 0.48645228698669823
1.4590526939805564 0.5061565850100833
1.191464358543847 0.12662335864710667
1.0355363207526473 0.02868253209480496
1.1040168503376657 0.0861627051972691
1.5327580632496405 0.51047734761076
1.186325503293461 0.13227744675827874
1.2399327764172678 0.16480750175376138
1.431635565770752 0.26281570800035164
1.3049195363355337 0.4120472087908596
1.0708261366699412 0.044574444039031685
0.9817951317319071 0.01669485201122814
1.158498567270521 0.11659563844798654
704.3098793957938 0.002468037695532893
1.3954383309900158 0.9419954892666921
1.1739041120618616 0.9417370902347256
1.7694193966859837 0.3768684437569681
2.2502900986514427 1.8906670811583126
1.2637041013383683 1.1189062318085932
1.4023759258211619 1.7147304215097638
2.066361076657617 1.5509474169065105
1.424110166355981 0.6718136891066746
1.6777142706599935 0.36353464037268995
1.1973401374970114 1.1302109729458487
1.938961367837366 0.476350892865567
1.5986562562951971 2.211161017477277
1.9735942699330284 1.6613241567118835
2.096782524526992 1.6549541747727672
1.489391304201709 1.2137003455186248
1.9167944927140357 1.8517690052611724
1.892569372934187 1.6372139062993112
2.5762436110669427 1.856381655118529
1.382083251411001 2.036111729707168
1.1291971507048912 0.8649134931088114
1.8817850168757122 0.43559325638617896
1.7728790449423686 0.7006083855009909
1.7173001221440538 0.36201864237119213
1.2465040161532106 1.1133403536897757
1.955538120521498 0.39706723012824263
1.540598088005333 1.2064105951269855
1.4241777758116747 0.9941530001199251
1.4704032300035834 0.2280219237659638
1.267528760594633 1.306612636822114
1.9994241019927135 0.4511288007666637
1.463777342078708 1.3707094317370725
1.2249156864821138 1.2026400592843938
1.4816969673690668 1.3803872996701148
1.8296894814718991 1.3354661411509818
1.3268469257464495 0.8526288285990946
1.6619905011587424 0.3611574851799546
1.7876815314259238 0.7803087014033967
1.5807008424593851 0.3283221608260207
1.501000353455757 0.8341544000017216
1.8674232731798739 0.4945564300136466
1.5827706095085343 0.7958905019165473
1.5172430805177148 0.24301398904399282
1.3670951132153448 1.165681757511703
2.0037410776907545 0.544571575970899
1.1462201155579037 1.0498272708361536
1.3154845186565083 0.7546716952437236
1.5093310162712763 0.2911120691561725
1.634563573509943 0.46889043190379875
1.4795746048920955 0.2944967680708982
1.685467939628426 0.4152396671895777
1.2578521639519038 0.9730214557041439
1.69446248503422 0.38881869888677617
1.8306912987503963 0.4820333619475748
1.2766600120441676 0.7407331430099924
1.3955104042520277 0.2385387938710298
1.4177767791344515 0.261339638354841
1.6016242828556773 0.3704713183468458
1.3086516761700266 0.21411250068634963
1.3926836441440291 1.047367874657432
1.1617264699471497 1.0554051056391618
1.8297876548563456 1.6836783098815453
1.3036757589382137 1.1602732673009863
1.9458547944059794 1.3725603067916825
1.1980584204419578 1.0769401143264514
2.1312478139304103 1.7673370759206488
1.244972203775545 1.2369601201054616
1.8445739471763423 1.4600303066149662
1.9104140520892297 1.5530998001141543
1.705028170266675 1.383837976601645
1.9239735747235813 1.5118255790822392
1.1397034722389612 1.0105915191262467
1.2506553804501985 1.089804599002165
1.2457409546142872 1.1202241079747761
1.1871663548973241 1.1282734790516584
2.21247695184442 0.7374849746997513
1.2498103611621407 1.244940224664647
1.6376191393814632 1.342887930005651
1.2595094844968855 0.9474563691923912
1.1326894371065124 1.0295469370851784
2.0925605413917308 0.6732024516796211
1.1949199325624353 1.019540317353604
1.1905653817692454 0.7178350192836336
1.8912210982629873 0.5452231350291228
1.7426901444055027 0.47042749860410665
1.9443719989351644 1.379664750260962
1.3282083206200759 0.9952043709342839
1.8489671773288592 1.374328035711115
1.178316715906302 0.9745497980311714
1.5304752010669371 1.1327826776862326
1.714406597829321 1.5112115404649074
1.4020657301006147 1.1254097346196423
1.5801690172436846 1.2270049093617343
1.9171983025443238 1.349920520767228
1.1408255098679991 0.9641552550920421
1.1948833610171634 1.004022675075372
1.4300590432530578 1.14626858004994
1.0893363818226571 0.8628510805222296
1.2903910261834644 1.429773056984311
1.473217963557393 0.9825504723580578
1.5113660921057332 1.0243504214083152
1.7130680893565629 1.1394143395458416
1.427138700101065 0.9739361180896234
1.7800546694298478 0.7090126421093556
1.891861746205588 0.25837111126036094
1.609828689626128 1.05199395064816
1.3457706555908506 1.0294765165450808
1.445243869610041 0.9362001483074528
2.0106752746059415 1.4952445167089459
1.4868496338527646 1.0028757689770884
1.8108214171964114 0.607387463756929
2.1475328474441353 1.7653344125823605
1.1588222483645305 0.8488674684553632
1.31068071316344 0.2052576460378293
2.1277063774720406 1.1313340702918233
1.8563892603437961 2.1846620786490627
1.3587928118254395 0.21034395989500754
1.980393196065645 1.3543421168512038
1.6696312803379656 0.5472457806877433
1.1458045272978186 0.9626902856234463
