4.461525980676208 3.937425315623333
2.563312244844985 2.669220009209832
1.6749971263176904 1.899343308337314
1.6001731261583514 1.5520081747262633
169677.34878330745 1.0163619417728562
3.698687263717679 3.498819917369726
1.8594131410287007 1.9850117505039488
1.5927062736975526 1.6020769423085415
1.7923415841428922 1.2144791674142132
4.733216421487257 3.9935712370148817
3.673508276882908 3.3437030639234875
2.2926659012705404 2.4699215560333614
1.5958694830939824 1.651773611281919
1.8011820331490926 1.2217840683972245
2.6459028192326244 2.784573943646628
1.8906267742062188 2.0294539656809465
1.6128367726071557 1.65795311428683
1.819966958245106 1.206625514396095
1.8668667723688903 1.973688581273053
1.630146919723348 1.6181658085682917
1.8353393540786351 1.1759648614530143
1.6939151841420759 1.5974190050961365
1.860820294153481 1.2425096179963946
191986.04711303636 1.117188441334036
3.482185151068928 3.3768797752640984
2.308112873964495 2.4899455697441724
1.5857410993397374 1.5941777992607256
1.789177592053198 1.2024600962579537
3.873978637017748 3.4961895530985534
2.559640713223857 2.694212678314041
3.000687967380191 2.375388262197265
3.2766785149961337 3.052651537820206
2.591532945321845 2.6782892095527298
2.7096029893070672 2.314354485874272
2.662025998958439 2.6487528548874
2.7770953494678077 2.234191750707618
5.560306189509684 4.447924672204833
3.558681503681208 3.37688905773832
1.868091671934607 2.1090822116240506
1.5766032844839133 1.6693272042186176
1.7843331356110192 1.212070379771465
2.973921529945997 3.032743588698876
2.5185667273468875 2.691069278345462
3.178812403827816 2.4509028847708905
2.5645054736498873 2.6261669091865816
2.6725498265897047 2.2478851566474827
2.9303988215437955 2.87487119547985
1.729304618196931 1.968370023776978
1.5872616934203831 1.6124189423807795
1.7689184886414435 1.1907933554637566
2.6660445484308233 2.634504463621707
2.820224368828203 2.193636484433838
1.6763548469488914 1.9249446455587953
1.5649549028581884 1.6067082897634966
1.7689165719119972 1.2136942227500358
1.6232027481677829 1.5590270231380197
1.777053790733214 1.218777857448629
183484.93784809162 1.0555480001485837
3.1953774314396854 2.9961737523627234
2.5155586289763128 2.5483998141988815
2.8226226438418665 2.2182009815589994
4.15312585244318 3.6745738630069247
2.571026127461395 2.7031327098810793
2.57664603136386 2.700922559594043
2.7498506292020615 2.321491616904157
2.526365498295414 2.5499490714292956
2.7036461873837747 2.2279316943374208
2.8917455181315104 2.199941947537995
4.640560667812927 3.8278204924714387
2.560199696958259 2.723380723706661
2.6695065566626055 2.200763427658354
4.193012434866434 3.7424808295520324
3.8235357194436164 3.3801246792416597
3.854248357770602 3.375643588430628
3.74294098265567 3.495199959102769
2.534383391484406 2.721085942120694
2.642101812233167 2.206936961534374
4.051683780891026 3.2080359122227335
2.461680283267264 2.5320733064280514
2.622679883200008 2.1558746090129213
2.7284712190756606 2.145214137336769
3.3581703282982325 3.2170882679025645
2.5412997926684446 2.6382139860306717
2.731232415105974 2.2210093507504505
4.013005366714085 3.522784229475671
2.581482259443899 2.6897433134674116
2.6553052573515408 2.210157021941201
2.5462221901472413 2.640476933736121
2.6610818644787635 2.24137835002585
2.7455271664565237 2.2188963638301527
3.714983327770229 3.4042156155123453
2.5686764312343575 2.696342995598892
2.77613094331203 2.279703981745652
3.831347156847631 3.337449943416322
2.5728638591628794 2.7319663859109227
2.620502702511057 2.184485304492772
2.666964883081278 2.163662441391714
2.6225569674728773 2.7551627621261763
2.518406629864212 2.526821595931583
2.9581522514379803 2.208443307046478
2.5768718947097344 2.581077219893161
2.849048331551583 2.2204106628167173
2.768829035328495 2.22373781684201
2.5686526890498995 2.552382465165681
2.6882156699614876 2.1854385209341434
2.7146407490157336 2.1825544756341895
1.7154429288640451 1.9034408475331432
2.951304829868935 2.2190035977564486
2.7958093004546534 2.148862315622148
2.850770750979871 2.219784708437111
1.6298468445468464 1.557803983623365
173597.77668051267 1.0376652617827664
2.9895392562215775 3.0189462464378263
1.8070792601333636 2.051760065301058
1.5884579921733613 1.6069968940963952
1.791142566135595 1.2059006641934655
3.7992770489754832 3.419990939116165
2.494749568317814 2.6604902627546307
1.588709841774129 1.6900845168137826
1.789451403264944 1.1972251770894162
3.79450981070726 3.541142220930195
2.1730534138947837 2.2140374424671614
1.6051826524693082 1.7369339817783447
1.7963984543178473 1.2139536645913553
1.8508089541231714 2.0677405697405224
1.618623296761179 1.7198609135463976
1.816900362647139 1.1934647766460778
1.6721597218089452 1.663431421589935
1.8477352192931007 1.2361192511765742
1.9138246867086153 1.2573636054881887
3.959030376174479 3.565802951276609
2.2735336281460667 2.3923448363009223
1.585870970016611 1.6956019145105086
1.7860695335193615 1.2019590871686943
4.660710180548778 3.9315762692137906
2.640116081671245 2.7691598564168673
3.182083952296575 2.6334418920294054
2.6239183566602637 2.7456855284159216
3.2027072155207925 2.4168547947885477
2.9340732436261554 3.003632967298472
2.290480750930194 2.4529670622362176
1.5734239811053397 1.7068177523345502
1.7816506437788289 1.1975575847591804
2.5738221087107127 2.7435590361416535
2.9687102976527866 2.3942131205778465
2.801330966573208 2.3903644393540993
1.7462655275831125 1.9817785757761806
1.5563504356874431 1.6679618496424145
1.7715603753791944 1.2230031260859286
1.60312776424767 1.6423221260174465
1.775359640303665 1.1901362257287778
1.8341003438431187 1.2617897574400974
4.097279175700815 3.5279787180319264
2.54438817574471 2.687703718044248
4.275513416450339 3.691304249135805
2.651639666850053 2.7584281056144357
3.0543488819655873 2.4806647342063695
2.5489961958879737 2.653658078368284
2.9346319844816087 2.407380899336749
2.7148734323416503 2.183184288049201
4.070870935032909 3.6126584556528534
2.641028201183998 2.7442468962624345
2.9012433927144214 2.461185017863432
3.800112195634129 3.4835767278196137
2.486167014673187 2.646231617916966
2.8380546595037215 2.4657054653015713
2.5995194441999137 2.1963010060595316
3.428360945953695 3.3031944729057656
2.5546131068481523 2.6793974853153104
2.7558152528559616 2.3288280689246124
2.5598103556345553 2.6882908741650313
2.928336927313839 2.5705277887679445
2.6564289445703118 2.1957358866353136
2.55082338773739 2.6948836379241112
3.060911714715928 2.3267989952607095
2.6240502472632157 2.2514549389438314
1.9421105127577087 2.073411997224607
2.799726304711752 2.28696376565325
2.919310630053262 2.313228931464641
3.027958459923855 2.215323327937315
1.613663258246759 1.6104416503400887
1.8192951692080597 1.2018252948335404
2.9513214642577603 2.9450965570575445
1.8650062330796429 2.046233088298341
1.577833821199548 1.6258623959703091
1.7871341791893842 1.201038959774925
3.2384578091053773 3.0743821602775028
2.1850405527967403 2.1954786838505136
1.576218407989924 1.7116387986202308
1.7921079601392889 1.1962505285264755
1.9229009403246324 2.11403103121364
1.6041583823300036 1.7533321822232302
1.7960923789179453 1.200719533761086
1.6498594300258094 1.6364823356493565
1.8214419318663275 1.2080721785436017
1.9062022743592077 1.2682225815396935
3.4024248961470134 3.207279726048063
1.9974848086840766 2.0534097753070317
1.5729795268740898 1.7027320017884071
1.7745637693614738 1.1929743117086744
2.568571182372902 2.7232375583662227
2.934430369804077 2.4624735343799946
1.853926153603951 2.119815739659813
1.5683885018647699 1.7210632764694447
1.7673478332189783 1.2084500005988128
3.393007005421706 2.5625509183575823
1.5983444557760818 1.6634987439497508
1.7736258154695663 1.1960704368218344
1.8316291498119095 1.2337916988243909
3.1672240017773525 3.0128419506541615
2.5035348062404026 2.671691254661524
2.5044931056094866 2.6745413843694585
2.708376536533026 2.336571293538615
2.496415250853809 2.626406207003158
2.9170461966030716 2.6098248022468775
2.662268396175336 2.329297134834559
1.9337822769506774 2.1153068899897143
3.057163093981047 2.35854435293663
2.7481410008815903 2.3921629381507197
2.654818304512899 2.1735230327193573
1.6005429523890822 1.6789303620298661
1.8078924481836491 1.215852481026839
2.4263861384760257 2.6395015334521537
1.763454854066701 2.0343679565919692
1.5649209133831359 1.6547037663453363
1.7753637331109258 1.1948483639313596
1.8320885362271706 2.056486692313409
1.5711794551100895 1.6947474003239227
1.7695802116453319 1.198347130301925
1.6232231494655323 1.7061182284691938
1.7957184028510569 1.2116408386690694
1.871257881499928 1.2259059418823284
1.785288118596378 2.053946187479291
1.57069188146885 1.681349453359943
1.7744927848355512 1.217212207930686
1.606962907863418 1.6727100234271446
1.777864099705343 1.2203791235646897
1.8370564452082545 1.2434584512129938
1.8646978449263516 1.9697854240116357
2.876265550657113 2.4201722373428813
1.5712944663502584 1.6297325257039859
1.7855811272539812 1.201776301661555
1.6344578032559003 1.9193155632848102
1.5615690513975549 1.6187491400896135
1.7599750423011118 1.196000341164552
1.6035042369244934 1.6379314329018633
1.7560833181562723 1.1971093467811174
1.8514045731355229 1.208165627221071
1.614868893461453 1.6434363722845022
1.7785631089413585 1.2082765033860114
1.8395837011270766 1.23274556738794
1.5604012134241145 1.6068484625105586
1.7693948620531188 1.2166345738776831
1.574163603223519 1.554870853449468
1.7552823296767774 1.2199330939130784
1.8134644056854101 1.2592232568293522
1.8317894749712944 1.2355953059165554
1.760354626906352 1.211994404686035
168073.5871175531 1.0005616851460932
2.8050892099230706 2.3780259819876632
1.8090854469559452 1.2235261565401652
1.988988803303614 1.2739331549369428
3.900254981562255 3.6267624960210587
1.7310533608356105 1.9767245324858624
2.5465943348253828 2.650016677464701
1.8339484346092916 1.2517517313419058
2.7713582603135847 2.2274480809142077
1.817505096419324 1.187260013576307
2.6178171484745905 2.6487530577175162
2.152793289151161 2.2791998544054928
1.8775055918265777 1.961392401297239
1.7777622821724373 1.1861975922091856
1.925491843698012 2.047873001138006
1.8158132521024548 1.2235095111532195
1.8416984716040272 1.2763537511090106
1.7879636977523043 1.2219050138980667
1.7553127180050372 1.2196440838496194
1.5723543172992407 1.675174342567603
2.6796552526201434 2.256384806807735
1.811885355465821 1.225331224715475
1.8585626114343248 1.213615238254769
2.5722134078567036 2.6351387131763078
2.624121892026178 2.2518495366035767
1.6102003417001591 1.6581975780085982
2.6897290815470907 2.1814272555998127
1.5813793249855062 1.531699525809542
2.847654713464384 2.2126134623081466
1.675368730664704 1.9002038182962144
2.943493406961915 2.4641073531524422
2.5549434881833566 2.6808929300666255
4.013775902196915 3.519243154861567
1.573715005095082 1.664005023549731
2.2424183171158485 1.3788895023769987
1.9598156254774435 1.2008875131361656
2.5546092936446403 2.703722240908357
178509.84863086563 1.0751211630228787
1.8397411280384572 1.2319558028061381
1.935842428368211 1.283960852191862
2.8107747342017833 2.310750776275977
2.8562186325675665 2.211842268558821
1.6816027621637644 1.7097673430221
2.6484956985505455 2.4953116526281947
1.5868852198162657 1.6744140712385973
1.7872969725421997 2.05425201359953
2.4684889035025384 2.5202186795414887
2.9485135292222466 2.202414402456643
1.7892914933501078 1.1849767146593984
1.6348845863827985 1.6822646764316669
2.5866431531911944 2.7372765556789
1.7568323799987002 1.209678647248567
178140.3825059171 1.1037105245860312
2.920818568006905 2.5381324828695853
1.7177492110231252 1.6470187298337724
3.892596009548374 3.521047299632466
2.6636958504470667 2.169846173184979
2.8265754255547266 2.6990789978879013
4.032544601313629 3.6109338063315333
2.649016911644005 2.2080299440286226
3.751600818696465 3.4054276127587713
1.6216780553687566 1.6401301394280572
1.6051411636925588 1.7559212300689158
2.9712999029642475 2.3928830221804263
2.9823399291202772 2.4917037006160676
2.9613341940785967 2.2823870858129176
3.6429213761448116 3.242254475236028
1.578095646181642 1.6255532949261668
4.144525964117678 3.678329423321494
2.945243139492492 2.4699791721873794
2.6711301057158137 2.207649880934821
1.9038956199594688 1.2456078735659715
1.8523048783618539 1.2807426172241918
1.9069908542575438 2.0379831944506717
4.195593009532094 3.7430093998508163
2.543483825014271 2.64063531235381
3.646049138990525 3.445514308062412
2.6187003906948645 2.6524293708287328
1.7710196812837635 1.2196111466896857
2.6510772455413836 2.7907837626247143
2.662068827679503 2.7261832158768966
1.5759244942679569 1.7222985072560715
3.844854848381671 3.2806910811144547
2.6285604882092968 2.7766619985709804
1.7802061210845763 1.197991366546532
1.6070816698260142 1.676381162854872
2.5633426869058553 2.6698473849629827
1.648092761149523 1.5480861284639396
1.9358832388263276 2.1081902617608574
2.0036650691663294 1.3233091681661255
1.7756152744921687 1.1956783340619035
3.038691625196357 2.5254203932350334
1.6389475862080207 1.4618096827800602
1.9764648198954438 1.5279855532999291
2.6127951751492295 2.659032718982588
1.9927851811646278 2.2218780886932024
3.964089638488182 3.636234556471135
2.851076340665907 2.6798856292364786
2.7061071288699377 2.5083567794553168
2.573955117953132 2.6013780557859003
2.5156482828645004 2.6678290182347055
1.6254871999701073 1.5793295939699026
2.0274418248615453 2.0486459228245786
1.873387786937735 1.557501180621624
2.663440885963405 2.3082532671374683
3.1086223746399835 2.196492168524491
1.779839039268951 1.2131398660021808
4.7495582200955 4.016094595793516
4.677062599040901 3.93607951350138
2.6597940293958504 2.248286285800604
2.6248419656358726 2.7460543893397746
1.774614460302111 1.2176673442734802
1.8066194601885703 1.2204666664205024
2.279657620535159 2.3964501005260725
1.9439413027227601 1.4570616296951768
3.8046355596088404 3.307807467345814
3.758899334467163 3.596198836651306
2.5971035840428023 2.553072400288455
1.6855121516121336 1.6069036473640868
4.792460282829982 3.8450572565185883
2.049582286597019 1.9950759566525975
1.8287325953672653 1.5632896968765546
1.876300934640925 2.1179744349762863
3.4310874933530378 3.35137068460626
3.8039983409401974 3.27792876158588
1.6581846399057403 1.688390990034701
1.7066164962018533 1.6216362830271658
1.5931405429662093 1.6051491459815157
3.7087025711389225 3.5094185805512983
1.819451686845957 1.1938589675101454
1.6052229062148684 1.7263785553686126
2.5241638550088514 2.5631094325604695
2.902815154618737 2.87157761351315
2.708483032587929 2.7348703546959063
2.704903762100929 2.2221081667071023
2.6115935928576612 2.6251449275387477
1.8012121698630754 1.2221551335347527
2.199231231322304 2.2075433303565286
2.5698988756096766 2.717664500768157
1.8242320748843994 1.2064825741908975
168080.70925647113 1.037366237044875
2.4326585433790666 2.652962332066563
3.877323371243613 3.425821388450779
1.6810413384519034 1.9367178040037567
3.0580540966309666 2.402554424758904
1.7752546506642468 2.031960982358909
4.437450713830062 3.803778565064152
1.6818578834112787 1.6804765216857998
1.5609718957592895 1.6105772190660692
1.6322893274038566 1.4967074243449952
1.7878433709060855 1.2483929638320235
1.804401329544056 1.2288513915733945
2.5699424877706023 2.6885278902178364
3.9689527755818768 3.5911008262749533
1.5749388119933618 1.7063717961787614
2.599095320372184 2.7503176904812205
1.8386972918440643 2.0624456573907395
3.8860097730463123 3.5414795380998196
2.761569351528363 2.2490108954656303
2.7560541318854366 2.3301617022699785
1.8208804516142711 1.2189629937696826
2.658733552125482 2.1931519118288723
2.5496503854368173 2.6004876208607115
1.9313494433421021 1.3957443694532226
2.570539667196238 2.6873932885491087
4.091399662882971 3.75795144387357
2.760346683965538 2.40567551764359
1.788448472448475 1.245225434063894
2.784763211838151 2.2328214987051584
3.7147905360672344 3.521094176646649
2.0151998091646703 1.4621758922783017
2.5998009178863875 2.1967025566620957
1.86755513558097 1.9549112372052833
4.558451615440408 3.76847616072864
2.536963462776858 2.6463096827737242
2.5260260013886273 2.7160062289206337
1.589979742508211 1.6055410361917732
3.805790715595181 3.4940502984343143
1.8806903300513733 1.2555732863918414
1.5609932371097046 1.6720790795292664
3.4028457650474535 3.3402802131859834
1.7691344551824493 1.2063384303726912
1.8481429745996123 1.2454737159036895
1.7796865798812127 1.2194594483199994
2.4932178124103372 2.691152684754358
2.5769415312816637 2.713727842871881
3.785502757754467 3.4666873992672977
3.4890154120432064 3.3341291164269453
2.3139267214641506 2.3638901628379108
1.8613387461036228 2.092428302780339
1.7465321142955705 1.9803227684289029
2.549354512539529 2.7376615126058823
2.7970113423282106 2.14974498839401
1.5772504363720947 1.7131259210772385
4.099145771307083 3.5431600030555637
1.5974148630736775 1.659761282266576
1.8342666830613825 1.1638535038302567
1.8857605231794365 1.2683281535712243
1.7801891053115042 1.1861902975949963
1.8086497887509023 2.0246398031506776
1.8551871255879822 1.2433926136756004
1.8397673300312545 1.536193820519088
3.9549360311958908 3.4200095070174115
2.386181485195874 2.4478559734530903
