2.183726300764104 1.130774315297559
1.4273670155467837 0.4526930024432305
457.083271656457 0.0012630519533605444
2.547263009181619 1.2980354945894417
1.529380814867566 0.5444941881331653
1.1577568079063538 0.026455434899397192
2.7800679552973 1.3069423872882595
1.6158007465434268 0.6497625040351247
1.650466945642368 0.19926430897272457
4.775824379678305 2.8347990327356083
2.5467485905765814 1.2823613751663618
1.7501813330161178 0.7800026586493924
2.1895279589891055 1.0532372547442672
1.9956748977603045 0.8914730442743357
1.530066753929292 0.5507589142319067
1.2544951699969877 0.06101066629849694
3.0433094338492874 1.5480691935492032
1.6801781238045859 0.6969819618594799
1.7373214925375897 0.20583569360399506
3.2057831276543958 1.4166200109194411
2.1760372818436204 1.0434300849596494
2.6753108204346825 1.4593070900699634
2.9082916827069147 1.3900541686348573
2.792340897643974 1.4908925274255493
1.6174182128972778 0.6157522230901233
1.8703349301222532 0.29223692733702183
3.0698080553297205 1.477688659573227
1.7988353622288225 0.83950535038662
2.766762947721736 1.3027363556814127
2.213069150948164 1.10104810346329
2.705263474594888 1.2108181609435995
2.6073100947804644 1.2105474766623912
1.7955090849249014 0.8118937293500367
2.6522690542262284 1.4092359664030254
1.9690483856148173 0.9646999440391093
2.271845778414904 1.1076116640670437
2.212608419210154 1.0192889222936
2.0796579295584086 0.9570284883299203
2.1515225318065827 0.989170356250709
2.5455421451972087 1.1712384857662432
1.9644927853770393 0.7013193410364367
1.6768781121203424 0.6985098770985441
1.7099880139031762 0.0950121142655809
1.8377190979230194 0.5804512070368437
1.4765534238236815 0.11384783094856951
2.853591701000069 1.2865377717357755
1.6727305565182373 0.654428324376827
1.6083623206452848 0.6775873353084573
1.6816630949663294 0.616401940546796
1.6053702290057505 0.11656608316454342
1.8927321973438787 0.7313854329609788
1.6592736506983157 0.172846297908057
3.3042430147074056 1.4029963149315927
1.860048100920005 0.8221603298446889
2.1658173193566874 0.40628033957215487
1.8892293870855879 0.8781016058087232
1.754116454421685 0.7004833234327129
1.772121983609627 0.2743300411583573
1.8705103611486824 0.800655139786715
2.1251199041760565 0.4803075346429668
1.83102561978537 0.9044061316924599
2.8224074827023804 1.3770316477631737
1.7007320966038417 0.7431485045866841
1.7492072230466968 0.8042416983700958
1.8098486386310362 0.8117013989671422
1.6199879125507433 0.664867202652698
1.909587398379339 0.49647346125961017
1.7761070025161327 0.2560501623216947
1.9252109099706014 0.5551692023703129
1.3484030067944546 0.12229194480438806
1.6655586836587315 0.5504420749479522
1.6631029086312605 0.3163693576202532
2.059612228464154 0.3375694961976847
1.5171712278025922 0.17759823049869844
1.9509984021327411 0.8006949974677661
1.5302202569618761 0.19261998952410894
1.7602456878220836 0.6336188394161053
1.8333672430596923 0.3766128121488733
1.7688527084624308 0.6446963441781735
1.7430032954024122 0.2874349359492261
1.7651111678582108 0.6700513120588949
1.9506569186167955 0.4375400947111264
1.6035244335067118 0.6126495548205022
1.74133610649689 0.526923219272958
1.695450084738038 0.2530896571063605
1.7874053798676732 0.6228071498712586
1.3032287661959991 0.12109670045719911
1.6741380635495837 0.5993025722685834
1.1990363234989612 0.10721918414902283
1.4406144131551692 0.23024418355214785
1.7044275153598671 0.6328536936269045
1.2950469836028238 0.12966141793759828
1.729962982402157 0.6886330233161206
1.3652704422711897 0.18547860553385673
1.576868275373655 0.28937999808633186
1.638235283338954 0.5172610649853435
1.6278755057522503 0.31355878086786165
1.735913928542109 0.36660176770392316
1.7257075018880899 0.3280468452115224
1.2374345409406424 0.10783232878761258
1.0123843259986764 0.02079384041964704
1.1414675057518426 0.08615907303679568
1.77450427738043 0.3327112003601118
1.2174053866463233 0.12081544313242418
1.290384463561913 0.1639118650238902
1.519465573279327 0.2727155955436959
1.4525608861181576 0.4312431847199164
1.0111981448702154 0.02364241710360558
1.0054207403606676 0.016488320925945536
1.1876212584620627 0.1149794702659392
383.7830253465062 2.2012927219397098E-4
2.7154088936574095 1.4193713783178779
1.8539288594891137 0.7252694729447268
1.6810614121491367 0.7057882210644706
1.8576893946322426 0.21306344329004812
3.1451973598022525 1.6480797508987801
1.959736105041595 0.9687752202023099
2.7165424468196773 1.6005547091734906
3.0271323898261073 1.4227491933374332
1.6966334842082227 0.6021601010112645
1.7903883696857466 0.20798938126612287
3.882448808553389 1.8169821944827684
1.9561926618188963 0.933734209448754
2.177514493841683 0.45321849742609965
3.1777460350868014 1.780977313754251
3.064882213636981 1.4973702944143474
3.0626316721452884 1.5603036589319954
2.2851795438617795 1.073972778998439
3.13643119536476 1.7607641342646754
3.0087091504877064 1.5302947817653432
2.933757188722203 1.7735002393544375
1.6727356538763698 0.7160767838833628
2.0438703003404846 0.347957271190458
1.9192224485141924 0.7035680508789532
1.7924440107222308 0.2176197799908025
3.300755747440636 1.6990153678603537
1.8958990501334552 0.9340515848517048
2.08204011597205 0.323536136247521
2.231936025356499 1.0523439218007753
1.9516027986412072 0.6801079529082217
1.521233873804058 0.17969892161624174
4.115339657317873 1.8508884992421553
2.0484158058050035 1.0238174424079634
2.085957142185195 0.3191156181519187
2.399285024603294 1.1818725182515353
3.188191223153635 1.4997695573054055
2.1314785951534647 1.0989573321285238
2.505209731792376 1.1498996005583721
2.566894526871673 1.1414734849249306
1.767877960440635 0.6085358673785277
1.77032580062877 0.2846814011151329
1.9869988574465247 0.5527756634299343
1.6899916791642942 0.2845893647552783
1.7236542146312204 0.6996047469938192
2.152511951148207 0.5486546160745086
1.8810800505031238 0.702353757617054
1.582521648448386 0.22231514921640017
1.8193021140519519 0.8264817627494703
2.2181423654032066 0.44399208213421526
1.8186414726352167 0.8880923615241547
1.681600118070158 0.5834234747455823
1.5944008943649712 0.255712400090712
1.6656142350103273 0.6067959449676936
1.5580095877638698 0.264440113715766
1.8673062805543572 0.35173969578231734
1.6371339311975306 0.5859557617909522
1.8150229465265615 0.35233236056876593
2.0289999670352925 0.4460623147115801
1.51301306223004 0.45809949132189953
1.4537009000627865 0.21804658733993554
1.5063772502707804 0.23914333169274452
1.7406502993428608 0.34631024766448354
1.3687699135085631 0.19119668468383633
2.998334122624548 1.4791304588017367
1.9725999678381945 0.9254893285645069
1.8332789036001857 0.8789585620616072
2.794715863155427 1.3243822021509877
2.161079168518768 1.1110041205643009
3.203962835776551 1.4628242607828124
1.7970559223334537 0.8060853059786679
3.133471495970511 1.3823393327514368
2.229617664695857 1.1646250793932513
2.878980556218764 1.431053329162828
2.7888271508300546 1.494373796002782
2.630696599289168 1.310307796777628
2.984600854774879 1.4676823078863495
1.8193636229376775 0.8768413181827936
1.8703108321206188 0.870517565896102
2.1033321764077977 1.0767213348135787
1.970741666116611 1.0180880745432221
2.580756530566888 0.7347167013648286
2.2094737755292844 1.186325329209754
2.561994211175772 1.3058982599978235
2.9498615204638687 1.2459571825204026
1.726162014899748 0.740175679695862
1.7331534147977155 0.786755828727684
2.44513974248783 0.6852575594713755
1.8420560270311048 0.9217861804442902
1.571750467490649 0.6071156346095258
2.0061079274552904 0.9628205359191532
1.9250747752315012 0.9568895500137127
2.3054931346161727 1.132726287621181
2.5751158815842885 1.2430628852943948
2.178072372569761 1.0788563770103647
2.4452172730192796 1.2286252593692601
2.8133980606642037 1.3541430708243736
2.716272440464256 1.3669704640157925
1.8940571909909059 0.9292032149976972
1.9629364949384576 0.9855701206116854
2.2273996014437247 1.1106447631092353
1.7686984864115616 0.8413880937537037
2.214504287645579 1.006111759681028
2.11311851492907 0.9842387983457147
2.1894010857326687 1.0234198786764588
2.441925732194492 1.135585492077935
2.084750599922124 0.9755005864634768
2.1889160325584847 1.1333381495521895
1.4309473565668944 0.4310961294127943
476.5673227916149 0.0013130558806049575
2.553840034355317 1.204412959574815
1.5294577771638647 0.5427985019713409
1.1578493204152327 0.02669169822099651
2.7805834599046992 1.3755579862704859
1.6161874662260487 0.6532046059438305
1.6562639565558317 0.18290395173194288
2.5470134960185353 1.2772138077488788
1.798131966610229 0.7350369646998309
2.190205859038236 1.085114486160379
2.002637465006012 0.8835860224683934
1.5311326724492516 0.5595291083276315
1.2546310410682353 0.06086309030904746
3.0436421169792927 1.5525382484943893
1.6812749118594705 0.6929576601846389
1.7374921292452 0.17396015494945666
3.2058333782006025 1.4184177214807567
2.1799064813115105 0.998256668416823
2.676963753814477 1.4202377942759694
2.948438061974745 1.4165065058382913
2.8651728786307142 1.262600021269627
1.6175925185312008 0.6142940221485005
1.8708642957397545 0.29259827954960516
3.0737852798805796 1.4771146258661516
1.8017440653136667 0.849347545887451
2.769731650491578 1.2979472658154216
2.213150944393222 1.1068493127549366
2.7088319574358772 1.2004970223035332
2.60740056195249 1.2120626012939688
1.803913864403056 0.8090425822109842
2.7484866839416884 1.564576022788774
1.9697318763278415 0.9653382539097903
2.2838411956661315 1.1161081780336501
2.2252103070037537 0.9940739121534958
2.0832891659952253 0.9454449228762848
2.205105928876863 0.9938887543070878
2.5464088525828066 1.1642709466046415
1.965948826084882 0.6979518304284349
1.6888731126753407 0.6676752315012711
1.7109091927358888 0.11375977115837993
1.8418858435393533 0.5744582480317649
1.4766030382857027 0.11383296038703702
1.6793807744002396 0.6533251456488172
1.6085444060479368 0.6774813780973714
1.6827296393749187 0.6153958997138449
1.6059480776189783 0.11682796900109227
1.8973686607276723 0.7159317618559776
1.6594497938915491 0.17738561673642245
3.322100969683383 1.403211996887113
1.8602538549265315 0.8213478845101428
2.1734458778197565 0.39134247205918565
1.889897342092593 0.8784303618523848
1.7545485243608865 0.6987337221391752
1.7722621807275387 0.26839423720263733
1.8705415652842587 0.8187793020433984
2.129199981085021 0.4830190567306855
1.8338894928379346 0.9076993506760971
2.8778799336608096 1.4284974165141089
1.7041543771466658 0.7563792192898431
1.7524777126712499 0.8244215266870574
1.8109466660265265 0.8124335640999147
1.6219071823442581 0.6658877212819219
1.9233705987242091 0.47341123141180325
1.778247462369731 0.23501318337650834
1.9320428549578048 0.5411835266643947
1.3484303042121162 0.12231393486509534
1.6691218584815761 0.5443411817898203
1.666085176542532 0.3232252712473853
1.51724321339438 0.17666857958749144
2.157194274652841 0.38649859288148697
1.5308943822199725 0.18981971434801645
1.7639602130066423 0.6458713831850169
1.8341350274773554 0.37714146955106853
1.7704811592011456 0.6418558042428619
1.7438263107306171 0.28771816160288455
1.7758285190694822 0.631082237024321
1.9520631314036128 0.44111376297540883
1.6052965776809691 0.6076775289988952
1.7513730648030297 0.5726693090686491
1.6957399559739441 0.24780542856601592
1.9663155446357266 0.46982701687077594
1.3035919798566835 0.12106932781052346
1.6801970451085193 0.5952380577558731
1.20104333107064 0.10912454734539496
1.440951929467686 0.2304246727616577
1.296181323707951 0.12588085751288508
1.736845583677251 0.6864796466106062
1.3688158174626714 0.18769161669810874
1.5769295566379404 0.28949801536857056
1.6419413812090475 0.5111480236422699
1.627900438659582 0.31360517249067704
1.7368955332004852 0.3665610575005063
1.2375505417584207 0.10794689944478182
1.0298196773752493 0.02662152888216343
1.1416616571572924 0.0862287640363788
1.9701979723248075 0.48479440463208334
1.2179333024008683 0.12235149610255316
1.2912441997033428 0.16456249284144203
1.5195076454792096 0.2726980651359663
1.0113716465973523 0.023627869771762337
1.0071316731029376 0.016637000911893032
1.187652327683782 0.11499716883471417
387.85573531602927 1.3017174149406867E-4
2.7193102702135974 1.424009865190527
1.8551466360997528 0.7224489963075875
1.6871624769089308 0.6854172613101857
1.858143944364174 0.20566864388469855
3.5315838924855365 1.7218707524385024
1.9651847298694278 0.9820582171412443
2.717119861094766 1.6013680193830824
3.0480192388801326 1.4403709003644858
1.6988785928665675 0.5958203833487652
1.8074816088949919 0.22264016461216607
1.9575570843602166 0.9294026793527868
2.1787106161176446 0.40761435221586384
3.1785669039172593 1.7809662899839882
3.065080694704914 1.5107713197508579
3.063355008162506 1.5451580901155422
2.2879567108723475 1.0655692051379142
3.1374735430239795 1.7628103657921959
3.031630443266883 1.4489133314530047
2.9354297958089255 1.7732510384268205
1.6746825000289143 0.7159175938477695
2.0449963698160327 0.34003532649558865
1.9253455925718501 0.7015323800349664
1.792462330664944 0.2176402137969951
1.9036688704213738 0.9440561426440155
2.0820578595341295 0.31961992690926133
2.232697339221003 1.0200595735376856
1.9889845280854197 0.5831838504288505
1.5248427385563672 0.1683200150528143
2.053838582366467 1.0425249225689543
2.0875616059425144 0.331395930059026
2.3997294615213107 1.1712209944531846
3.2218521853175703 1.5163881794614182
2.142299805659296 1.0895189972899788
2.5117871301570363 1.1903226292333922
2.5790570054237936 1.1266695324626292
1.7816296996911611 0.5954229261666336
1.7710738066602059 0.28471881857080406
1.9922758826910936 0.5430532865903357
1.690918200308153 0.27556440476195243
1.7241325774254885 0.7017495019770716
2.1554730532826842 0.5509351637871736
1.8877209485399153 0.6940774444355726
1.5826664198322888 0.22115074475214586
1.8193814211034942 0.8257513952410223
2.218881364268042 0.4429273859411299
1.8197576852702815 0.8896048385272173
1.6861063616042264 0.5824442976042576
1.594403722314031 0.25571465905840035
1.7525429908363432 0.47964320891471524
1.5588111698801033 0.26913316732680415
1.6472102411351783 0.5705949727672623
1.816077017659377 0.355857834094391
2.0326777774474585 0.45106113846529583
1.513371980842713 0.45814278158562066
1.4538230400015903 0.2181138326972134
1.507018044768176 0.23951683261532344
1.9566638118737258 0.4133236852609532
1.3688529520470298 0.19123460577711243
1.973417866190577 0.9261291042583613
1.8341660830261342 0.8800245697298865
2.8065702822570326 1.315367513508233
2.162327676134736 1.116586354246508
3.2120601901189585 1.4461367922403399
1.7972613541618796 0.8059124737796132
3.136376778789854 1.381530082164141
2.2298171919667484 1.1659323215776294
2.885484972607018 1.4322084234780463
2.7891992455843413 1.4955926564561792
2.6350809253885767 1.3022083579339376
2.9863534458267296 1.476300702504633
1.8242330870327743 0.8744617144081956
1.8703984178620612 0.8714446610990787
2.103798966443512 1.0770177328972383
1.971112580760265 1.0162984987653525
2.6349713710913205 0.758370791260518
2.2113038232894127 1.1807366624855677
2.5661182270107528 1.308247982258623
1.7295330896421794 0.7716643811057119
1.7371031023386134 0.7830435866481171
2.462529826679532 0.6942884412483081
1.84712879194449 0.9253459126981728
1.5721943593097851 0.5911024659736279
2.006806772738691 0.9634190917452222
1.9251903022686339 0.9579204125009173
2.3072489645694665 1.1324561475181927
2.587724145308006 1.194860017914558
2.1788498733117168 1.0668434718291206
2.446034763522416 1.2290215552339694
2.82138932212493 1.3567988739417016
1.894274771030138 0.9310186043627837
1.9631157555989003 0.9857095680373436
2.2367423870846577 1.0998222709498295
1.7697354258357083 0.8437945463882002
2.2153115032796697 1.0026683820387001
2.1151255365357917 0.9844686773738247
2.1978260812032384 1.028658314862079
2.443659460015712 1.1369810344923503
2.0964726671236473 0.9791873114247698
1.4313322398666544 0.42963336003689784
2.2131921328301827 1.1010985393851231
1.6851407250577841 0.6007032413079496
2.1787302055346487 0.4076071489065637
1.833002055049962 0.8786399284373503
1.7325003556911909 0.7231497258658588
1.3351798285354333 0.14059085488518097
1.2124550253547035 0.12777318351323635
1.7152550227507217 0.12535880406763977
2.292800137823768 1.2076435549614817
1.593469331421677 0.6047842002230865
1.9999767669402826 0.8930448481083322
1.8866840997715109 0.22644432702156936
1.8889266546528012 0.7836358205811466
2.0717598364423293 0.3281463348604444
1.260348598157558 0.10843622627811027
95115.52656608798 0.23375909314251497
2.4370964750868493 0.6600108472743744
2.1217860613251487 0.7219512730104722
1.4812401917054145 0.11494873353278501
1.7776531138122742 0.7135334615243987
1.738660029565979 0.7934593656929266
3.2235576700473287 1.5141952851351619
1.8371014922044322 0.30401982679507683
2.227506687671247 1.197085918815921
1.9679898848652873 0.44481881556833397
1.69610633274644 0.7517623344542793
3.776243343594804 1.8144538369361336
2.004605783102093 0.7145874340197481
1.921953673560709 0.9305398976255219
1.298180233172023 0.15268816109741956
2.24014164161001 0.5847869218072288
3.221515577276324 1.5655779124026987
1.397399694621152 0.210442936558953
2.1512697736333237 1.0000820157638577
2.185841247084284 1.1009120476958945
1.764962258463346 0.6442844128187899
3.0676010723541536 1.4973220853221068
2.2697218304936277 1.1503045506471286
3.045402905412923 1.5485834122492048
2.348867794152811 1.1038987809985892
1.6521871782549524 0.30573591801921285
2.495346717661963 1.2996893611062301
