2.84325694399776 2.893651906104834
1.8236615103180611 1.9651212359361652
1.7186260912145064 1.607189222474475
188750.2787910802 1.1108880534775056
3.7154353406024083 3.43441646677471
1.9636747296626857 2.0248331552828764
1.701489855435886 1.646220572509602
1.9184443227383587 1.224598971555653
1.9788333071871804 2.02199880715365
1.669654398846792 1.675168783073364
1.898361372206333 1.2413785653415468
2.8768636406356656 2.800404536004102
1.8134596555615952 2.030193384295492
1.63085642625635 1.6695947370471735
1.8721124939464073 1.2486064243871948
1.7083905955701328 1.9633837709565967
1.6239334455009768 1.6054533965166449
1.835162423477801 1.2568932055045674
1.6699616750951387 1.6060147680138952
1.8404421544462235 1.2450322216979617
187806.19165960987 1.0928592969391455
1.966823269514979 2.046263682492842
1.701657628536597 1.6504731199543932
1.9197598624690073 1.2580592971283258
4.081418921740567 3.599832196784105
2.6699823234712454 2.7208815538821827
2.9620962992619977 2.2456044660165513
3.321273027347689 3.2147314996153424
2.608176080045052 2.7277099927270814
2.9271407760498716 2.34656973525027
2.612001319028699 2.6301213959701752
3.0087244639557307 2.294289141287169
3.15754887526364 2.3214158152730375
3.4353295196657925 3.261971683187551
1.9966249332009962 2.087588337223298
1.67981602138373 1.6897531086717574
1.903762691054259 1.2371011303082295
4.071826998508525 3.593488560468805
2.6061484979759233 2.6872574680019836
2.78489302867532 2.357623782596029
2.612945924612621 2.661808694855393
2.7786713213934853 2.3027031862640306
3.0469151703946813 2.420208054478541
2.7089280439540047 2.8567803120026385
1.8442497580558688 2.006188310326912
1.6478538760014607 1.7020525243513438
1.8765009377130615 1.2279210524893718
2.6382592450478177 2.5592958614063757
2.7876162732217256 2.2045698409283023
1.7370498237618992 1.9773086920727516
1.649720483368161 1.6647947074272766
1.8569683225321687 1.2395692868108785
1.6965211272686176 1.6136082178588764
1.859896348604674 1.2185048498324789
191914.09367406424 1.1161313067086338
4.106280741123935 3.6348467968445086
2.661180121881885 2.6266029538172058
2.962455809057627 2.192783057275785
4.36707748684657 3.7680996552196655
2.661431039341235 2.7397747544582742
2.8000454905816357 2.2809491664437553
4.0173049552940965 3.6551329978220863
2.579159577649518 2.6766307440282215
2.703974174980799 2.2592870363142628
2.524905638942121 2.611559357533886
2.675889942921876 2.211317148180362
2.7533716450948416 2.1300329514043956
2.6688909266032628 2.728959471358943
2.81050046062917 2.2445852922448495
4.210379053725465 3.7131549335486036
3.8716049283719136 3.4696464731685674
3.8858294744300874 3.4614565454097743
4.132392315747046 3.72379730004471
2.6041219521829015 2.7045576571312795
2.8543526813043276 2.2234324673100065
3.9310891873540807 3.3525965527588033
2.526660649105036 2.5754144272050916
2.7576450763431177 2.2666141373877426
2.7942674583223703 2.1760094497272924
3.95310891485132 3.6210030477969424
2.598199763307785 2.6486720813771143
2.8133586390464598 2.2344583218319722
2.5824127871377325 2.689686128473798
2.712939451434186 2.3039264214692237
2.5147997459374887 2.6227075028278084
2.648509898666201 2.2663029977459477
2.7210971239902273 2.1905934290237647
3.551682569917601 3.3569310334500386
2.5960844063767574 2.7062906954374513
2.6989501953972836 2.251589987594455
3.958052035463579 3.4121688772624097
2.5506015009747993 2.6667141597475
2.73581617765886 2.3145229307944093
2.7284534394268345 2.17297723435878
2.7468555454125942 2.922748939143733
2.551362379636969 2.5914935535432
2.7739420824744894 2.2197456119748304
2.4946026436436326 2.5284610982604994
2.8959549681745775 2.2944765270571947
2.962375124269344 2.247891431571577
2.648916203769529 2.6611435661442178
2.690567248607066 2.2103107590841558
3.002487574802997 2.2523199397191824
1.7007546767790893 1.9185863691356884
2.8688833811160457 2.2373441118641733
2.8838609435032203 2.2577552811929653
2.7757976094875048 2.1797653379980804
1.6181586075759071 1.5632434652076812
172987.4997311768 1.0356220047405356
4.221963980339908 3.7605798901916048
2.0063692281633854 2.061016292577267
1.7041566212593127 1.6336718779534916
1.9297404957564706 1.282186255054023
4.283853647905286 3.6985264130361966
2.3461735723232664 2.4997454536220927
1.697789603955433 1.7276353842425745
1.9114724962370826 1.2648906114912633
3.093009407823421 3.106369218411282
2.102521723623208 2.1536377113467062
1.6607766352025766 1.7786980757070046
1.8758453713368342 1.21217263748013
1.8253181790570396 2.0555504733434207
1.6137458134226303 1.6828054019635135
1.8430722962824384 1.2536659648305961
1.6642360475792186 1.6422763025856582
1.8338633290172373 1.2478452381127005
1.896360419938158 1.3059834635996128
2.6577328068291504 2.5157210659809204
1.6912686661803384 1.6916987798238683
1.9173885869945297 1.286682872750394
5.989844595848993 4.456787532261279
2.7408524148226254 2.814573215922114
2.781093811123497 2.417484440155053
2.6428806467066632 2.752476432789976
2.7358397158834054 2.3787953340083003
3.231916484543344 3.1537414446705254
2.2649192593292895 2.386382792013605
1.6647506724927135 1.7339191428385097
1.8899528471803078 1.2464808110359589
2.639429870365405 2.7451852397947674
2.836115480243926 2.193942444513577
2.885957991209369 2.2688983866747163
1.861697226103609 2.064688660707357
1.6477120139671713 1.7170749457411159
1.8671510053016744 1.2214579623048691
2.995747669264696 2.3877500846275446
1.6757643743289008 1.623907630760546
1.8593870727414932 1.2532342523293907
1.9197470389573863 1.278470936984264
4.1287021744674215 3.680730858181156
2.669240309660942 2.7289322706107426
2.9408476173511344 2.3197220117132753
4.181205749181634 3.6773664550324936
2.72129271888043 2.7829793126204816
3.3253337358407475 2.5820766965531776
2.5505483328183223 2.702199155791515
2.6715724205583684 2.217955839133756
2.7467488599738163 2.8267091939825146
3.1973143986048407 2.5239213078402263
3.99737206970713 3.517414353206006
2.5714390308269213 2.674047615490867
2.8333246218954153 2.527180664966078
2.828869453069318 2.206441520924228
3.7011150861032576 3.4556366654566975
2.594974420400374 2.6531458891556823
2.9782392493018737 2.3647822419252496
2.5579302453940915 2.682565375690521
2.8752558513495847 2.419752417024446
2.6261676345528624 2.2099741243559965
2.5820870990452693 2.703580868947988
2.820937552504953 2.4750889638981466
2.6442606930259727 2.229236838925086
1.8361869947447853 2.0070846198388996
2.7824258878628725 2.2317055831568764
2.9550756221305505 2.3634800971362746
1.6148437162079725 1.5979969892755892
1.809986951102578 1.223751925952772
5.768754427507549 4.576823844559724
3.1944201588123065 3.076216307662267
2.030065057974495 2.0959769644320443
1.6893252276725108 1.6698671816856998
1.9113242257386367 1.26072737176887
3.1499473492043735 3.0851967176581443
2.1423232031000605 2.0975083198695565
1.6703488640328161 1.7631250474355664
1.9068308571004673 1.2391279330384546
1.9393646329372212 2.097286278287303
1.6365138055889201 1.7583870798006114
1.8594409039820978 1.282590478975475
1.6565794436729422 1.6763369378012865
1.8401619215512968 1.2239735821877624
1.8980720612775395 1.2852935690623633
3.2686409069248805 3.107664514299481
2.3149265558645964 2.3765259515217005
1.6696528535528592 1.7223039141711327
1.8905093875135046 1.2332392172810591
2.6669203402612367 2.755016297194636
2.8313899809229777 2.3653518684496735
2.8953826259530073 2.309352509144695
1.9589096709481226 2.093349832809619
1.6540002927476987 1.7687804246632155
1.8725102781985088 1.2368145389436949
2.9423034388855362 2.4769845562820234
1.676073005355574 1.691161682501573
1.863260979779162 1.2471392497969733
1.920908466050598 1.2676571730228792
3.3995617452791995 3.2575673644153555
2.61160887239543 2.679713015192803
2.9978803916893164 2.5527968300639095
2.5651145589823776 2.6712431981108073
3.464748379458018 2.5652275061903653
2.6126389088437114 2.2289151601854407
2.586603851651642 2.6684410115549606
2.6334078955765094 2.2100041207094145
1.9566361079011125 2.058593795396446
2.8893924081681264 2.504827789271427
2.8021248015476177 2.3671495670132203
2.7076500262018635 2.216727530090652
1.6210196847346032 1.6832915161631266
1.8233340597336154 1.231309624613426
2.681665252177262 2.797215800270859
1.900419325238277 2.088298392506592
1.6736092265143125 1.6769330766848407
1.8876464299585298 1.2116167406774796
1.8819043980970354 2.0471707155536443
1.6405875131247791 1.7117129262979711
1.8602930613358608 1.248491912171452
1.671022895502823 1.7002270691985721
1.8525388690879467 1.2279164791172306
1.9083734613970598 1.2777901699719958
1.8875396263926958 2.0590951577906904
1.6516845246439589 1.7008915814444818
1.8673825307675702 1.2373704315654326
3.020767651888719 2.262176045083831
1.706682318812825 1.7224560437158134
1.8775802714819176 1.253653756754442
1.9312991934149637 1.266034632997911
1.877671565122064 2.0456112545124014
3.044371786552962 2.2590197312562736
2.8023112529145404 2.202975826025158
2.7741622534949126 2.171786453144496
1.6287858418956729 1.6710397268467314
1.836431797500433 1.2439845501071545
1.7428520142300898 1.9281928228448573
1.6465281633918547 1.61061598245327
1.860789091050806 1.2609673564770754
1.6764972718152766 1.6565194179355316
1.8458506576187412 1.2258875704811405
1.9144166227536843 1.260791278683947
1.7039740454880343 1.7023259524684877
1.8708615877140493 1.2430514579778973
1.9349520947070493 1.2609559995738533
1.6489140100170876 1.6604059831075462
1.836302361464888 1.2285222135659803
1.661688377136112 1.5799089965974593
1.8510377360498893 1.2368367697710956
1.9044091598134782 1.2706230855736578
1.9309695377775753 1.283713029058156
1.8437637577553434 1.2344072392293994
177429.41385878704 1.0559286150009481
2.0114457002945736 2.0340106914884237
2.689674719738765 2.8176965542509493
2.680772567994025 2.320964169219554
1.8291454271747427 1.29549888698105
1.694476116241597 1.681340467798594
2.0100396789665527 2.0264854304168134
1.708455078854145 1.9648246084098557
2.728659729960495 2.2065039741163304
2.9659055071412705 2.236214357363908
1.8646456655120314 1.2432946236182525
1.8804014164078162 2.006714785126376
2.635774730835452 2.2136955798633036
1.9185388878081553 1.2980335510757812
2.595253790799151 2.652066876264742
2.854492755070682 2.3528994400950176
3.2026903192326253 2.5186402348381938
2.7514004407364463 2.3403456072636435
2.9071127262425556 2.340134893773673
2.808490929747806 2.190658167443111
2.781536122832651 2.1960967953638466
1.9369160721219867 1.197929770779327
1.8280538573067306 1.6499357206583978
2.792142917288336 2.3460045293265135
1.7027636769715246 1.6498033416277114
2.5792608201281677 2.676139485453213
3.405226236546361 3.275854771447242
1.8821675111775469 1.2805965909004837
2.8292037732143234 2.316278996144899
1.9154720715507298 1.291566292983551
2.6623250702185177 2.7723846770947267
4.372649409414645 3.6502313943101314
1.8952751760607613 1.2440841766315585
3.147309042605285 2.4466719944416244
2.9898887184998935 2.5506547861169864
1.8445144813262146 1.2540140894619072
4.04013771047442 3.5594086746001476
1.6606377776952215 1.7103623692244527
1.9158396645761342 1.311340636241373
1.9212709797328436 1.270666398882667
2.9078477388588775 2.2626769553469535
4.095077929828466 3.6619915155155462
2.621554151960309 2.6544409567805105
3.0519793435362157 2.51656758558
3.0021642597462774 2.5413773639884107
1.7294970089360868 1.6371458132541146
2.7551651503570365 2.1405724305410896
1.9418024099813755 2.1052579820108286
1.7220619158486474 1.6120338023465441
1.706508710941812 1.6569034512854246
4.081453440834047 3.5998096033407254
1.8902513007784574 2.0557868416011313
2.7595907704231095 2.947091985783594
2.672299767847151 2.7289245701303573
2.962104374257236 2.2456073039367332
4.276431012715262 3.7278585952147543
4.341031924574389 3.527134903978042
3.2652041079876026 2.389430544829981
2.5269012010018876 2.5617535842436143
2.6139237346720927 2.7346692339824816
1.6505313659575425 1.7294518026084278
1.9778881770999088 1.3080635892172905
1.9105562893631152 1.314657487061304
2.6716358058990544 2.217928780137732
3.4353345353950333 3.2668823572992247
1.9113820760903866 1.2489832654215889
1.6715301766157185 1.6934755694989705
197954.6894112692 1.2560238130379753
1.8671189579853085 1.2723143139021615
1.618190639977152 1.564116111870509
2.6690078858885236 2.7363083329592275
2.8883413643451523 2.3030805552747826
3.982917909222461 3.5566368847349947
1.8418153008944707 1.2320567289280757
1.615865659222339 1.6150279634549691
1.895310845794528 1.2161531283022948
2.551400632024169 2.7076508183147716
1.9044455146703285 1.270907171725102
1.6646315048683464 1.731042314966479
2.831223090903043 2.394310199937767
3.973906556196297 3.4152180600356328
2.8523084865871535 2.4176114827343005
2.6653077398255336 2.4672927667416356
2.090951347260142 2.129364076209885
1.9169892762076535 1.2747426530912938
1.6371958936501043 1.759884511920779
1.8533657542388515 1.240657487043333
3.789127664878328 3.5064845701246092
1.6241878124992297 1.689970723375705
1.8460226646236164 1.2197614374236516
1.6774140501358752 1.6572223519872933
1.6332965582815637 1.676536524010283
2.3466925293619894 2.500102705580681
2.879408917913264 2.271898798408847
3.465491053707427 2.565966780448492
2.9007402366313304 2.802874115629248
4.247122666634145 3.806728819466445
1.8499121460853154 1.2548788609528572
2.5741074800291273 2.6766112381844365
2.6614488558683647 2.73976404110886
4.116174819694179 3.568269055274217
2.8023865867287565 2.2046482244286576
1.9498402822092495 1.246352461798799
5.809598553852721 4.609161747346672
2.997944814486736 2.423869503602809
2.7992443416406507 2.6409871960514493
2.743649674199529 2.695191533442114
2.8322630552149226 2.3010205802290535
3.1262625729714326 3.137868114317946
1.8468690724450156 1.249264328437357
1.683590401973031 1.6393148253879615
4.126131096450469 3.573817243263207
1.8442811893732936 2.005670492369632
3.5384633667582284 2.634315416045675
1.6731367878027346 1.6837467978977223
2.705736697223516 2.2103492584879025
1.87265565970627 1.2225598836335787
2.613009430588696 2.6426920687206965
2.6128133931779196 2.6987118273746074
3.5582167982587345 3.36198199241131
2.1494827464623194 2.1012273901676095
2.0874688472271323 1.3886449077752059
2.077934152027447 1.295817827691811
4.025587217099112 3.682124728675191
1.934300445256475 1.2887747476408564
1.7777589817068193 1.7614633594295883
3.134432467947919 2.9583008290933934
3.195367072499645 2.625694154595469
3.7124091772446794 3.491322762320218
1.6812106382445433 1.7031945472423307
1.7020556126709943 1.6465541487969424
3.4378903871205244 3.2807836151021488
2.54193008379424 2.67843747133718
4.148223335322434 3.596717488919367
1.8779969206096714 1.25399481933062
1.9671007959672586 2.045991099937366
2.8634387151946603 2.6602032677917467
3.888496185778633 3.4623126690418937
2.8231956277769363 2.501125511199918
2.8834095686667838 2.32316621851997
2.9890615088026435 2.4294486521651733
2.8553664479601224 2.226835593617519
1.651243888455058 1.6655461077140536
3.1029414219989344 3.0226742904573616
1.8623911721544837 1.2755107736903801
1.932636372466992 1.2723420763765025
2.7918846417132834 2.6988955626398075
4.044910626345988 3.2209185634592674
1.6735182760518332 1.767403462291008
1.8292373699099422 1.687385956089592
1.9789686860577222 2.021660156041019
1.6521770500386965 1.6734093324973855
1.688865882477908 1.728139719910155
1.8685604581260202 1.2463058585510933
1.9877982943481056 1.2148208156406053
1.8363527924259007 2.009565621023896
2.7644685105212785 2.265360146963123
1.6797499427843894 1.6739544078846038
3.004318789873766 2.5213113975615613
3.0186684257199263 2.2630041966214596
1.7065163793602587 1.8148438355038055
2.6399880021720445 2.7561662878455113
1.6988897594585097 1.7040872999730907
2.9546224831435586 2.3223091534803686
2.0036208714552037 2.075638217742085
2.64506075603867 2.7537705912047845
2.634749729469516 2.7269430514606396
3.0173038632178963 2.2922852045515447
2.834092391387749 2.2745991149446265
1.8246965869816516 1.235909980635959
1.6921906422020832 1.6145784243286403
2.5208955131848505 2.5760009883582757
2.9419088787467516 2.796185751278869
1.6609659314949297 1.778343720609288
2.839382764395112 2.648610123264982
1.702138950483534 1.9095792052228184
5.646761921649423 4.280184601909369
1.9410147509558593 1.3717130213933582
2.337258182630022 2.3764642265269544
1.6763430333795324 1.692545182987911
2.7444272143992734 2.2739475186169993
1.6315579326830951 1.6966066362846897
1.6801542283746362 1.7106187729019333
1.7477380280718702 1.9190511342711378
1.6652405220420288 1.6886791813669964
2.8474233093548715 2.20682516754308
2.789024129729413 2.257286422374409
2.663548616318439 2.254364502866078
2.701362705872663 2.2519823341678107
1.8925987208508035 1.251641011592459
1.903772832445095 1.2389218927263592
2.878160823863628 2.9393061974966397
1.8930265455635351 1.2135169358465618
1.8760248280040464 1.210773192193579
1.6513480279266801 1.6575547059531064
2.681370448584656 2.2149744457415164
2.557370117599502 2.5958814890957584
2.527346808047381 2.6203760055640726
3.0409591061018997 2.6789428926130903
1.7099810135217424 1.721839522631253
1.9009697238733958 2.0910048877570424
2.609386588364954 2.7334198606806783
3.253643482411661 3.1723149565643594
