66599.91460995926 0.9629338100425284
0.2534516641703376 0.4862623524822834
0.13094362406293006 0.3007074781304009
0.13050030390699535 0.26810544708831996
0.12849859185758353 0.1970120964090888
0.13510912660717478 0.14449609147871362
1918.7607613428459 0.07962079167610636
0.49085350020372864 0.7238411836657972
0.21458847374536522 0.3671379944962798
0.1725867073818355 0.2524901467681262
0.1542280340209204 0.23997593897740205
0.15263272281643525 0.15416971953993933
0.3882140901399286 0.11490883125006515
0.5881625785453639 0.7993929376528558
0.5937101637381743 0.7682318926134752
0.6056353850814481 0.6144942352662663
0.20779621204058993 0.1735355178369937
0.8129942836682866 0.8209940862614629
1.1155396989940192 0.8264998394710348
1.6528293633814926 0.8016616918725863
1.265621067317198 0.9089771027783096
0.6274594343303491 0.8762159990352325
0.4769825147494089 0.7308503530254735
0.5325930060058122 0.6073893717491965
0.15694976752280054 0.22821643823667015
0.16299071003342636 0.13907879970737225
0.7564208195343332 0.9747105407865189
1.1345210011869724 1.2128714357049737
1.6222256370436807 1.2452801853407647
1.0172452661445908 1.0256068885181167
1.4372732463405564 1.0263344867430988
2.845972939748147 1.750000094611244
0.6863262865475976 0.8401133986328237
0.810071590704742 0.9127616745927095
1.2968384104560826 1.1067802181834148
1.045316627964185 1.0618222122831518
1.7522303116732458 1.3432822688008126
1.0642779296929743 1.0893481313937894
1.4260545183028106 1.0462150322816843
1.7675210872598068 1.102997575628616
1.771663097228045 1.1049109830114687
0.24832089647440955 0.5112012021460526
0.23868703545560033 0.46566053114673284
0.4684752506676097 0.4818895936422551
0.2538941981204305 0.49989882858129264
0.15728278900378787 0.31993337787941334
0.19914480931297873 0.23335408157397636
0.2650236512125723 0.39205249282475996
0.20771723234082898 0.24894556274762789
0.1950975492139922 0.18837579450426323
0.20517240968244965 0.10304239113199905
0.8642650115123804 0.7543926190609946
1.2970411328865228 0.6569506947749323
1.442942889079329 0.7508546421364691
0.36384913959261944 0.6367809962706161
0.19234278201509725 0.30725468375041853
0.1831217702668212 0.24138305809322008
0.1707837963228907 0.15647458926695823
0.46155855701884324 0.7149362137060151
0.47506059927853594 0.6123881088184688
1.2452912197494515 0.9715083353932368
0.12268936095246467 0.29827381393971936
0.2484337217994323 0.3750244652701979
0.24513598342393733 0.2916365582817221
0.2638068894138821 0.40369178777576764
0.1853446473746508 0.19430681676705058
0.941751132615452 0.39043066675672
0.24240836674938726 0.3142229365548664
0.20088340230886748 0.10313410727941295
1.3610224081034252 0.41374139766806994
0.27207065669792807 0.437099893437523
0.24060838600994824 0.254998940915803
0.1781205342848341 0.16222555274150047
0.21845906406996868 0.3278432057266358
0.6430621903145347 0.6260444920005077
0.14289856945137686 0.21522760391263798
0.17187702936216204 0.2336772211923512
0.4648994776602839 0.26115530567343354
0.1311748559988073 0.2163813821617121
0.1387659842179732 0.1536063135158186
0.23114937950156905 0.2970829960082917
1.0415654566603978 0.3557985437431191
0.32903826110611606 0.27349468309779673
0.12430057627396841 0.18787417059298545
0.1256362816138399 0.1414840804341623
0.19302109629059588 0.10454037343344079
0.17491341358593696 0.1399360325602707
0.19625531886290737 0.11015111778961331
0.21973059533806724 0.10554910884016444
0.45282030075355684 0.2886420588634502
0.12403251819412911 0.12498300855546347
0.17291082989378848 0.10760813482678322
1674.4788907674365 0.07867927973205047
0.8282802776059799 1.1115502813863205
0.6732155785476743 0.8714970685210581
0.6813794628941294 0.7138374330211947
1.4400303673362442 1.078188017378227
1.3617955755848947 1.4828967148945047
0.6925314303410846 0.8852969513849867
0.8699799693400332 0.8942241488842942
2.269554600116656 0.9394962023015234
1.4034612854406154 1.2873644102096806
1.359351807406962 0.9727611834924559
1.5766846623664743 0.9167584650980842
2.34175977914033 1.5338653103223052
1.1966642674786745 1.288606474862213
1.859120933748969 1.5765046298225667
0.4235873401396489 0.5738358775144462
0.41471536073879195 0.5821686648519101
0.6113760272067159 0.5455221092933793
1.0449600950638098 1.097758122253994
0.2214334484352108 0.1022451995362938
0.36044515891927764 0.5741963863110738
0.585881090538547 0.5602175766894522
0.2255485075882215 0.10745327213203118
0.44977578987658823 0.3457886593738637
0.4674206546282259 0.26896378859360903
0.8451068246304962 1.0816134263729942
1.2873445264730083 1.1015017166995469
1.1076593748733063 1.1236933367300552
1.2262708191389762 1.0992448125613958
1.699310680636521 1.3099655422610865
1.3533109946897675 1.3159486200162898
2.5733048442250133 1.7389132533927625
0.9250129524237063 1.0617017941302098
0.735421225721622 0.6138843157394416
1.063271886626549 1.0935104945333567
1.7121602653437016 1.2032360377247535
1.5618036676480873 1.0805798103249384
67403.61921470733 0.8509386213837055
0.2590792884506137 0.4905939844529028
0.13120336239115432 0.3142324734423385
0.14022650456843663 0.2729221652100478
0.1394413104278695 0.19838004784953878
0.1371984432451524 0.14558201069148408
1969.8926876905673 0.07974287885719444
0.5170096476740578 0.7841675921450548
0.216552530845376 0.3593167479963188
0.17375043024013592 0.2524673695587115
0.19257653092121835 0.20007330515176502
0.1728922820588594 0.16019543588481186
0.576737538681183 0.13226095121302858
0.596575737443167 0.7986952146710011
0.6563571901216133 0.8044272635876998
0.6117488938813567 0.5635505938383258
0.2101107601143553 0.175536154126635
0.9980525404575363 0.9378723725109721
1.120003715430581 0.8375727945448037
1.5679723505326613 1.0996359635532282
0.6278796733407601 0.881090976816243
0.5568454658627989 0.7017921081445393
0.610187226926594 0.6786984357881571
0.16723193583178636 0.2055609760093418
0.16743349109511182 0.15580863997404015
0.770774327962434 0.9830679003108374
1.17746458027968 1.2529223736938309
1.8618148475070964 1.2972940997257116
1.5624201833099092 1.4983734833785927
0.7270244108543011 0.9324920739548157
0.9265077692053345 0.9153638866892386
1.2972509665200855 1.0915210438737155
1.140385894850295 1.153705099326313
1.7558809402533213 1.2811843622183097
1.0726346760559489 1.0929621186610965
1.6735301340102202 1.123881979740702
1.7836798912742724 1.0438767917554082
0.2519302670898337 0.5146928949768097
0.24020092362570747 0.4232022336014696
0.5123362512803551 0.5820120081161728
0.2542919640828926 0.5006783744656702
0.164725392765866 0.32651437626236474
0.21199566198658065 0.2246502496574122
0.26532053712103343 0.39232239353057596
0.234911050690779 0.2131516510126341
0.20011115448350275 0.1919037858258038
0.2059532160979145 0.10384738636466985
0.8805783104814472 0.7655732343209829
1.6831044763174474 0.7964190878270642
0.36670130433281134 0.6431756175101622
0.19561211846731183 0.3003253180550716
0.18336733036215447 0.24153714460332304
0.1749926127308809 0.1625766681678632
0.4668065329021394 0.7199267122991257
0.6315148572357816 0.7929619723003953
1.42379160226127 0.9121232595733739
0.12451395384194724 0.2978161091593272
0.2754039259971945 0.33967350440285676
0.37546651135886344 0.34936128414450435
0.2794742605300603 0.41875442353150055
1.0377593366194477 0.5861816568882681
0.20121959038411474 0.10278721502315137
0.2744483066051306 0.4351461522385681
0.4711535341703798 0.34773815260247487
0.18033046673088834 0.18141787485097496
0.22391552020468575 0.29778501637153126
0.8922758690259487 0.6369235824362134
0.14342580511897596 0.21817179483354285
0.17662556856672815 0.23689580417889974
0.16414603348307463 0.1956032678406343
0.1534934991881738 0.1597310435983443
0.23488219530724724 0.3009914027008058
0.12614492029141078 0.18869910511550042
0.1809974430972734 0.15105841583838703
0.44251979488611726 0.1185095899416723
0.18143683934217913 0.1592911285348097
0.19668913380202474 0.11264365811446556
0.21988853163174346 0.1055456198533851
0.5265790035720578 0.29563088226034023
0.13967508790562136 0.1100030607996486
0.1743175236220108 0.10846087166556694
1675.0216642038135 0.07869014116518755
0.8283189959258266 1.1115580739788373
0.6739188197305859 0.8720150269522327
0.9550493066913204 1.0988306361505542
1.4526863605415574 1.082437429829632
1.4063202178386787 1.4894401771532628
0.6990582952417419 0.8853065140259979
0.9147901560833249 0.8944480790822997
1.4420428615697798 1.3156936771441887
1.6028610506119705 0.9261882818105827
2.3772384502603154 1.5417290115002549
1.1984058834323577 1.2884004779933353
0.5307213575414607 0.6715007682084153
0.4239754326447924 0.5803432660653008
0.7261702551895972 0.6471511967007071
1.0702607880545119 1.1426682725044937
0.22147277922829792 0.10224124817749936
0.40903271202668046 0.6083931519571874
0.6349075019083756 0.561445223258869
0.22752455494537532 0.10647694156310891
0.537304300327645 0.3723455913224552
0.47376090836387685 0.3243499489813946
0.8599156376277992 1.0778125835365389
1.3205618899942342 1.0993001748111053
1.2246068367188836 1.1525229965102608
1.7001697603850663 1.212236611005689
1.357060549875516 1.3580452049369676
2.5756770615731615 1.7365664164181838
1.1194209032766178 0.9962818360380723
0.8546458807246613 0.8363273819082557
1.0720255140227772 1.0811170046892062
1.8596915665771654 1.3283594023405545
1.6468400215162156 1.1360615451640825
115485.55452556144 1.2832543097634028
0.26454570421218726 0.5061125530831831
0.13146040436701076 0.3134088014588199
0.1417822609592148 0.27297391772856516
0.14101245048259245 0.20039910913422565
0.13741735978793992 0.14569257627063253
2013.5147517760852 0.0802690990068673
0.5226076474051611 0.781896006487337
0.2607046006800414 0.4340210167713593
0.18171520101138028 0.24604478630017027
0.19417733684706973 0.19936219333817853
0.17703588645980936 0.13897023916773812
0.6179616735344668 0.8177093902228381
0.718404064558609 0.8473282706594253
0.6931007824488289 0.6709164610079187
0.2399121494115114 0.19437760481010083
1.2265657402000278 0.9102639955943335
1.1376128236149177 0.7465484401177926
1.575407186361132 1.0791164624813492
0.7243778951564486 0.9835807652351432
0.557157957011221 0.6473332817279505
0.8330450969455452 0.9805339646122134
0.17657244111296816 0.24235657252935933
0.16768289646416812 0.13842043084660927
0.8035442030073374 1.004266894871189
1.654272619863122 1.4692275640409946
1.573783025685083 1.4982899258279292
0.7299203000824526 0.9354638731034622
0.9416891932745275 0.9151509879229309
1.339763817685001 1.1381118020026324
1.2133615100862123 1.2087806448112417
1.924808517822488 1.2796090800484903
1.2443317063024129 1.133464057996867
1.8814447431532457 1.2326911334839943
0.2556173080806353 0.5092883997841569
0.2483232054368812 0.4721055887918093
0.533190648724248 0.5825093138992882
0.25810932558340705 0.5051126963533397
0.21370730740492583 0.3668740822859781
0.2234152912106225 0.22189203986490807
0.26561682712308765 0.392376522611265
0.25639938162802345 0.2865955987260853
0.20227112446559573 0.18208605107867382
0.20597494847314546 0.10312972702005173
0.9441143859230307 0.7542228751157711
0.3667525930449975 0.6432419960810791
0.2124589908888774 0.29566372266161084
0.1900501015104979 0.24734171872366184
0.18587119464374996 0.16811289300839793
0.5260844399495289 0.664263359879245
0.8197882133633683 0.9358077095310848
0.12617675610090262 0.2976640874897534
0.28640413304476453 0.37750714780017003
0.42302699938393 0.47085984524928715
0.20148260278183214 0.1032735658257123
0.29436310364223073 0.43610094533563704
0.1803323754317374 0.1814190183967095
0.23089170564459827 0.33515987090468957
0.25135617163483875 0.3026879585905662
0.17693028306820077 0.23579025914310953
0.17501720487343536 0.16835390088416755
0.1589524315446213 0.1571794226402368
0.2370975079273879 0.3015768666501414
0.14521737697952836 0.20560140659480292
0.2126572600384769 0.1361485290190737
0.1962766005536499 0.15001493306111024
0.19785331626984007 0.11126373689808812
0.22026904502148875 0.10570781576620213
0.14506555223618914 0.13072062140254234
0.17438701402684093 0.10839480465310253
1675.9933638946175 0.07871017259578608
0.8442411104082808 1.080114356030885
0.6812325486770896 0.8849849993970754
0.9584973024537191 1.1072715498642474
1.4629249971599627 1.1276040780995817
1.527292138316681 1.5631792110273621
0.6997083347176364 0.8678884815544101
0.979719683516788 0.8719673182910676
1.6164858996624627 1.3596348508659193
1.6216941158363714 0.9169664469254943
1.2388421474208944 1.3263393368622614
0.769452020446129 0.9843742618133888
0.4346734652212525 0.6094940486693429
0.7559307518653358 0.6730904928988136
0.22162113067926478 0.10227361015473274
0.4351318540021916 0.5986698482826129
0.8560927460759541 0.58478002900625
0.22978382846735046 0.10745364681487118
0.5833813377488071 0.5524518830715541
0.5352835047909674 0.3505427136796304
0.8840009962886508 1.101456564241849
1.365627805260541 1.1249226727872994
1.2929342230173828 1.1549794758085514
1.7515722266853562 1.3265809820402839
1.6008636064667008 1.4709145603954776
4.032053835808741 1.743639672289147
1.1675521450503359 0.9962611521076544
0.871717471855072 0.8475525454168098
1.0754833503082188 1.0976623939956713
2.0560632444390747 1.4163060458228964
1.6950449919320651 1.1001504578401948
119973.20601069697 1.2966375088330082
0.2804793301433631 0.5436050666593002
0.13259576970088693 0.31622125049989597
1.3809599389788292 1.2597371565981408
0.1434283413658702 0.20030824040975315
0.13749334597278806 0.14574165171409525
2860.7849321846493 0.08326810791088263
0.5516973928533943 0.823420304403848
0.3500984260821124 0.5572302661953249
0.19083340096175277 0.2456082345206139
0.20072112979172657 0.274757049982666
0.19488294692991542 0.1796857952198944
0.7690077970432183 1.0064253273601091
0.9086234829962421 0.891401683032262
0.7626078441548436 0.6702075644728649
0.7142144619277211 0.3764928823065587
1.2838453238131482 1.0253331653871642
1.836290524774329 1.137590151234325
0.8063720818524991 1.0832943847501642
0.5652937379186376 0.699701312241253
1.050820267968004 1.1252238120688465
0.18628527566281042 0.24756848059089276
0.16920536058240188 0.15376024962785362
0.8157218728246135 1.0433920020352312
1.763150106529914 1.525659615827753
1.577670149968322 1.3906055454609616
0.7583851270122312 0.9414001432370449
1.0382893250505534 1.1628027233054403
1.3646434315825098 1.1064490078927138
1.6262296966613128 1.5148346376448432
1.3287446658139772 1.165900501994121
0.2628591472885292 0.514379533897268
0.25006342104634866 0.47385101635768856
0.5368597711295098 0.6538934700740289
0.2618664427231983 0.5084413571540091
0.26071757918630806 0.4013028603025193
0.23182754718829696 0.20352368146091385
0.26662238494874885 0.38996081752744616
0.8192603530527063 0.7613048368312838
0.20272904706898578 0.18211354410583386
0.2059850743308625 0.10387803300222571
1.230883654515808 0.7907816633688706
0.3763854671450941 0.5540894596663608
0.1901168621236056 0.24706084377112864
0.19411522175251456 0.18133690994432472
0.14193385478199513 0.29712531292015393
0.47328515402356197 0.4668409035621223
0.20291010656680525 0.10527923299932924
0.2978252378512778 0.43353585192474414
0.1852648099026546 0.18414409770997828
0.2311254748590803 0.3352065428575271
0.1831410674840005 0.23939613351537364
0.2596938164165278 0.32214646129740737
0.23727623634429465 0.30183149239719365
0.15453559458047686 0.215560595987476
0.6677577126539187 0.21679764113176545
0.19864343711419963 0.11091961922158573
0.22311797309394993 0.1053938851953886
0.16355374124370156 0.15842147723630495
1676.6825541659225 0.07871016638049887
0.8452638784234912 1.0814757581991967
0.7165126721502282 0.8819697339562819
1.0180955478330094 1.102093594134505
1.4651944491638262 1.0977211079376654
1.5943687745991677 1.4577518242672522
0.8008346883511919 0.891600441394148
0.9874135810656804 0.9756659917509611
1.6225827241594732 1.5405138095192032
1.6226311554729953 0.9172448972896428
1.254553779274683 1.4290496036833034
0.7735274222009083 0.9845693990438548
0.6173077675239383 0.566932533439586
0.22383950339363248 0.10218104915529752
0.43567089500657363 0.6307785698946484
0.23003662127592248 0.10732846806144125
0.7144691326269492 0.32367438882761923
0.8870708259684201 1.0744214465167015
1.4163068092301843 1.1023652603189482
1.783384627228614 1.3495857227271386
1.6411234511564072 1.4683591943529923
1.1852206773655882 0.9962826575715381
0.8842233827539949 0.8548531312550307
1.0811995732863142 1.1046003164776683
2.2945141813592222 1.4694494500008075
2.207982623031043 1.1184638887860592
2.671302783048543 1.4425158259676947
0.18681313372276004 0.2478937928856148
0.31193550066560866 0.5835850994942322
0.19152503836799098 0.22376345448446272
0.8181048837523541 1.058164892609651
0.1328399647596358 0.31554141363341087
0.6066515419846732 0.58456416364511
0.2802816800891166 0.34966466406019836
1.4703173414548685 1.1300626778386553
1.5857663926827015 1.5064601914596072
2.1630929100581975 1.925944180101491
1.8973094464987947 1.3599722863034425
0.914791074898885 0.7755937738391905
1.0853517875361685 1.08090407473111
0.23966026127173498 0.11669526021401894
0.40153093853573274 0.2981407097315931
0.6732553554187299 0.3992173301765932
0.8312937073043338 0.7548172583913629
1.1362505403721053 1.0910390468635047
0.1444767790280734 0.14246379310800728
0.21579953170518096 0.18741507521704526
0.8113303509532988 0.9976131978681
0.8132497071295856 0.5666729832082817
0.2770803812314041 0.4944525360666059
0.14484160061975182 0.3047877823475614
0.9524454657267927 1.0654869247337762
0.23936770267292384 0.3046570599594106
1.1895421167485998 0.9903172378244768
0.49585668352882317 0.6129098916814809
1.086721773284466 1.0529260062045631
0.6106903996000016 0.22906456407813652
1.3464561815085805 1.049872981781221
1.9222941163730063 1.367465945356161
