2.6128552900726563 2.75552343954997
1.7437252058836124 1.937050032641966
1.6358481888559562 1.5644405912193036
177127.75241404597 1.0548890248505827
3.9346964017338655 3.6725440701051184
1.926590137909683 2.0248280544462722
1.6294195470018247 1.6293019862065994
1.841016497041989 1.2153710861030305
5.619807929641314 4.590144772363097
3.8771938589052226 3.6968770638455646
2.0339791267808476 2.04608838259427
1.6436174741640912 1.6987347196603568
1.8502763789934944 1.2154255838201695
2.7685367059089327 2.839996148004687
1.9428120356025582 2.0439568026032426
1.6553508626087925 1.7068227035018513
1.8697598614251671 1.2416065546131818
1.8231148848230085 1.9600649999618525
1.6779673694786856 1.6816811099952134
1.8908853409440955 1.2205932115134643
1.7339142784142507 1.6423548450846657
1.9229559635483569 1.2557011652261434
201574.26531473128 1.1477590173805194
3.873394325512384 3.635426623179834
1.8887725140739668 2.032906364286606
1.6231150703375836 1.6375955174071004
1.837324220591228 1.2203420307388169
2.5776681488227653 2.7434821703823706
3.910179173112854 3.593425851292042
2.6145368607879416 2.7245665368917207
2.655305468710812 2.259401692168944
2.636986914650203 2.613733012822851
2.723887934664527 2.2706556479165663
2.901895393879185 2.253519460902613
3.733185931950965 3.6714122416063737
1.9493589769173445 2.0493136025590317
1.61024095188827 1.6968478670342142
1.8295220006948991 1.2489286474857466
3.032963198762655 3.064816168164655
2.5400862138795945 2.709166996701783
2.603118594010808 2.2467359789329118
2.572668563677243 2.7183578533559074
2.669079392867904 2.3632986489960257
2.7975904836711214 2.271666002667832
2.4719544026723654 2.65467509745869
1.8096969266133527 2.0139920316021525
1.5912642251987155 1.6801274555441692
1.8136979701218725 1.221996190987848
2.6286919716546437 2.725921269763618
2.890344699916059 2.4646219098670694
2.80809625257745 2.266843850174828
1.689718203822272 1.969047082702697
1.587778294095999 1.6330422180301785
1.8033541829273168 1.2190358529719352
1.6428430109438703 1.5635749732192104
1.8141665535501224 1.2431154570578662
185235.3212232354 1.0815153806183673
3.2214395559381375 3.1737450219645233
2.516220588476859 2.623441011733503
2.8900061577401956 2.2926999813270017
4.146414619662142 3.74904530017519
2.6022737470092436 2.7363948723289724
2.7171846980347203 2.3467142435915704
3.889627681523671 3.6421659269328472
2.6061620972278385 2.751104308728059
2.991932690887203 2.289837690843152
2.544542951083861 2.6137891277835568
2.8870562955638985 2.291516344702334
2.7804656376610826 2.1963595052344496
4.004691391064872 3.634755366234174
2.5757529520040765 2.7058028781633294
2.6982383069717155 2.303985172545305
4.1481384239193595 3.75731098674632
3.782514015598481 3.5505384686437447
3.837948915527857 3.5154430569379223
3.0450675213939267 3.0834551363259797
2.517293732058683 2.7267796938476385
2.758477844385286 2.512682606608958
3.7118821517158027 3.374506680854076
2.436701230662594 2.566643605430837
2.745833960160195 2.3294509084972876
2.6749287738892575 2.1468742498646023
3.5028413186512637 3.402315675436904
2.5233569011992243 2.6860673256786187
2.8648946900418832 2.252154337514444
3.361531209020444 3.156688586069359
2.5776499377118185 2.722215499648192
2.6271057814420193 2.2800721267868234
2.5394921711218146 2.6901843331116293
2.630526236326821 2.3271241445350794
2.7095184756345425 2.2308387893602433
3.5245046016199244 3.460778771289011
2.558688778800332 2.715710993533763
2.7388172471175625 2.4093974912280864
3.8486688513939717 3.5623875879522804
2.4798867430292186 2.6783955000567676
2.685641004363528 2.3739301763463785
2.6302044578932806 2.211139410532435
2.816771513421568 2.9911572112513563
2.5428119334846784 2.643751240446491
2.7342887438695906 2.2043216615696
2.529754869682722 2.642258013351614
2.4938804890466146 2.6511316832338157
2.8537815949368137 2.228457241950792
2.677105936755253 2.1914046121802917
1.7358351394999882 1.9588793047741095
2.769559950320645 2.25955292952982
2.7645629309745647 2.2543222294704357
1.6271420474876157 1.568336782557215
176863.91654294106 1.0535784028570487
3.2122879215961797 3.1803805925560473
1.885324969665549 2.0545305023909166
1.6229711175200163 1.6595493654480447
1.8348517867802097 1.241354787103523
6.089034492163536 4.865114291378641
3.986449009659797 3.647006856211771
2.222297244919321 2.2252200649043
1.622074543056726 1.7201589797712757
1.8373395667637462 1.2374913401007255
3.2011673507488987 3.158912341469574
2.2010412178044114 2.1895908245545974
1.6376760585464663 1.7566714778387822
1.8414596422892524 1.1952329143985392
1.9258981267195912 2.075759676868775
1.6543137319846928 1.7444292830869952
1.8656890023740444 1.2126897030152919
1.7186194366380536 1.743540065157027
1.8943236930963478 1.2492530242174054
1.967383515147965 1.2514635145082318
3.9028253359071714 3.579347251655044
2.396080792723564 2.6367558736070444
1.610232737743703 1.7006686798390425
1.8288804824503124 1.2409852876590843
3.883569896364291 3.605118652693407
2.6627557944037337 2.8173143230086195
2.9144623540554724 2.704751808025109
2.6294009298284764 2.7727923883528174
2.790905186786992 2.4863641286353206
3.0212272883451536 2.4064303613524314
2.957432265497122 3.074155950468871
2.0624382052415875 2.1753730071862907
1.604661500875284 1.734942769214289
1.816134784882908 1.234282266647544
2.554902458996094 2.7326930916796117
1.8065022131191057 2.0577836530955866
1.5847799886681566 1.7067594247598117
1.8029139021277119 1.2038930668859316
1.6223863772888616 1.6563543260424252
1.8057272052991493 1.2451033712322237
1.8656439344416715 1.2766074946980874
3.98701494992002 3.6709059508635207
2.5529309131665263 2.741872977479399
2.96945248313029 2.2169623079506815
4.099946821688819 3.6282932281836766
2.6829001449604655 2.767674762111512
2.5600633684273912 2.72666858670601
2.8269005035517227 2.468463171467535
2.661935425329278 2.2314359471073555
3.9639740104370333 3.715237972051198
2.649884603770938 2.806283790460992
2.672915678816409 2.350440333392109
3.6998992210019614 3.4953568254959304
2.4812359251717373 2.690921492129559
2.681911813096106 2.5250895050898476
2.5830832383469335 2.2379600668199053
3.296224304634959 3.2785946383051936
2.5328637109611924 2.716783549314341
2.7127018374030842 2.3629098756783415
2.544911787256913 2.6800919992229497
2.873060784283603 2.4706566303217006
2.6232188451240064 2.2705651727281007
2.5298653530566666 2.742631628962937
2.69744184065104 2.406325857054011
2.5555771788671926 2.2695769857117334
1.91096324380183 2.063538149769994
3.173553839311787 2.3622755927927477
1.6162282049717325 1.6475140754966744
1.8279713209219235 1.21088476868747
3.4596281663264405 3.450367195910021
1.9200440829868612 2.0523087723847366
1.5983887151010348 1.6840948510790492
1.8156621102745918 1.1929848745038025
3.038458673372847 3.1252942383873332
2.0695949361831527 2.151936194973104
1.588303044117318 1.7344447773988463
1.8069160662686925 1.2368120216709928
1.94540232143382 2.0944537779602563
1.6083247718189504 1.7664333961755292
1.8095981856081909 1.2078013622660322
1.6606299966167908 1.7210934142393344
1.8485656898903873 1.2318485780631545
1.940286146736073 1.2773438122454195
2.8548609832043494 2.898374107534081
2.02928206031838 2.1658427277360066
1.5797855088076556 1.7312334850660833
1.799908656446029 1.2406428876741304
2.5287330506289836 2.754769007849335
3.010698612533318 2.6830219120574075
2.8118624406772628 2.423855387030724
1.8794774121994702 2.0692393977679258
1.5712456321125483 1.7468459357656505
1.789164338591463 1.2274913930919078
1.6028373248587529 1.6955293606623885
1.7930140197449602 1.2365533252127665
1.8578394796183404 1.279875981136847
2.9767929142935845 3.050953893564349
2.4497762246659454 2.6887300560912153
2.9152082469336036 2.4842007540381434
2.4704074052166813 2.670969896604298
2.959607749872415 2.5021637258633405
2.608509057916092 2.259520610592748
2.445027176345553 2.6912313602621882
2.772089082984222 2.5492530022767648
2.54025826913925 2.1521934728032766
1.91423783510812 2.0588119640142644
2.683950853683098 2.4259305907062254
2.788735406797902 2.5071535085228684
2.5738530612905968 2.288793111852978
1.5882739868082973 1.6761352306842003
1.8083568995896862 1.2208890597181776
2.342143769784954 2.5984854485249973
1.7694636077229404 2.018190724550161
1.5547083991812536 1.6810439899032397
1.7794397185457544 1.2331387468483461
1.7788253232405675 2.0256198594510315
1.5524886414750383 1.7179777256698496
1.7726009574127222 1.2234159093571797
1.6070653457338215 1.7123388399730317
1.7874056076132117 1.2267486263744052
1.8847312748308085 1.257424062508011
1.769419334513498 2.0406160514047103
1.554826102899499 1.6795525591600209
1.763441793729438 1.2064477580610606
1.5887772691197037 1.6885714413604753
1.7738875800603473 1.2256897646258094
1.842879024653346 1.2531424866737646
1.765554253786648 2.01186525299555
2.6587089994791446 2.188089970190877
2.8573119903800315 2.4301695184172183
2.7222604137495376 2.231088636874902
1.5628927826825847 1.6805409600136385
1.782552913781605 1.2497284624806269
1.6238034109950252 1.9020320891709446
1.534654847774581 1.6323707828008602
1.747811454499801 1.2184454543236287
1.5715641541524605 1.6399986657385128
1.7380622313165377 1.2113512554588666
1.8252733866888673 1.2610169959311448
1.5816627254439448 1.6270180529486997
1.7565172272801601 1.2161677594721976
1.8230672000174435 1.2394617362591343
1.5339191342761433 1.620317450109938
1.7563657284743892 1.2159449338963548
1.5423063436969546 1.5480199529708645
1.7345432543151085 1.2227728363488364
1.783772622632982 1.23828786865842
1.8083231283427241 1.2688249187687641
1.7319713744964038 1.2190375731178582
165106.61157554408 0.9823035801340939
2.686590380082327 2.386467826564299
2.564194683625794 2.672482823986042
3.39458016575166 3.2969537955094133
1.9201230970276089 2.045564881837403
1.5895246270161332 1.7567231813001585
2.012809518678216 1.31749820288711
1.7931128609854592 1.2386433060283528
1.8797827907405287 2.106885008068797
2.529454248787367 2.758280487853066
1.6085654941591168 1.7665674554342705
1.6400043504738566 1.6546042879961205
1.6628291595587528 1.7038836529922836
1.6878076445590486 1.5264183852081568
1.8183775349974214 1.2229934833291118
2.754317974111416 2.3742842864954437
1.579243111168643 1.634392492055918
2.5861479758922346 2.725115080214062
2.768986051253843 2.8416819465435013
2.804961777321008 2.2840710770917925
2.6944041342348517 2.6403716484961306
1.8374301168940534 1.2137245229824996
2.8731302830952328 2.695604811673734
3.7324367266895715 3.5042978736199615
1.6477721122166034 1.9991484468648844
171077.26536986732 1.06222929234482
2.49446814697701 2.6533636500575306
2.5242293977859256 2.6772512014331893
4.4393029953154075 3.9465160176901835
1.823419497030693 1.9584921116901288
1.5549554328386115 1.6795568638326437
1.6237762365405035 1.635516562756262
1.6568092189654047 1.7072611825177
1.9499448910385664 2.0948076304561143
4.008975149667539 3.6041810431607546
1.6046693041508981 1.7348557969135228
2.8550988540822915 2.5653990241912754
3.0246627743383288 2.5530387851292886
1.829669096388085 1.2489439095652863
1.8856599378017807 1.2747277048841819
1.6554348253861217 1.7586042839084772
2.481891113531822 2.670162763397125
3.2452978400670345 3.206167032041081
2.7660447099523573 2.519050229650346
2.685392799958414 2.427363282373237
1.6317231075188627 1.6481978365846564
1.8077275177102097 1.2399641182470977
1.8388777562932466 1.247441500960171
2.0383338700461424 1.3584051183158217
3.9130015744818007 3.6388441971127947
2.8365850628928415 2.508849732058767
1.8393121473024274 1.247818539805952
2.7034940482646177 2.6298749221957283
1.7800387669652558 1.2138309092232618
2.6791761981766333 2.2727238744176574
1.9576182706801273 2.0180159753326787
1.9445149934184527 1.2656253810331277
1.5895887074055945 1.6881088063165142
2.6011701133611758 2.6895706532730737
3.5151228387026796 3.282089428204523
1.9040288505636558 2.118523668710256
1.974903414787291 1.2619713744148107
3.204364959712569 3.1657940833904483
1.7895020700538786 1.6330442759374368
2.671618664704882 2.8717583892684395
2.961777753241435 3.044120364058005
2.4831892525458095 2.6941425091695823
1.6308066438424156 1.6886324069688214
2.9031229112170505 2.6469938100524386
3.0492890270711377 3.0407129392631624
4.12719166907651 3.5592667773697837
1.974494120006666 1.346735410720906
2.6299263415082272 2.666409994637573
1.6395341989447223 1.5524814358441694
1.8420040005650016 1.2367147839557127
4.057406309697414 3.740585426565917
1.6348516532715078 1.5775043887609543
2.952906403157245 2.2355067450572044
3.903330686341188 3.666966569541695
2.6067860810209433 2.748360967017329
1.9486978106274078 2.087038089412371
1.6961023769449977 1.9871808455076172
2.8733052547530002 2.1673009246468418
2.1428853328214608 1.2798009826041623
3.3261445010467625 3.3338061298443864
2.724901412808744 2.121480365140371
1.9545222462419356 1.4323188979191315
1.98992819901471 2.0337703808436713
2.6303064084335146 2.2103698117054127
1.8911665455345825 1.2205364758780353
1.5408041276705386 1.6183873847487962
1.7347762865852134 1.2195209099233377
1.7342390630754578 1.8376613366154793
1.7582090864937139 1.1982993721776587
1.5424209324717943 1.548172397022394
1.7394978594082935 1.218239439163418
1.7302927017088354 1.8467485389947218
2.7923444298321236 2.220167744097144
1.6779953925724458 1.6818970554495016
3.939069525502278 3.6950444802488267
1.8909005209013574 1.4247443916469378
3.0297375409303946 2.3704451767235346
2.0672916977778506 2.1099155585607465
2.5700294106079355 2.6665799450434085
2.987037979587519 2.287154330401502
2.482867532460681 2.6466373349721426
2.6402119777456203 2.6020628144091793
1.8866341004465155 2.0244682733251613
1.8052261916651977 1.277580017797178
1.6290413853186747 1.7018456012958472
1.807075675218821 2.0503349551929517
1.9284983695485165 1.5864051855367627
1.7340509410761427 1.6450223254474505
4.385488275311202 4.019963801976082
3.831891253534137 3.6022189312928488
2.5232418574783515 2.636335379908157
2.7718521974176618 2.8929442493076127
1.8789366113224357 1.3072225716425372
3.890363528275828 3.7068888792549486
2.446822481976156 2.6915960883446735
1.9207542292922313 1.345878688293289
4.12356963938572 3.785777883577269
1.9842348943513195 2.0083638975305327
4.023564819252851 3.627539464049744
1.6259704925667533 1.6443621105950197
1.6238303947728356 1.6943204800770995
1.627792823694967 1.6910278923655064
2.9795290531603866 3.0571433205736938
2.0345162815018223 2.0466322318484678
1.7568906038522087 1.226633764516519
2.801104878988163 2.3117935177445093
3.9876960414322946 3.721086432391877
1.7437474700762534 1.9370498200742863
2.6148073123138555 2.715989728457626
4.170740491888876 3.8305951773961975
2.5896872860935445 2.770435749700595
3.025255191728711 2.4685952245707155
2.069885262605816 2.1592483241777773
2.7534093531175983 2.250147842497439
1.7809926345887637 1.2302547718212926
2.627101699462412 2.7622374275516073
201586.06687888087 1.1489614320640673
2.548356210699891 2.6329258408966227
2.8719799845623184 2.564487825784732
3.9092392013675883 3.5806880517290494
1.7789094742948275 2.0285381051679066
2.7127018658062267 2.3629096256962048
1.855986380215212 1.3195042824480814
1.5722233512526964 1.6455519063538577
2.865089254425311 2.249526201978836
1.7638796440240498 1.2058752715464323
1.7999820223860405 1.240186408079609
1.6195460439756477 1.6850160514404542
2.5870037416589957 2.2377482894004865
5.714224051913841 4.627373390607895
1.8768691562190725 1.232235471414826
1.816240106208034 1.2072579861428658
1.748376367891614 1.2089851910585816
1.937762229396161 2.0872024418887674
2.716554460172271 2.238036329283981
1.784054756783195 1.2450725063537875
208443.40896595875 1.1254266622454454
1.6079335468953926 1.6830802832158285
3.636279217563712 3.4820384153444026
2.6575181065256 2.255986582340764
2.5624592918189757 2.7140693715437036
6.2355321019346865 4.949080388472748
3.07683036539482 2.765913534227532
2.7781154800540886 2.519621732147676
1.5569164887106717 1.582603347004965
2.4819172889981465 2.5141349718315986
1.6254174820892522 1.6409336863734687
4.000551945571958 3.6979111057117677
1.812736527405193 2.007193171078717
1.847673935980814 1.2508424090989216
2.9970392793219474 2.3111324797358708
1.7750583478673727 2.0422503155085137
1.9450926744888961 1.43614219150661
2.6979173757263233 2.7865403156312643
3.7761876902610787 3.637345668515234
3.7380199158126137 3.343633037793748
1.8335796917321536 1.2941613908062288
4.168103070430507 3.698975731342135
2.55707893493251 2.2661250288284265
2.780614416944382 2.196134496843013
2.702033522953892 2.3998005123213413
2.516096000925852 2.6857252491580463
2.072160368376661 1.5009335832904904
1.638328335151303 1.8257167691095832
1.7377138408562958 1.9729453908655643
1.5525430284317099 1.717973260204991
2.7978899851750736 2.2644759425463308
1.8123380779314737 1.2616927906332334
2.6078504891497043 2.6351992060762632
2.5857293591828063 2.7328812556409856
2.2630492275416527 1.2773080927564457
1.8462718793606496 1.2557630823393326
2.723514280857175 2.808984933515524
1.868963679238105 1.6764228187220471
2.9161467032467407 2.232924509415722
2.634420941059315 2.2824329723181984
2.727383107336179 2.554566000013903
177120.71636097357 1.0559346063056927
2.7114330265445403 2.2303817353018087
