1.1111509370782602 1.5794288595466703
1.0370469230482895 0.6624540231558667
357.4881766555201 0.0012248886121237756
1.2139380858127153 2.072833275780439
1.0672455726229133 0.7643857447545155
1.1321324835265245 0.061604954216352426
2.3973139955854723 3.2632785261865003
1.3326990005837802 2.12415657408248
1.0264831999576323 0.8797507028755156
1.5223142199417963 0.25793230298239717
1.4325191387971212 3.313383887079502
1.2455713127568118 2.100482584200954
1.0758631701314003 0.9261968552840232
1.1193030839421927 1.6337044691845248
1.2833325604975379 0.9531639226073932
1.48828968861973 0.9518486671125238
1.0548928187037567 0.7795764294979286
1.216732638751406 0.110662730719717
1.968885260709579 1.9582016054137303
1.0970252230178432 0.9548518513904611
1.624081161778681 0.2585380437992503
1.35303156565182 2.488101188019979
1.291533035811864 1.1780632540423022
1.2301484314953615 2.075445011938557
1.7852538374572031 1.350399568992406
1.6838291546059456 1.9300102729610267
1.0462002531156829 0.9004306696318418
1.643814183883911 0.3821826407763887
1.7323491942616744 2.031981370481553
1.067346112822133 1.096399546763902
1.231560352810356 2.2612179166914785
1.215607173721403 1.1906025331735068
1.6858729492744424 1.2995160915352624
1.9121982546144245 2.545335550589405
1.1771868786469182 1.9910885612627744
1.0485497616976631 0.8781519223442567
1.225745656321842 2.0459324772574474
1.0795466196914172 0.9987386383260037
1.3722587116654779 1.1118361375518153
1.132928728609692 1.4485174523468025
1.2933179594905782 0.9654173551332297
1.363290362063221 1.0157208285175099
1.51874467469287 0.9871825782781538
1.465842979510601 0.940872518100917
1.148093725724211 0.9286603151873885
1.6035458168300554 0.18233774030141742
1.2982166097723193 0.9682130698286145
1.3804026995464782 0.18609463579278931
1.996496969355464 1.4403949331876267
1.189704653996147 0.9756574223763561
1.669403321194045 0.4256573648255275
1.0106353608533056 0.7840981668547926
1.1486472082111343 0.9535963967413215
1.4742362757311742 0.18751731546060668
1.2973480399518413 1.1144940481270258
1.5390798817552191 0.24733976016133702
1.3017539529726692 1.0128616761507006
1.8793879754880805 0.505527384081874
1.082440620959152 0.9972118388289339
1.2284299105266958 0.940114910574132
1.5989822926174695 0.3336373048404358
1.29824167515513 1.0293197393772888
1.8412256732122747 0.5249186582860286
1.0549297674444396 1.0659006306193395
2.2326633558029525 0.8604958513525272
1.0691144471168676 0.9864890813081681
1.0643660032936912 0.8915894689665289
1.0974908447214498 0.8419664209946821
1.0610238378621326 0.8632569957734432
1.5479228460926064 0.8558583562923541
1.6019431774071418 0.3178808050516077
1.9913547279874466 0.9248977512017476
1.246019838348635 0.16442100635212198
1.0737515035198053 0.9266131629799168
1.461561206171438 0.33451837656371786
1.6920052670497592 0.49769793076299096
1.5760023037099227 0.7456657184845252
1.37277935702637 0.20176318957873546
1.6390946163718614 0.9517731137155028
1.394551350701874 0.24266967373763493
1.312031615627893 1.145978840615594
1.6049987317335175 0.42210665810764286
1.880437317880606 0.5702478668328133
1.6333535536868102 0.5539891792138356
1.5489267080181905 0.35158170617294593
1.4180428144074606 1.122768292400615
1.677830517446847 0.4755810240417169
1.8712427365907018 0.5937563161985883
1.1342413813499443 0.9773124082842861
1.81987594930873 0.5842706723834361
1.4738508490193758 0.5516027432520559
1.521032358166016 0.2884377543730178
1.9268201297260013 0.4588950805745315
1.2080399944646067 0.15564998588307924
1.7788206523337062 0.6837277265121944
1.1174057102143897 0.10474012355543517
1.293913320527483 0.23519581312114768
1.6925484733332175 0.6235150777096888
1.2081363760391037 0.15206574786864063
1.5682333393854337 0.8262303495660666
1.2676122225731712 0.19595511393106393
1.4160355772865103 0.2969266585772837
1.1618413016138271 0.9007465324872286
1.4475864676781862 0.3269081604417004
1.5296919725100757 0.3764861156291434
1.6647997432282609 0.4801931095993555
1.606204788947731 0.41457219125804773
1.1507001927442557 0.13786621509011215
1.490578921928633 0.5744571020894707
0.9795532067389731 0.030235558150598463
1.0596067436181866 0.08609059081562033
1.4786572609835846 0.49634962463792787
1.1431948548474815 0.12802217259089632
1.1946623974739132 0.16682756883340616
1.3643217814158424 0.28258629537231233
1.1961479992038933 0.5442161053348191
0.967451175969586 0.02406411103699714
0.9540888848914336 0.016102725653783175
1.1163710237503117 0.1260981190294839
144.94762154267184 6.855980060649241E-4
1.2646051657765855 0.9146700111552909
1.1167254703755303 1.005494752877667
1.6979735147821682 0.37078770874706435
2.1260297219852156 1.7534030507414111
1.0616067545290706 1.0971618212117118
2.2164027214467925 0.4744242962238283
1.2733829921311626 1.9964487368940258
1.8484573464824858 1.50195163208843
1.2560170436096176 0.8260923936896
1.5993790754537343 0.38503112907212445
2.7051227698252074 1.9775317074867333
1.059982632692385 1.1658300049158776
1.8673026448529826 0.48742697514631717
1.7441106799796837 2.0495617875653855
1.753319704767099 1.6332227789276164
2.548792815315795 1.8304123684402507
1.8288718448223285 2.0270953853028395
1.346370552819299 1.2504734997757936
1.7671784690144858 2.0260673290184235
1.709977000355018 1.6052929468450257
2.2452279820971617 1.8491725882963796
1.3403256480028536 2.158416013215176
1.0624158022675338 0.9729026546512707
1.8067329333670328 0.38625320001567853
1.4871641299030516 0.8831786628241601
1.647522054919802 0.31829257758241747
2.5811753400503177 2.0787597164813922
1.1895713952001365 1.2039621122158246
1.8627893235393005 0.4610781141725739
1.3957321304189247 1.1971116114848397
1.5912880095328579 1.1565398882339417
1.395720117807594 0.2233372182811182
1.2135216853344553 1.2736799814828133
1.8889629256192952 0.5119394517944285
1.3342354156814542 1.3743615151171813
1.1073627460776307 1.231874417947152
2.2072455695651882 0.503078852382126
1.3470898087931782 1.3687121531264617
1.6876538057419102 1.3434424897062045
1.5751701703811836 0.6337924136549746
1.5982512835506357 0.3649952409839726
1.6138464108235242 0.7902854183316599
1.520140809352608 0.3385694288252112
1.221107060867333 0.8992211813797595
1.7897922864160034 0.48556448959966275
1.5576419394874836 1.09063870256713
1.4709464293962848 0.2895805796549014
1.393149543764253 1.1049463437391722
1.9170942807364155 0.596082591112437
1.0492813914895591 1.0526008354034913
1.2993945352644682 0.7589896593699417
1.4440721202005857 0.31331091824460944
1.28823188252617 0.8616489484245036
1.4048646490283168 0.28469181964446394
1.612396792562314 0.401690311167626
1.4666744481612883 0.5838016549890095
1.6106279825279204 0.4157227860042039
1.745269065584885 0.510612540423865
1.957823393137569 0.6645965390527506
1.263554429160642 0.5838083814023576
1.3264379418647536 0.24124008456454754
1.3614078288628666 0.26521079681212123
1.535123643521303 0.37768894005247633
1.258322922274635 0.19986974143064673
1.1652616000366918 1.0007042593829303
1.0441839366134418 1.0400302418283651
1.7591643028081227 1.876182132851864
1.159463522598976 1.1392058790082449
1.7274623283652546 1.3653344754564645
1.0506922814357913 1.0236458534169905
1.1530283712148361 1.2477670376791388
1.648247156367927 1.4698376403558076
1.4471469799820338 2.1851059861504147
1.5443701049053098 1.3776437445188692
1.7287491154678085 1.5188413279315864
1.088103150309167 0.9884709688458246
1.3959819581914659 0.9086571582492657
2.1496829141023763 0.7811805619197539
1.1180951002862007 1.114380934471987
1.0616427563747803 1.1279743156429562
2.0483794995691422 0.6766038256166962
1.112552628951012 1.2438598596802413
1.4458278286395356 1.3729632448573814
1.1126571202149722 1.0261611152549
2.065070797965235 0.750005846181167
1.1517172512737337 1.0270220790176934
1.9820067401330288 0.6895548142611845
1.008237400870746 1.0169222978988812
2.204258109893493 0.8032521964086107
1.0962963878885987 0.9526695352363412
1.7908612261064385 0.5542400309496395
1.8479109506345996 0.5765697898657632
1.6490091423350601 0.44784411678103075
1.7262746151645623 1.6203281359796053
1.1549349657618013 0.9951636839899745
1.6336793930028293 1.7701373453060827
1.0381636588839622 0.9666410646455587
1.3803642731494268 1.1347150495505154
1.540074457726575 1.6938362616728841
1.2669226055367773 1.119476912900725
1.4294264458541304 1.2265432396973297
1.7425249037363704 1.3707099005516117
1.8959046194968696 1.4108920963110976
1.0479472244222585 0.9688084947105315
1.0560268011059324 0.9937582363066777
1.291830837357649 1.1503807891771154
1.0018717758807036 0.8702612189959253
1.2247395742822293 1.55070274965823
1.3211385777320341 0.9931947208309342
1.366880480919213 1.0218799196968045
1.5611135307904003 1.1447007597729717
1.290071928589298 0.9757930833497189
1.5274453672141073 1.0002577556154446
1.1126269642684206 1.5799770906220094
1.0430563223228495 0.6795126263894599
400.1135219192749 0.001474882984137671
1.2144798044185927 1.9922313459218914
1.0926557375028985 0.7084502273384738
1.1357219806204817 0.04567055412088311
2.3999580008178514 3.265201418503139
1.6807069940617125 1.8380531101264992
1.0273680906182578 0.891436062248199
1.524876712275591 0.2604406546345364
1.4656192713495975 3.3380525618213768
1.2589702742509368 2.0990576604753874
1.0760938248526815 0.9260023727528726
1.4368417635794026 1.4132278964648362
1.2847268124093096 0.9541968172130206
1.4891396588161088 0.9572264132638344
1.0552425410631545 0.7687037590506697
1.216888599118321 0.1106567670870009
1.9697105050763946 1.9711219029256963
1.3963344440254997 1.2167351220637095
1.7528444325105073 0.17478179428755514
1.5307906383919034 2.3580217883675094
1.3803863272353114 1.184747667981256
1.2771811877803323 2.038589277490688
1.786735257440597 1.3524127287368592
1.7584149026940579 1.7020987965395835
1.0462727860144685 0.9004999230238948
1.7354580368566164 2.0318074679476563
1.2357833337503146 1.0794685559804067
1.3413680859461765 2.311895665043441
1.2243996863265105 1.1969329847379135
1.6924327818532336 1.3038945604753398
1.9137536370041937 2.545006776454366
1.193049083106174 1.9850533478128558
1.4117452697314952 1.0899089643347601
1.239863811744798 2.0463537157132574
1.1530158284742367 1.005992771333958
1.3725315485997165 1.1121251323129724
1.155152706848596 1.6397585177348069
1.3142393140730602 0.9840616506026183
1.3661962221316375 1.0125588210933998
1.5198538607306564 0.9924720709655735
1.4667398617577474 0.9301347952585244
1.149647508918847 0.9235701991262151
1.6037467632449203 0.19232879631868904
1.354167116779465 0.9491261081082996
1.3826414883240319 0.1953241194171876
1.4714615376869298 0.6171571447038148
1.6719043515189926 0.42923797457877005
1.0270432540630112 0.7419717418919618
1.190168451585867 0.9332330545696574
1.4765221078739252 0.1869658216396246
1.3032254509594694 1.1001058965630346
1.5439380585582243 0.25980494275759997
1.309415710790032 1.0083751082096497
1.9178233323958485 0.5560493659739005
1.129463666736088 0.9736738832964204
1.2674077025249502 0.8534542713607922
1.599016284512075 0.3336312670812966
1.3034037090226291 1.0350861735881802
1.8412722146959681 0.5249562647073615
1.066942612291355 1.0592545910701965
2.250015392067131 0.8691375748600271
1.2280794879721793 0.7856231537725002
1.096017609131854 0.9684967947314718
1.170359587141645 0.8921854526448078
1.0732168520842411 0.8764892091476303
1.84212788935661 0.9083711765006279
1.6066840985527189 0.34359044512775383
1.2463377869198122 0.16105092516538644
1.0967978108945455 0.8958203422575577
1.5430906690837025 0.36132792810890874
1.7047454957499801 0.49026585851245646
1.5970347917643728 0.6916188641589465
1.8634627348332713 0.2841659629186898
1.7146545996768712 0.7921999114155444
1.3947920647136165 0.24497162410029372
1.5888195993295575 1.0457727671125008
1.8972584246842992 0.5774901159181469
1.7779265762135008 0.5257439795944456
1.5546910994097325 0.3460877860709498
1.4840175008777243 0.7063564973140055
1.6779949547991506 0.47575620537001395
1.871921910271074 0.5864674265142312
1.2332913790554265 0.6599921216872513
1.8225269088144684 0.5923002639191207
1.572083915419758 0.45921450506474376
1.5255067783026566 0.2926314272797701
1.9765182098345306 0.613590863398283
1.2349280980861455 0.17550876208520425
1.3117928847843898 0.17530003228013274
1.2943580816907987 0.23551309179254187
1.7012634592599434 0.5943196643662711
1.2099567685170145 0.14895212775458155
1.6423922705963654 0.4550162668864872
1.2828610737421442 0.205656109018003
1.4469589912376102 0.3177233505218346
1.5256236564273533 0.5082046327860171
1.4478627950500693 0.3269067260163385
1.551610327034253 0.3900724150843513
1.6682453510869344 0.47384896393549825
1.6689839370211783 0.45050794027726065
1.150841363785565 0.13808940578397938
1.6867656876098476 0.3253762090949755
0.980270234594757 0.030231195077467524
1.0603789629446232 0.08674059310242781
1.143889013554071 0.12901903528405156
1.1951675339234464 0.1739879790795193
1.364352087238461 0.2825711133132107
1.1968532932176863 0.5438627369923874
0.9675695610535241 0.02440162721707771
0.9604041924136627 0.021477511103357987
1.1621074376182536 0.15832361000325726
1868.5483671479296 0.005192475621956816
1.2731055463848255 0.9369599231090622
1.1211017122678149 1.0039090128023043
1.7002943352368272 0.3678666131351836
2.1282774047970854 1.7561835839521476
1.064477280616255 1.0977556238835444
1.2919495615444796 1.973512951168818
1.8532848080709654 1.4662143599936972
1.256166784621208 0.8265734507799548
1.6022931500122435 0.38651526508907885
2.8902539295240643 2.0472999156754486
1.090539636928287 1.1402645822289992
2.064614589745025 0.7330941793853883
1.8262150274733318 1.954710807927623
1.852827000240766 1.5747458716193687
2.6159481814459986 1.6528141837550812
1.9403648230599888 1.7948543640470198
1.6723442003116404 1.488779635441487
1.8630579341786766 1.8539728612098008
1.7143420754980163 1.6052574702635232
2.2495577257738573 1.8390556193102354
1.3736536429646455 2.1755257187496717
1.0628410772690773 0.9722849805663326
1.820362732130231 0.41643559514409045
1.488438088135056 0.8830700433010251
1.6476896234422678 0.31848106349084926
2.5822441734643053 2.0765241593873855
1.2302986506845512 1.2353467139098921
1.8631852161647833 0.4614347625076401
1.3957385417706107 1.1971215163671638
1.7112398289607695 0.7452375752795688
1.407110222811016 0.23672147653022463
1.2194720572257869 1.293649287837657
2.089194177562434 0.6693071812327931
1.3356898114405107 1.3717458876165942
1.1096091502164986 1.2336788064273356
2.250828415609292 0.5048371450486029
1.3737670347751187 1.384340151316757
1.6883246437037343 1.3435105472543796
1.694039525103722 0.6059071476540218
1.5982758796298913 0.36614227542312255
1.6247867870398514 0.8732517553499242
1.547765309208661 0.3767978366686544
1.2532461698405468 0.9094363101888148
1.7899978535990324 0.485779653354541
1.592420180060063 1.1723896664501343
1.4716731015225748 0.2948635786753904
1.3959626108128482 1.1714174135872086
1.9175052845129807 0.5984500242673622
1.0558848130301972 1.051219785122116
1.334324885624279 0.7798913068818056
1.5821361242692107 0.4096066202106127
1.6168781926109175 0.47741499760561057
1.4052088886381597 0.28518963991224777
1.6212081637417115 0.3858756567192985
1.5152481054606945 1.0623358387679587
1.6226199616253285 0.44777320823875855
1.7486466590206349 0.5053332376276747
1.9791809878967692 0.6771457370063312
1.2873794038790884 0.5670915279038882
1.332076521730973 0.24465644589110352
1.3658743367852118 0.26434657818121743
1.5789585130407167 0.4001606305374782
1.258541988426093 0.19949406876357206
1.2315480184270389 0.9846512920948021
1.2004363661474877 1.0142942478247883
1.7598321951407396 1.8750371280371922
1.1754409506378862 1.1597565132866858
1.7315564358176094 1.364153787680298
1.126963127454834 0.9614633107106935
1.1532514071380133 1.2485065425032351
1.6500862263611378 1.4708238819158033
1.4669432613995235 2.1381837871397327
1.5460635918356949 1.3784884665802735
1.7304221187058013 1.5194891347052366
1.1041442996582445 0.9762916110640587
2.172652247046929 0.7952755518919795
1.1224332898298577 1.1129141037388433
1.0712069214562807 1.1202709718679817
2.0530241511931293 0.6674627126913903
1.1143802279894366 1.2437200089786895
1.4481277262620926 1.3712667521282484
1.1256400817563674 1.0098973751857303
2.1075667500038486 0.7690105985055931
1.1671311664900132 1.0410932462318492
1.9834851998240044 0.6629683501519151
1.1062488482378305 1.0047443586315332
2.2060195030854857 0.8057926822405443
1.1114336725430773 0.9627541990867332
1.7916541438159166 0.5544686794198161
1.8488384555875101 0.5830809285988672
1.649123424533384 0.4475460418664994
1.8399340152577317 1.527677518654793
1.1728437302692658 0.9950526919157934
1.677615110518595 1.7106385256617858
1.0430268906882372 0.9694784968615443
1.3830522395010252 1.136332781713492
1.5480252285476745 1.6637853783803835
1.2711638155801088 1.1194902098563753
1.4313507375310475 1.2208090201711008
1.7582027708498482 1.3762517133653773
1.902230234969291 1.3934595319890004
1.0568661171149805 0.9568222727121691
1.0561466419866241 0.9942549043660674
1.29592310056535 1.1540987737965969
1.0021880979192666 0.8750271606751854
1.2531171432019472 1.6247204573253302
1.322873301067819 0.9978962605162169
1.511980795775255 1.043742506881071
1.577709300151155 1.1556463414996334
1.3172734186789727 0.9767446182699762
1.527514313149857 1.0002757004157654
1.4722521477752646 0.20020417772063454
1.6053809766092721 1.4551089578039937
2.149730027617129 1.0946468016032052
1.215139772068825 0.7434993540266737
