1.7917807869059668 2.6290322088906417
1.1179531020874125 1.45087068002399
0.9839217545440494 0.5855388194766489
589.2864204210756 0.0019970726590494148
1.350041846654589 1.937701090529727
1.1068898876515623 0.6915586878778048
1.0721962622603265 0.05295994354107429
2.480698655193667 2.965361231012774
1.2547783135674415 1.9864274510870361
1.2669688007859738 0.9044881009568475
1.5005440512547235 0.2865100668681357
1.4709566555907436 3.0335612481703644
1.3371329425845895 1.8971126635292506
1.2317523337790803 0.9198048969985575
1.2823677537154874 1.364957036265242
1.4079784857661268 0.9427824557073113
1.6407897087719 0.9621095167427616
1.9302586152889833 1.3083848473622628
1.035848100520679 0.7256368601639583
1.1752540251657493 0.09869948932154365
1.7642518453703213 1.9173531758548346
1.1087916415983483 0.900830275397517
1.5746518601548578 0.2601335139780958
1.443689669151134 2.3537496520178975
1.5272635787891575 1.251933262701496
1.183091040306484 1.884704512411615
1.947337000056368 1.3491831136533714
1.5157087749472242 1.7320568335589264
1.0602536508176243 0.7806475385971684
1.6536166863803112 0.4059661952226806
1.5206968086405293 1.9951206578240197
1.139886251160186 0.9881525359397412
1.2775667893160616 1.9213850534548635
1.4252525617536231 1.1994792535308243
1.8596841872511982 1.2725426378751206
1.7441162789660134 2.41927708469057
1.1824374191354166 1.8042546180611463
1.1863454861818385 0.8859977912311818
1.3068481162881413 1.8333608148978824
1.2559547500062431 1.0042387803864157
1.5225961223712399 1.1018193571319908
1.1875342630190588 1.5095104594564448
1.44283697469622 0.9679671858100972
1.5002832986322336 1.0096019045576783
1.6710150495506215 0.9926882129828406
1.4476731662278395 1.5306166792004268
1.558420844189866 0.9466442611846508
1.0076659692662475 0.8517499425838609
1.5957212413715238 0.16193195420088358
1.2525621889387624 0.8904916056394425
1.397972649412569 0.16913456572689728
2.0440322991127022 1.411943098930219
1.1679630431113388 0.9031890885174754
1.7808860644074511 0.48158326847441
1.112510563588157 0.7577026029626448
1.0873566145169025 0.7950977922220173
1.4479286759336332 0.17726526119444552
1.4240536908730124 0.8108414350993118
1.5496814278962123 0.2694991056385754
1.1222688659383273 1.0858460499924776
1.9042480322964344 0.48364583292491736
1.2206967091795289 0.9845893648394324
1.1103868072729766 0.945612096211933
1.6190854651824393 0.338358312171284
1.262911841071719 0.9212858689019784
1.8611953164878914 0.5181856255568318
1.1610847870976417 0.9956692658776441
1.9551949658236558 1.4768080832095762
1.1482023694255135 0.8953530586429932
1.0146804716897515 0.8317085763435919
1.2395280834064264 0.8455772780314104
1.1707293353150754 0.8490556467946774
1.4560070137748469 0.9701440927926586
1.6601107664960209 0.30987519041310435
1.5578376702586383 0.6707579693373786
1.285641684620526 0.1629764618708353
1.3748535794239953 0.6050446932075234
1.5208422054226665 0.3349252872277002
1.2777216781240994 0.8645833907708373
1.3846430323685182 0.20105008946027686
1.5003763467180615 0.7892093759080525
1.4219341346264796 0.25777299279463406
1.5016429185281668 0.8393331072922124
1.6697850231362734 0.4162705999107533
1.9259664159170105 0.5488981995598351
1.1758730890246973 0.9697427915953494
1.5982410024420077 0.33213633749816196
1.2459737202866155 1.1007589931546382
1.75340091371167 0.4977600851747261
1.954815659913543 0.5844719048137621
1.0183395703854137 0.799571522474508
1.214162325117036 0.6677216913798757
1.588599137914216 0.29426566262350207
1.7429167244618178 0.4261684234563029
1.2482719942091738 0.1484017399344256
1.2844421663980123 0.7256092147689164
1.1690190942458236 0.11525632261343588
1.3496729300417503 0.2299673217031733
1.599166703647809 0.526705023295756
1.261610226251463 0.1562350257508634
1.2937347726146102 0.20217938519199327
1.471489098809691 0.3072723883656109
1.0487311887490267 0.8142204961172375
1.501469849110563 0.33114503039509857
1.5879136315446463 0.3888365568908444
1.735634421425162 0.48459786192232657
1.2760782498079086 0.5465503793141232
1.1898591170704895 0.13194297851809403
1.3073346674843822 0.5447906337188502
0.9916217141388692 0.02240517195270865
1.1046844254475654 0.08977884164211113
1.261699213975132 0.6358943196437465
1.169692930248737 0.13033913524878765
1.227880460989586 0.17572071694230007
1.4121670064605711 0.28991693428811605
1.0386949702909947 0.6061912022360917
0.9879596629575874 0.025042145348265578
0.9686894377289996 0.015608382903316413
1.138561840635285 0.12294970329113812
321.6220585849796 6.450298813610364E-4
1.349205252396611 0.8773889007638026
1.064785098170164 0.8092697157473747
1.683457979937991 0.3632085757736585
2.2259983811517245 1.72490713792504
1.262990711484439 1.0801643759831738
1.1914896135578348 1.8981672416307684
2.0392660771214155 1.4799184603376798
1.0801068978340118 0.8010850292719769
1.5952034864971107 0.38216830786111533
2.4340152278203693 1.9886596243354036
1.1535457647736058 1.053460184664547
1.8606339308856368 0.4850161348771018
1.6557973843847225 2.2514497925204826
1.9841885974279676 1.6991160362206776
1.855594690705972 1.6884366312935908
1.5485647787691235 1.2589049616632149
1.4985640402955256 2.0353295744287774
1.9350108373208124 1.6281056529973148
1.236970999052081 1.8226554615463937
1.125688243426746 0.9142098896802933
1.794080742087552 0.4291073895213317
1.472701808500812 0.8093605931884711
1.658360734633869 0.3417852730714761
1.1653555130708804 1.057292937173478
1.8580032730319846 0.4696041626365761
1.567996537003081 1.216600597429073
1.6122381020029488 0.8313542584385047
1.3695543766229776 0.23474742209280547
1.249533665358259 1.1615911720329886
1.9013804562631618 0.504516441568836
1.9539150662389586 1.2775481777504463
1.8432185407885946 1.8155119847604482
1.2933580671987124 1.2125888680473413
2.262570246869303 0.5482069615663159
1.5468124201120907 1.3289656718662828
1.8874573472654776 1.357271967335886
1.2184319943964792 1.0404986879758555
1.6124597955727655 0.37160888522796076
1.605116228728483 1.1292499741364612
1.5439014497871906 0.3285602882269444
1.2482352233018617 0.8576152180345611
1.844360683509 0.4988057385721162
1.2654996867900778 0.9383516084754244
1.4652053541042007 0.30108716259965196
1.1988185635911273 1.134732252707104
1.9831688312636389 0.595240846975263
1.056164011298304 0.9716345137390703
1.3321186813159183 0.8071043174240444
1.4675329434026008 0.29690294425495434
1.37350425397777 0.6587177447499575
1.4327172652331046 0.2755139807907514
1.6651892033144349 0.41289873744362166
1.0458972939587785 0.8211242730850088
1.654497376270398 0.4012875689388259
1.819661567861795 0.5011352810311482
1.1457791059629172 0.7092948160152179
1.354305425124008 0.23759435755887093
1.397444926146988 0.26071634265032206
1.589742419544634 0.36438606251037664
1.2851432544546184 0.20464805584164597
2.050463032792819 1.5125673840412475
1.3494691010568312 0.9881444064987746
1.1327061296060716 0.9977041105300357
1.8223311763465992 1.7180017021070557
1.3308661916743756 1.1594116572585325
1.9977062356748148 1.4040139509263299
2.1966402009730253 1.7331363704917253
1.1993715230783732 1.003381612377269
1.9112832520110261 1.8764725579404704
1.3493430016759178 1.274206089927146
1.8529788342145979 1.473951985403646
1.4204591326281368 1.7729029429994299
1.75059427846004 1.3949077370630836
1.9868001558009514 1.520679347884886
1.2434189438123113 1.0306054281844141
1.3124024454086842 1.067048504904442
1.2580325979096465 1.118782785178934
1.1428638910325144 1.0948842343574543
1.285995330436139 1.246378087264192
1.7161971498858497 1.3620493475358482
1.147795822483649 0.961838115461408
1.2031601246500312 0.831987008770663
2.079857519506215 0.6890098145324034
1.0924020938442052 0.9985796419161241
1.2167676008687902 0.6431025874200076
1.8751825262270847 0.5605738244754896
1.9324018574564694 0.5904939227401796
1.722810625143976 0.4710361380467316
1.673898516925696 1.623278608349231
1.342364347529187 1.0105641009341149
1.8785908996751588 1.4635921408647268
1.1885997861178104 0.972304652516002
1.522651765965462 1.1271090779151112
1.566779405255929 1.7459434348175964
1.4430820921096816 1.1364450317772747
1.6111640267349596 1.23181221084528
1.9528170285577457 1.361722740511264
1.769880150861896 1.6170180349934213
1.1885253972409247 0.9713482615365092
1.2265202880241513 1.0000548310483741
1.4716207658228706 1.1526097905180928
1.1204657372492117 0.8626077030753821
1.153682928315332 1.5137532497538728
1.4719155716768668 0.9950367796069446
1.524033681605776 1.0240431752287273
1.745763615712023 1.1330249460613548
1.4255844843387981 0.9741087624393068
1.2382709800915532 1.5276068956459947
1.0089388685347254 0.5233784042958842
719.4663818833093 0.002392859169046635
1.3525002218350424 1.9425868806576492
1.1276254596414783 0.7367362374533359
1.0749799460452638 0.05926748775208528
2.488493892570927 2.9525063045672857
1.3240365916668175 2.077704652674435
1.2707257991930712 0.9076566484468684
1.5018264166573851 0.28645208094869357
1.4978775801916497 3.033600926495493
1.3507020133481968 1.7802167427500124
1.2803932338686814 0.9170516019000754
1.321455726630722 1.336590365605298
1.4226901994847565 0.9466316763894196
1.657640994761036 0.9687322490901822
1.04107208743289 0.7288918249526414
1.1752734268994016 0.0993742449231168
1.793344457612342 1.8980729575820523
1.1148189190571798 0.9102376705147168
1.5798237828681923 0.27367481913093594
1.4737046343851554 2.4492611270691955
1.5788838646400603 1.2175127967996862
1.2245408438188738 1.8413577193888866
1.955719005540209 1.3523842874355871
1.5766407347097604 1.7513203736084488
1.1475489117375173 0.872854821542605
1.660770491405188 0.4116323921215491
1.526643432655497 2.0467555245720805
1.155414795642964 1.0062503227712287
1.2970472298864602 1.9019195835751526
1.4294834657473932 1.2021175980086194
1.90037070883369 1.3511958052572286
1.828778653733957 2.3018367512750473
1.2143994138241463 1.8239205166718164
1.1881936135695814 0.891107529643186
1.318901833184873 1.840600655858137
1.280244829085723 1.0204495368830826
1.5229910013132058 1.1058311177963698
1.2439269718399457 1.5403699004364009
1.4572137305179 0.9776708642413439
1.5028582237908235 1.0164830250511077
1.7047062950505356 1.0040537581180826
1.494830192022847 1.5158199240009345
1.5585336079931733 0.9461118697853396
1.0612520330210988 0.8980218629796969
1.5990301513683873 0.1704758921666527
1.2970242630086406 0.9347225916426257
1.4085971753590378 0.13396777643265523
2.0444233511776675 1.5242083706997018
1.1720723324671503 0.917556830943647
1.8383594725092802 0.5055405232925267
1.1464499828716355 0.7864270891554737
1.1055190298069448 0.7913957683042907
1.4479545659177941 0.1741108582328496
1.4311654535364626 0.8072446338355874
1.551182113684337 0.23184304075500073
1.1936290462339885 1.0300055587689867
1.9102727620483029 0.4936295245643376
1.2310973162244645 0.9799546299720963
1.122478333992779 0.9173338445224855
1.6200058730296996 0.3392287893963837
1.2771290307770693 0.8959321786669417
1.8612050173876171 0.51819700021777
1.1722135966354206 1.008432549381114
1.9712632636148917 1.4831378302767155
1.1485593631482898 0.8961640256448756
1.0656765387779674 0.8624617754597167
1.239778664806455 0.8472274256467993
1.1751587033083186 0.7610594836523252
1.465929349980407 0.9226984173123005
1.6608746317161587 0.3090841889651208
1.5587917811397962 0.670120858151921
1.2865448893821143 0.16374211069125766
1.5303516880396537 0.49007469181105906
1.52552516229074 0.33878636702834947
1.3596645586863607 0.8105697890222257
1.3852369635615462 0.20813197978524417
1.5089219867870818 0.7886899102146301
1.4241207064553634 0.2578267258011585
1.5025191907234785 0.8385780354515663
1.6720080504691328 0.4174884751746757
1.948407214831922 0.53792183798802
1.2543310483040153 0.9167844297643711
1.598292054876025 0.33186002493960176
1.2484787900065906 0.8828749471206351
1.7558093699697488 0.49979559914225635
1.9652005585601628 0.6052015439156961
1.0225472637660278 0.8087152634754474
1.386159884628815 0.5334485069346593
1.5967711982716555 0.30408614192144534
1.2725807020429731 0.16048385663571968
1.3581370250075593 0.6781001463225218
1.1958948005167296 0.1184060762088174
1.3869921128641411 0.2512297159874222
1.6366353783313916 0.49746473720637163
1.2642752570652562 0.16388115926244645
1.3005111659807955 0.2011754202432104
1.4714891108628274 0.3072723788135997
1.1976403149423651 0.7647610583864929
1.5029048408311731 0.33228205132886707
1.588145128563733 0.38317432116391065
1.2789542345130258 0.5431749155274164
1.190092913159843 0.13724456960663145
0.9976033300673645 0.02315187354098061
1.1179160381897433 0.09031901913759656
1.4312438716604357 0.4227612323979852
1.1700946296528245 0.13418367924819993
1.2287903604071782 0.17145120679104714
1.4132157686633533 0.2905890381218398
1.0642777780148822 0.571787912343092
0.9880734283716288 0.02504214380124533
1.0083106914148838 0.027246912864766538
1.1386184187394806 0.12357461414497942
887.9585143893061 0.002771503237474431
1.3499031771997927 0.8776822478304145
1.065026969386421 0.8091727558741915
1.6870002349922322 0.3660049574222671
2.226062854454737 1.7891864614651705
1.2848126296509195 1.0872307083223356
1.2906850947076935 1.9475014112360287
2.039266986011543 1.4826995633391644
1.1090007749604478 0.9390541140270097
1.5964519934313899 0.38414165227563857
2.470373238716972 2.149764047524981
1.2096987791048477 1.1067612418122077
1.8677779455364885 0.4972038309187048
1.660977897002694 2.270059180436594
1.9871155793523985 1.7014703824784123
1.8741281858052246 1.6806061971915123
1.5647323764466212 1.2692282813689868
1.7012938544108338 2.0135846770930104
1.9371236871403377 1.6226394435030307
1.2369968283578086 1.8217292935397689
1.1312477036427968 0.915891726371743
1.7942333651922033 0.4293363806331265
1.4919994423370981 0.818109740829644
1.658920837339273 0.342889349699075
1.1886196244109934 1.0513812526841082
1.860728183424869 0.4815158991308678
1.5690174728334247 1.2171176119405396
1.6167602856795373 0.831490888547187
1.369802917803482 0.2346813978590312
1.2732652111870641 1.16790241861543
1.9045372272884311 0.5071197629739629
1.9572828403108915 1.1917343855204388
1.911585121816615 1.672236412019556
1.3166232607759014 1.1806039825718704
2.2634485070031722 0.5429505785665084
1.5497540500941573 1.3368573475204577
1.8913859168337122 1.359611432431946
1.233629604918436 1.0593526157707893
1.6126173724807589 0.37133855624630513
1.6161038630599118 1.0394179965310764
1.5545260615612326 0.3269629269267439
1.254218028018432 0.8625978989755123
1.864232197708644 0.50469376051244
1.3074513531429623 0.9842129092377183
1.4669861588360176 0.3008072307431124
1.4004180544726896 0.8242468342632248
1.9868708340411005 0.5842888358352287
1.091418021545563 0.9957911668655317
1.403840168553295 0.7926664091526844
1.4681227126866851 0.2969772900163332
1.3815434497774541 0.6232242639171552
1.433227726890831 0.2830303964917924
1.6695781991669667 0.4177047585820178
1.1251953302244897 0.7646565895242897
1.6559824697288827 0.4078968567120923
1.8228546851170444 0.5078420492617411
1.3255334980817994 0.49715424956211174
1.357856481559446 0.24431235354577432
1.3977023349309605 0.2596053048454987
1.5903024597001498 0.37387609315623505
1.2861938411396565 0.20565084803355477
2.105548361093623 1.5595122000998607
1.3570269546621585 0.9898277806459961
1.2428760250253554 0.9310995589520314
1.9533949927099867 1.4231829803964737
1.331065075286176 1.1532807154889237
2.0188591953886186 1.297754905771265
2.3044704400360807 1.629476635605634
1.264620896590988 0.99750745527039
2.0090170999005936 1.6869594801261831
1.3509144647547449 1.2740274563141007
1.8639645528314428 1.4492461798112772
1.6645003333444501 1.859209647826181
1.759250420424396 1.3950620536434561
1.987040315670978 1.5214403164527928
1.249305525764714 1.0293628328385303
1.3285013218674677 0.9895519173684897
1.2705824308608995 1.124118693223846
1.1737138256086483 1.165677305129851
1.3012451160077707 1.2523299304953228
1.720568146613586 1.3677142303489693
1.2041346905714039 0.9590726986676943
1.2348275423853137 0.8540943290553622
2.0862600925239834 0.690282322897917
1.0924444431888236 0.9986220070491496
1.295515161925719 0.6129706398436512
1.8780121211395566 0.5604264770660926
1.9327706449513147 0.5907911749575245
1.7241909984056607 0.47194116624398824
1.3577670380863687 1.0003717723756251
1.9263580798322477 1.2623869265671124
1.192173476755526 0.9774889766695452
1.533238630788395 1.1326671237004986
1.6329285678761742 1.439784349243759
1.4432793322608675 1.1365556894100344
1.6124376409325039 1.2315165828096486
1.95555428471405 1.3615589672620838
1.7864234564749273 1.576628997825774
1.191685693656796 0.9733637492758438
1.2392616891927908 1.008205275368084
1.476253798781967 1.1556317954915352
1.125173412346677 0.8775364762477811
1.1586357269564733 1.5130003266043321
1.4720648582963747 0.9949540224129674
1.5244816232766403 1.0241193427591546
1.7496341695063353 1.1424297465819928
1.4294555509689681 0.9741478070256431
1.9915975768515723 1.5641129796818776
1.3423069365291393 0.9446230488799536
1.1031190190290023 1.0096891640182386
1.9743900745259835 1.6744532636409515
1.7782910025637195 0.4883766835595693
2.1278403744874907 0.7090094372025796
1.8787646444616972 0.5105509541857052
1.2484369742694637 0.853354931943606
1.2777501347953182 0.8330314861172704
1.8282536313949105 0.548774115927881
1.0617466742408026 0.8983177202579256
1.3535112387883006 0.8768886184433844
1.453003823996132 1.767688000370828
2.107691521022491 1.5571598566996623
