2.4670770477679476 2.7297289584631277
1.6197374826594717 1.8723911952660173
1.5414929418333725 1.5375165770562524
163678.59190295392 0.9810810653548064
2.8457444828403515 2.9640281639251875
1.7382015700371276 2.0154481025346507
1.5343678628268902 1.6079590373497143
1.7395050450809622 1.1635758915263728
4.397318994231953 4.072717352358853
2.7803431867645125 2.919358549701607
1.8058536955069489 2.0428479491459948
1.5218984400080682 1.658805156439812
1.7344238640995284 1.19653227273158
2.2640471200382826 2.569459179309404
1.7033843625838436 1.9935414264691211
1.5149877530311935 1.6451269828833248
1.732572232824416 1.1948401163253795
1.6077422403951993 1.894826845769559
1.5280819389140827 1.6066083114329994
1.7337016776356466 1.204406567605048
1.5765584023124875 1.5339505349311549
1.741787507183914 1.2173280304412848
176269.92302714023 1.0422861758977005
3.777086452933967 3.652131526742919
1.7392104753708602 2.0216534499277996
1.5312713770295492 1.6048421250326488
1.736785767428895 1.2040022799937167
3.6274843287820264 3.4892636511268806
2.439555884658524 2.6975444272886238
2.8589578978034176 2.9972606451388835
2.440659658073425 2.7112254415529886
2.5242951762377928 2.2137310069017477
2.447033623244746 2.573502182988471
2.557705630681148 2.2171246208907345
2.8133776160392827 2.2078617274572276
1.8121150994256219 2.05217471290274
1.5274654239366185 1.665917727195253
1.7373496242918571 1.188320982407297
2.8858452912390233 2.9859587052287475
2.421626599019744 2.6884342491540396
2.517478839882859 2.207733726828229
2.4378111979199586 2.6055965958370555
2.51763674002816 2.2270851833753484
2.6687164422352225 2.209820234033351
2.26775162706523 2.5590158135877967
1.7125396065425857 2.001954317202371
1.5228338018268608 1.635799635439827
1.739452458213572 1.2130455238468831
2.442408063074059 2.586350424154259
2.953391512387217 2.3614569867489106
2.7036886743250346 2.1994432205736154
1.6204601654477004 1.9396761286623836
1.5344707325978684 1.602297189379302
1.7403034190609636 1.1867889267910001
1.5886259119378257 1.578900404493662
1.7547323814087012 1.1925715683345346
178438.7067859126 1.0437392412054773
2.9345416506517785 3.0483293267097125
2.4103602404696147 2.5783771388142416
2.673294026587316 2.1426813651897785
3.898595451037302 3.626842605967645
2.455907752412454 2.65957003205889
2.6197174587798253 2.1865978561901662
2.834679396057001 2.9065318413462
2.4235651711099426 2.690363736309543
2.5858887994517836 2.2411669562210523
2.3574419110986944 2.5216451285238906
2.5266920457286357 2.196590959775996
2.6320934289094424 2.1515477251927178
4.052233841754534 3.768654713250479
2.4513062627732434 2.7016454262959435
2.6247552877526 2.210655843809054
3.976337817795499 3.6887771911482186
3.7060705169467076 3.499462314931323
3.680865533917783 3.3156751888604186
2.433269692422339 2.6978853695685574
2.5097421793381387 2.2333992048357416
3.6693440792277707 3.307822357613875
2.3719668902344258 2.534183228437898
2.533466076072497 2.198484648342442
2.6133937225979444 2.0966901101417648
3.1317225893878433 3.1764699765319624
2.446595580361326 2.6396927189652537
2.6990594569890645 2.199550824157787
3.740934160423561 3.6081570041142212
2.468696121398547 2.6623133615672767
2.5270682702294556 2.2107343908543866
2.396370400901125 2.6183333966719893
2.5113216542356014 2.2215393081049952
2.5599925880585532 2.1766845725527815
3.8860985120681613 3.767303393712862
2.474429634380496 2.716261996293108
2.526655568110902 2.2361922923646196
3.675824908501953 3.387057395037024
2.4213464354948178 2.5742400242322767
2.5276079586164926 2.209784632258347
2.582883236112915 2.137109312798869
2.4388592811199254 2.63501680752162
2.464208161284118 2.5170757293578596
2.6286567862913537 2.099075992799674
2.4156504957378075 2.5726004176960986
2.5579657028571923 2.194953521486248
2.599444243083883 2.1149929044485916
2.4664671976161783 2.4933742924110645
2.582607364432098 2.2022269163790558
2.6595876224321313 2.2404929209958744
1.667229599384972 1.9101278775514576
2.676179649440508 2.1277933772601756
2.6878045720723036 2.1425268919920315
2.7183810061062315 2.194680762074057
1.5850168179533741 1.5444933583292488
168880.95270106144 1.0100317063605424
2.8412449917038844 2.930615249186838
1.7475815929294447 2.018852086672021
1.5361936171402601 1.5703389735459898
1.7362158429912025 1.1880413422525278
3.8261058731420734 3.55171933940994
2.4091842964159933 2.599984838154314
1.5311669857591674 1.675660484614296
1.7357435223312072 1.1706262194365653
2.8842530505529322 2.9753099154829865
1.9518378685848814 2.076493881359789
1.5266421617230972 1.6929487245081511
1.7323702021827674 1.2055060351647982
1.7198329418710832 2.0688632444945445
1.5164086139871564 1.6743337794535056
1.7272111653677595 1.1907239787305
1.5634893709632278 1.6126201613996451
1.7414942567770726 1.2047906209742476
1.7996076422364138 1.2480664694464985
2.232377163208943 2.342656993601131
1.5281635272415006 1.6791949915863804
1.7357951313518858 1.1759107153583224
3.524445311221079 3.4138438849921298
2.5654820895774866 2.7931161558325104
2.4908468015355307 2.731994064478327
2.7878052635095427 2.9262501080496923
1.9571049343630014 2.1366227438132332
1.5312769992425421 1.7013234746348158
1.7361927636822252 1.1790662034415338
2.4943196388899254 2.7555195146587694
2.900887383048956 2.542191054079664
1.7318652768836698 2.0310848671256396
1.5304708231827855 1.6785172133938708
1.7403802000492596 1.20302608109224
1.572244393309771 1.6037577057470696
1.7543512702873714 1.207487496837376
1.8122189656193397 1.2227229865926001
3.795274223715665 3.53284309309492
2.4720069848386057 2.6319815545384393
3.977890307107411 3.6583466289156505
2.5567017518974815 2.7734116407782317
2.414805466972488 2.6503983618652924
2.7541909204646675 2.4235302689300413
2.660904725050475 2.1415104482236362
3.824733339502507 3.5465925026665115
2.567505400999813 2.7918690857512365
2.8859319981105274 2.355287007990434
3.6322329471542822 3.465171142991511
2.439418135070935 2.62068076167599
2.5177057801387175 2.164556035320173
3.0450233521518344 3.1145606981331597
2.47581847306896 2.6830569290103377
2.4605589039231397 2.6926413173451116
3.039117385919913 2.2305689665891113
2.5006060085995276 2.208675330993799
2.473813977800771 2.680729347106002
2.6294859147298126 2.3437254616739875
2.5173188163226126 2.2058473275024153
1.8119721329989509 2.0219959765509152
2.7335288386516523 2.2456462432491575
2.7576392142603385 2.1494828390702043
1.5722637639660813 1.6073191564607974
1.7826242443428462 1.196753032337675
3.721253274731125 3.4424215061322267
1.8558873508978975 2.029067885383843
1.5409754487956637 1.6508871785964785
1.7428981168532096 1.1805292284865296
2.824992842390323 2.889458736977046
2.0066320133767586 2.0480075227073256
1.5454833210762433 1.717375469139428
1.7439708169579808 1.2021769894931844
1.8325761700640992 2.0682383999739966
1.5382879668362 1.7395815760318418
1.738386296878618 1.1869865096453553
1.5654063241258975 1.6566076800427072
1.7465172529688648 1.2001416503854248
1.8076202926650917 1.2401906413912196
3.443752461688013 3.3076207268635316
2.0091565316131033 2.0674190055407062
1.5450277512280295 1.7021196915876373
1.7441281657586802 1.1967725784980017
2.5184367320532997 2.7265682878668374
1.8449429509089539 2.0768856475270976
1.5447872279513306 1.7257363129939796
1.7484393418015813 1.1956957387315725
1.5841359968799513 1.626749978923368
1.7592038191948318 1.1931758168918103
1.8188902591117224 1.2253969995294318
3.0350042315131995 3.077695653630338
2.4478099279829584 2.6704723108529507
2.588401978392265 2.221441418535094
2.436254609966456 2.643365189374115
2.4803208011717373 2.2165405218054994
2.4462839693421286 2.6733594927628217
2.711995852208906 2.4401947923957836
1.8888731306106459 2.0483165696438297
2.7126736880454754 2.4171229669540613
2.685641402005358 2.3220005320995933
2.7329519134451274 2.4407499169762743
1.563056362480154 1.6674579482647915
1.7822281091569785 1.1769520637267676
2.3925296562840566 2.6415509899912823
1.775128785983557 2.0001042631864414
1.5574387522994835 1.6313142733622459
1.7511703385118418 1.1978787024156623
1.7851096776167548 2.036662907715645
1.5462223440381504 1.6687928257469513
1.7510765064104854 1.1939366538300462
1.584443811033298 1.6685331955394753
1.759434932564628 1.209852878921072
1.8182057944135304 1.2202488995447203
1.7884283105623644 2.0497942420762265
1.55772703613364 1.671289787505685
1.7579455473122787 1.1998880975102715
1.5938912170981951 1.689896074843842
1.774021848908332 1.20090122145184
1.8346725889979196 1.2145338092407771
1.7903046484560823 2.0398156024043796
2.8731984808964737 2.2292243707363166
1.5573763709761437 1.6568910895702091
1.7734412041759051 1.1782614714750954
1.648362225720876 1.8895343674697744
1.5554414470155482 1.5962062492301616
1.758226068546338 1.2059326331490836
1.5988129469917136 1.598728864877201
1.758483149111242 1.1813982700469683
1.8277068110344032 1.2277814250410133
1.609251577664347 1.6204167966877114
1.7815894684472422 1.192355512798544
1.845928791559413 1.2343634529071235
1.5628501757918705 1.5795946283611009
1.7683573896716855 1.188830200356523
1.567498163237317 1.5467210322949536
1.76974334670589 1.1802772215390838
1.8199301865213946 1.2106477150837185
1.8447634329644123 1.223434270555804
1.7687928369351598 1.216381313387836
169205.7826990655 0.9994822390565377
1.8285616262404398 1.2298750446680604
1.528280711319535 1.6091665542649793
1.5297615500106847 1.70399829241646
2.477912941078546 2.687070724284342
2.7994523893400873 2.9435150419537366
1.846311739080736 2.0892376568891975
2.668110856265278 2.277138757052002
2.7101635184798667 2.1689554579399593
1.557662548659262 1.6409212756661107
1.8462146721117283 1.2313572181367238
3.4851071355508485 3.44316845737539
1.7743202499233213 1.2219408490526302
3.036233044717819 3.0958139126019812
2.3971674571457 2.6200028023772086
1.6851134218249313 1.7354544208584566
2.6435722258532914 2.21650595151028
2.4815453459279384 2.6520581720312544
1.662042751541311 1.6910036117487883
1.7724962502829382 1.2161196758469737
2.37563812068821 2.5666597812133984
3.87617612382785 3.672342854054494
2.5282615628872502 2.210426724425375
3.6806426432463812 3.390628885431358
1.631630644131751 1.9158392630321046
2.5167531616647882 2.599773564550764
1.6052962721635815 1.5976697315594626
1.558317340432897 1.6328898190850096
2.44411706859924 2.683741892129899
2.7537601257960422 2.239931983759533
1.8624158314687027 1.220601470993366
2.4760768983574484 2.671145299611856
2.5182017078655337 2.2075973703069347
2.366063180601437 2.6741019959933876
2.568010076139798 2.7934195041346195
1.7580018564989424 2.081172782149156
1.5480924415089403 1.6999232328701241
1.7440925161113938 1.1907373948108217
1.8570639768371842 1.223329561703188
2.5579793852204586 2.6214887006125553
2.507049237569804 2.592511518331614
1.7251956121644205 1.8406292813970007
3.1383525342821024 2.515817585297581
1.8138847885782674 1.2848436235123704
1.6971279948045117 1.6547584115335474
3.9699276112512516 3.7607485620022345
2.522057486727822 2.5929124221147117
1.8895053781700129 1.215103013195661
1.798406914319938 1.1930631929512925
1.595784705195656 1.6930643650570785
1.7202592860581483 2.069311217590816
2.150705589768453 1.241915982382255
1.5514118131760366 1.7046220395137612
2.8500574651366826 2.2690171948115108
2.535088480289816 2.2485249085448835
1.9531173703359932 2.0761993458854437
1.770130162503254 1.2149321031030644
1.7747199934645463 1.194714119188529
2.811952149019966 2.585376300350852
1.8625775564054874 1.251978129973886
2.8862992397282454 2.7169012676039257
2.517837277866515 2.2124764513071953
2.0296043859502437 2.1120573118187513
1.7498927275296405 1.1964705116919325
2.70656566197581 2.325697944676377
178790.18313026376 1.1145740652853213
2.7131443846210845 2.180512140567407
2.883111701653381 2.344249984231929
2.6907239308455435 2.141304599366629
2.583456116924607 2.1598357468323943
1.7370013302539504 1.1870327786704928
1.7345626461312227 2.0585483645835145
1.5474383396201805 1.7397209456458127
2.7059960920072808 2.354572703095033
1.5456357245144208 1.6998771752361819
1.790344954430688 2.0396525232376645
2.827734199982026 2.917108112196408
2.5207366427779068 2.658262428058154
1.811529649698214 2.075329655994844
1.8341689911351653 1.8012944485387632
1.8207170790031153 1.2269466196273293
1.556679023004564 1.6153815503110809
2.9245862295426215 3.06790692037161
2.7153213825071756 2.180584260934811
2.035130099853536 1.2033537914849857
1.8672843909593841 1.221030134617057
2.421618469567158 2.572783565853131
1.5470263158016409 1.6705544033199466
2.7042552315800634 2.195956571279021
3.8343096388692315 3.5360836335077863
1.7449592682947466 1.2190756429442668
4.05707140947532 3.7673961782366
1.6001992848082542 1.7333578580788547
1.7337709155890106 1.206026137990665
1.8897421941640151 1.226750378696308
1.6502695357936719 1.8964112290020974
1.8146686205593308 2.0677395806048953
2.9511100288780745 2.635749864327618
1.7522046043491182 1.1873935252128114
1.5500420633246872 1.5753476747058024
3.5720663514237208 3.4134129309666825
1.739466270998899 1.1848359229820358
1.754591029142725 1.1804121009143844
1.6208821786893748 1.944572825947812
2.59186473631756 2.222736306451789
3.9100100403630886 3.8011902129912603
1.7528020571085365 1.1649627683470147
1.5921044144130994 1.7056058676295924
2.527268965387984 2.222467581356102
2.4689946575147954 2.5954066051761755
1.791174711856533 1.1879822893895362
1.8076371963658049 1.237478306621125
2.4337454613104166 2.693298130935668
169216.93850572486 1.0004572263636322
2.484763220269956 2.6021762442986085
2.7196919177183756 2.1995321768925455
1.629609639810154 1.735143400283422
1.7369306460256775 1.1655970976897176
2.557740593547411 2.216462758835614
2.7582313357136465 2.8252941081689973
2.4576393953042612 2.6652658326464502
2.540217416700763 2.214079539431658
1.7394045493277772 1.209680348909378
2.5443478239997193 2.8591341499309904
2.431620711218701 2.6268264104921673
2.761660141382289 2.448428613122521
2.74572260295438 2.8700465253813627
1.5429111427163822 1.5402602147544935
2.5981428651513103 2.649384781799644
1.8780720178864727 2.026571739743832
2.4628224989250485 2.6787781771061647
1.738621415621716 2.0265059395013756
1.7547638981683085 1.1918111917900152
3.676861757865722 3.3294863731981925
1.8456854857522067 1.184549487805854
1.7814080998177368 1.209436965596435
1.7652203008803014 1.2183119602812935
2.420260270943378 2.5973276411935124
2.8478447937005 2.9460840674488615
1.5698284897257044 1.5530573850978648
3.6445364063715298 3.413138569535511
2.676693894048881 2.118784368646294
1.5333852551753449 1.6249772536227178
1.5173919021621844 1.6744014805028504
1.6132446544305896 1.7238711616603817
3.9707646586968552 3.6125695247335807
1.8906772882576859 2.0367375874464497
1.5989388461602059 1.5942804332396898
1.5293206380702609 1.6821874164277275
2.372000406373969 2.5351961313692506
3.466631550861808 3.4377179697155436
2.7175998999907085 2.4256714585164456
1.9571794368385504 2.136196868886019
3.727563027125872 3.477026835264989
2.7337823736701274 2.1930703718750535
3.689702701265554 3.2612109392581945
1.5229551762104796 1.6352695395034775
1.6208112382074076 1.5051700727436546
1.557883985102472 1.7725262681889775
3.597541914090026 3.481420210183458
1.7362366388952095 1.1833931540688645
2.451746420587715 2.5890403909111015
1.788537454065835 2.053955916581932
1.7403050689549602 1.1904767377777479
1.5317018254888117 1.6051463622191093
3.84930621185799 3.5112557375414406
2.469677638154283 2.6606087294789678
2.6559929594567904 2.308758641441644
2.9389537645295114 3.0220393949268303
1.5753863685685512 1.611350624088279
1.5277989758046722 1.6256786718306582
2.6208445744638165 2.5104315704008893
2.689081421455878 2.164462816838621
2.605961563734224 2.4179320354052067
2.3852675758891335 2.5089516944025108
2.599459709421743 2.115220444042973
1.5722947546711274 1.6288096073642624
2.0093779282153443 2.074805576919156
1.7828096585726374 1.1989697834423787
2.5807679677416058 2.6891409978710414
2.768019084724357 2.269553147845579
176385.53387194927 1.0467297991946602
2.613937879977625 2.1154365773640267
2.5023272515617547 2.2013851009270033
1.788340202363111 1.3133863848091665
2.5286479942851283 2.233406434715269
2.4735356847515018 2.8375549239073123
1.595084360647673 1.6119345707185486
2.716533409936461 2.421055800803001
1.5465225128413445 1.7234136237341646
2.448113462921114 2.6654504369914465
2.553539654919093 2.7359363825696583
1.710023030139487 2.0487481216658003
1.5786231146914669 1.6063265146619314
2.8138271182946406 2.187652587659245
1.5589158223986124 1.6735804032329427
1.8536886885851058 1.4342863579116742
2.425109583786087 2.690505467045525
1.7524754547197565 1.1974769741531501
1.898856448527353 1.2317381761877944
3.9557051572207866 3.57563464937623
3.693237681326714 3.4640379129085455
1.8191537052755016 2.0117208394257764
1.831787775725859 2.144766538278335
1.7440592689362133 1.1615145314697806
1.7508388195702722 1.2435450966575896
2.562665544270348 2.182921505144333
2.503034296637505 2.771673030696733
2.7855703779233005 2.915058332797134
1.777689120490788 1.9787986785487872
2.5069816115211383 2.726809505787762
1.7737883357746946 2.062220686795766
2.5569205695716986 2.7699392306691526
2.4775511089226754 2.5935202794614005
