2.4389779953563164 2.770624244953116
1.570684529036202 1.8711574617182063
1.512088739938198 1.5024428350358738
160606.66508406508 0.961687249284831
2.781226195650717 2.923287223181944
1.6814991889370978 1.9784760014770761
1.5022844051978637 1.5832694531364222
1.713726197806971 1.1543111145879517
5.220539072684851 4.48200562608254
2.721676170197222 2.9344678321708866
1.7487377298444304 2.020899383631669
1.4944488088617853 1.6300524707236443
1.7128476826876937 1.1553985067276409
2.473512819453215 2.704044098708606
1.6491678055045405 1.9798036848159875
1.4861361443509744 1.613333104889582
1.7098287778953003 1.1555831064308402
1.569291950018472 1.893290687703065
1.4979547070963266 1.571039704887388
1.7109697142666551 1.160754741780677
1.5604737488771838 1.5070914485876976
1.7249266244312986 1.1514609588995697
175233.21981613614 1.0186542858384398
3.6995608540109473 3.3909078835928397
1.6718297438726504 1.977523628917045
1.498731609969235 1.573788900286871
1.711837486925098 1.1554075148155607
5.951700019154627 4.9130090051721345
3.307758099117411 3.33473604152804
2.3702299971590484 2.646330765340257
2.643877073941732 2.176753904545226
2.74021805235747 2.949430312967393
2.3704334629052712 2.652812255303864
2.5467161819086224 2.195591417520123
2.4025922108781232 2.5385245517254207
2.515849830280119 2.1602334335961624
2.6737465673252236 2.165248487845452
3.9013574910004656 3.8123691626625256
2.6962035582532815 3.015369119035663
1.7084111999985039 2.0224022526768444
1.4739004596217673 1.612713895608767
1.6995717424146815 1.141153111691991
2.713419683914174 2.9659143003938873
2.323618330790762 2.6311114857528692
2.708462278222333 2.2300574805190525
2.357756652160111 2.5665372390125025
2.585937318898536 2.409662979972529
2.5964523983453844 2.1856713648945547
2.0558241354083373 2.4311075636033235
1.5826390297138935 1.966447685114929
1.4478294619322045 1.6020521093787417
1.675088209374767 1.1434149141102077
2.3348335336254107 2.5658714448505497
2.574155479862753 2.1905475561734917
2.573337322929623 2.174354748150342
1.5088215313788713 1.8622733968989391
1.4482790695499612 1.5738807689526637
1.661470979908565 1.1487256486200015
1.4987696128983665 1.508165185210037
1.6645110087097492 1.1535088003678495
166157.54623536792 0.9841517271143021
3.5315421767926103 3.520459531013896
2.3573495118055705 2.561475440622977
2.6221053494493036 2.163144263644795
3.5737726690628606 3.454624770279603
2.385666192832944 2.676441866481119
2.5632170491857567 2.2255874311430204
2.9762787303385134 3.055017810377423
2.3706101647359583 2.6703433825664775
2.5499712748592285 2.2134934436841984
2.3294663400580626 2.5670775355345423
2.4906386131449763 2.1501160348690878
2.562400384043739 2.0880120658794934
3.865761951665667 3.8048104141791605
2.374612287735227 2.6473180898866415
2.8540158060898517 2.192448127877089
3.8348470352983215 3.6630650330745915
4.179196719282324 3.6746616847142706
2.645256420139245 2.887656630567741
2.34063906167222 2.652191740654171
2.7719753358013084 2.3753010565043633
4.068455645953044 3.7036866699639077
2.2741009358516897 2.478184324107881
2.436403994806433 2.1269375247892883
2.497643588639094 2.0799801319859377
2.7910643791449328 2.9184573803858513
2.3517999549617112 2.573039454400846
2.543153877195905 2.151525102637806
2.8619206610875865 2.973983600263267
2.3706786328184526 2.6566962104796965
2.541810888798606 2.1613728221595947
2.3307652531315877 2.557121005058727
2.4549357135159298 2.1780360399007725
2.5124151974049598 2.152140226555901
2.7284188776337257 2.905770163186169
2.3776699796022136 2.6028456255372956
2.5248265374118835 2.1562282662817434
3.5353363582546353 3.347997279786474
2.2962343414452713 2.5661739774164727
2.647973757913231 2.1900382325168373
2.467173562969597 2.1045110173784645
2.45883080666012 2.807172102873159
2.3520114991784897 2.5526141847505643
2.5344296725269895 2.0914144810923183
2.3124421317770745 2.5300030788853958
2.496010955647303 2.132839462847034
2.5132663457521547 2.146306505965258
2.3255066751769147 2.514181091120361
2.524748203294268 2.1917439017405105
2.5053679116809606 2.1262160180281944
1.5604155341815977 1.8767901605820712
2.581147861904053 2.1221522038884606
2.5947340579703266 2.1082275817082676
2.575555888917487 2.0927955844364874
1.5054780871342526 1.5071391798315266
158596.50705521103 0.9506912691982695
2.7773486977474002 2.957259918090621
1.6819302907758436 1.9759735509761407
1.5051308019885472 1.5817540071558818
1.7149608316305518 1.1307529892949875
3.3672469150440345 3.3170024083461733
1.8912069411952344 2.0598975078572614
1.494006583122631 1.6276192326367973
1.7077536170813206 1.1366606439663796
2.742423507818742 2.9025445843403994
1.8691749247265026 2.066258570525328
1.4878076741937059 1.6602813948692414
1.7034772479616724 1.1538493439475233
1.6636823402762095 2.0197024410405886
1.4845257382733963 1.6510480315575944
1.7049736288814747 1.1765509872718058
1.5379006532355008 1.6251726737658656
1.7164376624040256 1.152427803319336
1.7804423809071868 1.170906568138243
5.574878177076066 4.699569819474015
3.512422619557416 3.442798188223447
1.9392214149113078 2.0990891313575655
1.4869699982002502 1.622264944737259
1.704508032260358 1.1598185544391697
3.8788116551494545 3.5516944513189923
2.447818313103093 2.769036151942756
2.7370290825333683 2.585455112225472
2.508947544166978 2.7463009164532863
2.657959637832283 2.8789893112996503
1.8005416021125877 2.079694959749772
1.4630982400126937 1.6669150867392242
1.6878614990365173 1.1447648228670309
2.3779458106629727 2.6926665680718447
2.5939423355487286 2.346260860704577
1.6010581456029978 2.0054652549164325
1.4458664810835735 1.6439391705564665
1.6652733930427845 1.1411243168783582
1.4858223240110129 1.5846425318773945
1.6648675480327295 1.1640709092468413
1.7183745812753723 1.1834963211820932
3.868722481301767 3.6362361389462183
2.415335874367165 2.6398185422804357
3.7408952670895914 3.4923170451104744
2.50479947588872 2.652345597936026
2.8548456736060337 2.4537072790364354
2.343914617969879 2.636325501914794
2.4605338243962356 2.1532676882511215
3.2982609770234865 3.2742857230146316
2.4436673306044563 2.7532483456848906
2.7329102889808103 2.4425709835176024
3.7087650139030055 3.5179855896216825
2.3171915474136604 2.618581115075964
2.6115510470690966 2.124443498184903
2.405563722509388 2.1280741065148447
2.8363999318024975 2.8974281199193985
2.366718937341733 2.6354769352573535
2.616781432553125 2.192556777355079
2.3546812099491996 2.638406907753577
2.541607055587554 2.424085939010057
2.5282187760781287 2.24414016951279
2.354392182870288 2.643733884572326
2.555270196499762 2.211486034591323
2.4347593345066416 2.119653646852054
1.6756586762559382 1.972964170858262
2.667578463759794 2.2038173388748845
2.719739905192034 2.3509528368711123
1.4922973066021328 1.576559618223853
1.7051006202650605 1.1422522455224926
4.1906189120688735 3.9484072536282855
2.707684019110076 2.8278674752791955
1.7562392545953407 2.0367047494916304
1.4934771743645427 1.614503362084687
1.7078606131839549 1.1655990157825284
2.833688609086729 3.0355444485347656
1.873480521952457 2.0881114583538563
1.4891245938625506 1.6626658673419232
1.7061098994610817 1.134689387563186
1.740337549308543 2.0460025103740223
1.485219533886993 1.6788292929443236
1.7018335166977725 1.1563323372670518
1.525520817818078 1.6075444554450147
1.7111596688568198 1.1557819040256812
1.773905872998383 1.1903993829525692
2.7434547911104055 2.935649577773143
1.8572444000052832 2.076451592410338
1.4784696415299976 1.6796074717580705
1.6977517171711973 1.1485580039621348
2.4361820085662647 2.6688117957028235
1.7028999410882317 2.0477752333669534
1.4628362889176272 1.6858690272418089
1.6922035417895613 1.1405733134086253
2.6770553929695464 2.4019314001990315
1.4891231335314252 1.6287641576861456
1.677793102861263 1.1637091276603586
1.7290613154604082 1.1724319139373782
2.751032766704685 2.947640149787365
2.3479813896948496 2.6641982820773875
2.335082868822399 2.6306659303195588
2.7305398829873258 2.4631976109415055
2.726447688295688 1.9306591901966024
2.3296538447287816 2.6400231146902424
2.403423276478942 2.1841657711158216
1.7472872126106682 2.0167113443905813
2.6700138087303342 2.4677113731197733
2.479681139828127 2.189055568308503
1.489717677493892 1.6148152308508912
1.704054483388679 1.126641497951949
2.3431963525218835 2.7095852264118636
1.6577948483753868 1.9663270862755284
1.4876195763595073 1.5992185805876917
1.7086014832921752 1.1303772890404324
1.6702418148486187 1.992164327353833
1.4784659860325475 1.6323704127044758
1.7043729704667956 1.1414583206147746
1.5265951455567608 1.634996969779908
1.7031341658989687 1.1635498110840987
1.7706967572619021 1.1902267826596946
1.6673988579648995 1.9788625422188322
1.4801600592555881 1.6409151381599172
1.6967179209447019 1.1453979718890521
1.519199592058924 1.6141422246929746
1.7020227788696243 1.1715883712439787
1.7469672524772295 1.1799657315024035
1.660606833171471 1.9952308703333834
1.4869866253741018 1.5758726820342228
1.6969782504518922 1.1393633229565845
1.548630661809767 1.8587495844880164
1.4836076110905592 1.565305739450928
1.693003926286075 1.1369668173170022
1.521864343006218 1.5788801844934262
1.6888819578242638 1.1341942390079682
1.7613738535993173 1.2016932465942773
1.5328940648896636 1.567234851338863
1.707130086314771 1.16494154160588
1.7639588366924683 1.1824028445775177
1.4861391005896865 1.5620098149530242
1.6899912821680982 1.1454611286599115
1.501990871996112 1.5248866045411331
1.6904332909908706 1.1522924776460188
1.744898416873807 1.1715869982025744
1.7672344983429396 1.1894344844522438
1.6890250094464598 1.1428040025770214
158746.8067105725 0.9412997256620412
4.101656647801371 3.7230488327152185
2.317344064619028 2.610141085361019
1.7449206624112454 1.1718716565194052
2.2962354066921167 2.5661417865370484
1.6987225569263598 1.139126102625338
1.750710866895246 2.0854097171036794
1.8018139764440477 2.066158664981746
3.3406630136229047 3.3934867316905786
1.6783397163539917 1.1593643919032317
2.365506811283261 2.5739644529060794
2.5579956969876827 2.6771937121421283
2.7840293886239675 2.809622396601775
5.61376432482159 4.72395605634147
2.4046560772398378 2.674486940040281
1.7837325224091019 1.4496092226245942
1.699702378811609 1.141358013912784
1.704380647696242 1.1414517398361308
5.22096626661464 4.477788523857251
1.7111906712388905 1.1557243317923434
3.4177159757200966 3.280806148706024
2.698459913614161 2.442164675722367
1.6064822990592487 1.6434429683387741
1.7473867290758827 2.015328369597541
2.5929991489525146 2.8603295378013165
1.7477051450512615 1.158745167223835
3.9673352784630054 3.8628097678670184
1.5474465201461967 1.5728799221321588
2.2796334100309217 2.492894271232527
1.488635706445594 1.6151772707879215
2.3307893111631253 2.5571205927559983
2.7094024218583055 2.285641266646837
186630.01634867737 1.1563971210590853
3.878525848425755 3.826218065453989
2.47519148448168 2.2325641884832255
1.6961759733244377 1.123872373348918
165364.33185145233 0.9898278529215097
1.7487914182853608 2.0321094331734635
2.3857578222255387 2.666189109583936
1.747026579155928 1.179472367536229
2.5472188190160496 2.4005263344723584
2.598522681570359 2.84364168908305
2.874898464515724 2.9537263850328186
2.8068361044457513 2.1503358333294664
2.5439445443177613 2.6026526680338975
1.6707526277131557 1.99112313269788
3.5829059544905633 3.4178401348376255
2.3308857648071606 2.623955564629046
1.7111238887107028 1.185652606621746
2.4879761211155667 2.6103111739830274
3.512736779706267 3.4610157717166454
2.773767629836926 2.9955144322589526
1.6930193813085457 1.149853243737997
1.4489879673550212 1.5750480609490651
1.786805751964304 1.22153971317634
1.6785703963148642 1.1790215150639547
1.772216453392456 1.1892698485592192
2.3299799717612437 2.4728162176834685
1.905370977351124 1.1345256152115968
2.452230774070972 2.765907980100585
2.3136969706648496 2.531853850041725
2.654695938464323 2.19321974802959
1.505149437713456 1.5824721391798098
1.5092647592995394 1.671452751007086
1.4985368175316194 1.6006665264420068
1.7794357326969883 1.182538340241786
2.6355731928994226 2.8461435922318934
2.750848651869132 2.97703089533651
2.51508376661692 2.10489233406362
2.328640215134685 2.5326722807621875
1.4863810862920512 1.6835236002410303
1.6784591899449879 2.0443776900214825
2.747796164445405 2.4472375184211352
1.526329679509903 1.657734618889762
2.6756279043115203 2.169237364937433
2.910604042777218 3.0582113574953236
2.3675924782499123 2.634717441154464
3.8383381644694112 3.6975042402255913
2.5145002369768985 2.1120320492590565
1.5861473369080854 1.5849665714166254
2.816937686013009 2.475818539066278
2.611140345436468 2.1300138717309487
2.370779755814637 2.65586650414395
1.8598154726594611 1.2887056203299174
2.4281805754618495 2.6207313067751317
1.6648716286946805 1.1641759435212031
1.4907211495255943 1.630253255765623
1.6971648912708956 1.94087397216458
1.5606451703548507 1.8749521655603723
2.3575588629214397 2.7083968725845917
2.546518547781846 2.4343404079064364
1.6819935473516223 1.9771489623398513
2.3293229438212113 2.628143356690118
1.447874528495418 1.6008870676218154
1.714365188099626 1.1412709815884057
1.838012417843403 1.1868741729154537
2.630020198440938 2.3884877277780534
2.677860842733665 2.1845468220130586
2.762908422537671 2.9665927402339145
2.359751109966839 2.565243538582694
2.3363003223941656 2.642774126601766
1.699234152608909 1.6802294121647778
1.8758029399328953 2.088748563362793
166297.98727915014 0.9764999255437945
2.5957738267236 2.106767745809012
1.5535672649253742 1.844026158603786
2.4438840999615956 2.7519398142278426
1.5392321488696898 1.6330642008271452
2.4758780110113143 2.715166635288712
1.483947514994909 1.5623593401532445
1.7029109851349415 1.9622640724030815
1.7250464450613303 1.1647334087909713
1.5126381769716195 1.5121122966458993
1.7042688027080164 1.1471277554653543
2.9945151919096675 3.074743480812641
1.7063650980535736 1.1349558887665763
1.5033332553147394 1.5948862027844926
2.7594406717466278 3.011161064920739
1.5056322693793485 1.511724230005582
2.5090297945125544 2.7410559211074648
1.521942144894362 1.6051025054244665
2.5714117629178688 2.4795604949216847
1.7625959549250796 1.2087908814217962
1.7314017198090996 1.200995616434725
5.985717217641735 4.892160987837624
1.5358527539903455 1.5609912056662494
3.545357542088258 3.5105956816340873
2.50542798828795 2.136396031527987
1.6606356558729702 1.9952225655363136
1.8623318166091418 1.148962961981748
1.6754830085074914 1.1422690993857045
1.5382755433403883 1.6076985267040045
2.4368479551775595 2.6737837032870266
1.5603530536297963 1.518999079885056
1.495537845165339 1.6404680624972579
1.79992121768226 1.990207882177609
2.7302041829814954 2.900783096367471
4.217848037204445 3.9915703667164113
2.401220358101987 2.745799057396926
1.8794528001327149 2.2660174123500303
2.532769339108425 2.2424309172653007
1.772163701636376 1.2724908699617694
1.504963068092889 1.6607344178603634
2.455240572613889 2.232986656876463
2.709602209118468 2.832386390193856
195363.43211141284 1.2270315015769937
2.026480140533368 1.5716291669759224
1.6905306819339472 1.1554640948321075
2.7796517611498888 2.271651935356692
1.4913621651313536 1.5699110355355266
1.5090362818945273 1.8605861800130792
1.5280558796044232 1.6616917691936661
2.510563612925382 2.5759869391582093
158601.9400107862 0.9508921404769598
1.4628549256458672 1.6865188221954566
1.5718110633654439 1.5234155045076592
1.6915916958299393 1.1466078586101145
1.7499593592323195 1.1797019190921214
2.4154062283196103 2.639485728107429
2.550173338602598 2.094754171285243
2.3305172326126584 2.4951360019855473
1.675672202321869 1.9687941456954499
2.640704134072725 2.2289396459196498
2.4804677505962753 2.8398763821604627
1.6470841224544133 1.4128526041152105
3.9412759914515556 3.749164637221026
1.6200698658948214 1.539280601945995
1.4890221527686074 1.5711108004521817
1.6213052179050136 2.0750805091040783
1.5828397724640213 1.9640965917420496
2.4593057965531995 2.808492664388379
2.509069130397849 2.0801943231214217
2.751169617702886 2.4236458658775684
2.7844364449653685 2.967284010148897
2.3444041197561454 2.6330493404783226
2.529052901789303 2.2002084987091592
1.7031677854821479 1.1637291126864757
2.5727793181757592 2.3635389446871002
2.8658789053003013 2.7480490202506713
2.4870377528593366 2.273181611215924
1.7094073143328645 1.1938171182060549
1.6894421712446408 1.1265702845699774
4.339640688105109 3.741172843151828
1.7313161966446078 1.1499468572423193
1.728787635871619 1.0760303505862863
1.9016986787712378 1.19311064384526
1.7297990612360108 1.1825713344849555
1.6924618501797397 1.1403187764002267
1.8497016967185234 1.1692064457290012
1.7438479955523583 1.1742036252241448
3.312026883915761 3.345494522776873
1.7112245993210347 1.1631481818301357
1.7747001367789546 1.1675645409055864
2.961194906728016 3.086651312320143
2.6624144169553032 2.766349043732342
2.6142672682635215 2.233972103460432
2.394709215881184 2.5957420401260816
1.6645663068024659 1.1583797262548632
3.727666377781661 3.727166517516343
1.5279320099985876 1.5476019767152063
1.5714994573698435 1.8730542252895617
2.5848451125906413 2.108666705609414
2.7620011208997117 2.4223206563922908
1.7722156615812652 1.2111486402983604
3.172884614467346 3.3457707628358158
