2.131591364296335 1.0327098915061508
1.4137670530844784 0.43964447358153175
926.623370187694 0.0020293830152662146
2.4846477881696534 1.2439558952134888
1.5089441090183164 0.5221142065597133
1.1679083014676066 0.024925650921867198
4.501173515071402 2.3099233926579834
2.6792172433952004 1.3512144363006848
1.5919750247497566 0.6015948781788203
1.6909693527276177 0.17770308029366416
3.5468651370704714 1.9180806478837586
2.48442158404429 1.2106644160400162
1.7875745999973403 0.7725165336284464
2.1428702308247844 1.0493820243126484
2.0750667092258563 0.8561133989371349
1.5131046282835217 0.5260392471927029
1.274893534129891 0.0614374907410582
2.964119115227835 1.4734095413015726
1.6660703477578354 0.6720769756777778
1.7673611868510708 0.17545323125549017
4.729415422191483 2.493066592216265
2.967892241632753 1.4508867847678688
2.238228210701182 1.0272621826775195
2.659129120198357 1.4757402470932472
2.8259826965881265 1.1509270163936673
2.672859056658968 1.3689288471490653
1.5925807119516504 0.6210680023703439
1.8783784137447483 0.31239946933592544
2.9704823336865505 1.504002480872499
1.8010259502632882 0.8398030527508682
2.6822643537067954 1.3690658065415864
2.2961764073232214 1.106622013452855
2.8668908982144177 1.1774925960356992
3.5133135136053726 1.8857549510939138
2.47013938417642 1.2125029718951221
1.8269056646374393 0.823303968570273
2.470504034704591 1.2116158525257896
2.0434925898751746 0.9756361917631091
2.372144852200491 1.0742212673384501
2.1304438128135708 1.048160337389107
2.165355218550555 0.9449295392650692
2.2687835399911593 0.9911140117367021
2.4666173061629024 1.256479148665058
1.9926225766714643 0.6573610838196841
2.182126538543339 0.22967519020077337
1.6572075837263749 0.6646756632508679
1.726855863664383 0.10362878533761188
1.7382964597028272 0.701144947486619
1.4956890277504817 0.12584152943783555
2.741736175889823 1.235629217877241
1.6440896731173718 0.6472243609761781
1.9744047522049524 0.396435492073902
1.6361116120804606 0.682222419326681
1.640121614147905 0.6307928433662562
1.6196144912363122 0.10953268417216128
1.8351381038019574 0.7761454729470691
1.6914503884801104 0.14898582629934892
3.2651816088165857 1.4681702097236493
1.8286300383360419 0.8290683215787463
2.2175422639452163 0.4481073947304013
1.935741903666128 0.8757383482354039
1.7094838424254208 0.7127037158640583
1.8117732364849186 0.27963336882143325
1.8180159874944337 0.7904613071245232
2.1973416020819343 0.4784880313111128
1.8361537303584918 0.8879869876812498
2.588897138741509 1.2066474202668185
1.6862686811872063 0.7528118673835463
1.7603016927807589 0.8108130466911683
1.8805977751509124 0.8276500168338652
1.614253619081818 0.6540219701596991
1.7642240155874727 0.6026749792607387
1.805992897867779 0.22122187126684828
1.8756221851581591 0.47424628450609607
1.370341808418376 0.11413744022839578
1.5950651238658045 0.5662490432032379
1.7098470801881867 0.31834111028372686
1.8271144767700584 0.527923009391664
1.54394688503268 0.1593155438617876
2.001295328923797 0.5657300486232708
1.5611201340829952 0.19009841258479254
1.7620579271099719 0.5737048053296112
1.903475751901183 0.37456349724455595
1.70881896647347 0.6627850583358712
1.7851485381186518 0.3163896023439776
1.7027626556159525 0.6567074223429445
2.0318489907538835 0.4480878945811294
2.350621746794265 0.5816816723488054
1.566682858831153 0.6189404302797279
1.6214420817949398 0.5104471653675653
1.7278176501632359 0.2606531629756672
1.3180758496166924 0.12767382990114584
2.1031841499036186 0.42565283198883574
1.2143670718276858 0.10059113293479022
1.4843652307316813 0.23355027802652184
1.8858899213691407 0.42236508933756917
1.320211093073054 0.12447060083415715
1.8497893122432083 0.3616462143275751
1.4066818104531775 0.18040032234772177
1.6295963591221625 0.2930566561072484
1.6336604685482428 0.43008633215751974
1.6832825379141214 0.3146357100594401
1.7956713184698923 0.3516323457982549
1.7614839143643324 0.27651254281323273
1.2503261509845605 0.11624487912591243
1.8383086147195202 0.38202518019814335
1.0313095511208803 0.02561664665989062
1.1400531872834399 0.0818547202570756
1.7199476945565388 0.3017464247385175
1.2440672583160093 0.12071579534101744
1.3188839650325364 0.1629428691287353
1.5645093304751332 0.26718984200943874
1.5349395397944519 0.3064716672612623
1.0241231014501055 0.025358779710221907
0.9962771841357048 0.015511824250042053
1.2092765589855081 0.1139750588697528
247.54237743634872 4.601883148661204E-4
2.629243292884193 1.2198985258138846
1.8977582645517082 0.7281099482121514
2.231597033796195 0.3036779684797785
1.667257812366885 0.6905151643173086
1.9980707937996167 0.1881590631648008
2.9702976979792366 1.4203733942481027
2.001596950847233 0.9521045735752284
2.49023552603593 0.5449432768620309
2.753239511174562 1.600425425067017
1.658456092197035 0.596568405525489
1.8265605036346257 0.22532203773087023
3.9508886135330497 1.6126547747037931
1.9585993480541026 0.9559401529459166
2.2336110989682294 0.42895140138167254
3.1557234598270103 1.7848051587869747
3.2037347294359995 1.4316020257610378
2.9739363242835983 1.533881787703415
2.369640652432244 1.0969038928718575
3.090195053929346 1.7481303830773771
3.175123779815623 1.507136218215429
3.0197808169161564 1.757950388981959
1.6599830269818854 0.7004145853151456
2.0869109952521736 0.32852502067135214
1.88817526520697 0.6437172859255073
1.8315207484289084 0.21230082207010706
1.8991888778767083 0.9327505073255067
2.1309984049639596 0.328587085645779
2.3052445372372716 0.9615863523699176
1.9054746420208524 0.6059457665687508
1.5492196855529936 0.1725661739243895
2.0215988869767063 1.0286417331426247
2.136123364069496 0.33329350569019167
2.486795390273195 1.2142080935508726
2.9536304117696166 1.420551403442975
2.1842908296111103 1.091594515000997
2.5104436588504533 1.2420028352006915
2.6814551355105882 1.1428527366047299
1.7095023395063178 0.6914098617031961
1.815453806994836 0.293168160077277
1.8432038903667562 0.7519531261233647
1.7449304740843359 0.2605023474438797
1.6927190534960097 0.7371783423211702
2.1129287096720564 0.41113114178178745
1.8051229521304708 0.739499830162043
1.6413862454518382 0.2537844552871133
1.7801150762164113 0.8218634303278023
2.2915996655125 0.4899931859842033
1.8604033661306274 0.9212553636441358
1.7275853433391952 0.43184727217417135
1.6415163967847826 0.26819713138178675
1.6722672184618745 0.6380312537658201
1.609908386303793 0.26039327706300863
1.8961678998756455 0.37389558261582245
1.5917987651397163 0.5811409286697884
1.8721287094200325 0.3514025639555817
2.1047257399762147 0.4725763086109656
1.533426602614173 0.3859031686041135
1.491602996711448 0.21291052293547696
1.5457142083559914 0.2473347667106087
1.775527140506572 0.3294555500089133
1.4006546318944315 0.18970846641361555
2.7392842676837414 1.2084336010448418
2.0620135737792675 0.8998207187954297
1.8458676201694422 0.8783709452143433
2.6765270696260552 1.2732297738366432
2.2505968008290638 1.1035506088411222
3.043698089577683 1.4378153579354678
1.7843262464897998 0.8289304603996126
2.957397029835133 1.4179939503034942
2.3030751323604255 1.1669922809242514
3.0403661450546 1.3484163403664504
2.715504224455773 1.4935566665376372
2.7897509036436565 1.3209250024241874
3.1891810748241234 1.4928787475991974
1.8353907035825427 0.8852056028585309
1.827107843179102 0.8565879880381039
2.1871617346847416 1.0865291104516357
1.9942496224052275 1.0181900136909272
2.2976526574791616 1.1868617750959098
2.7183297353860167 1.308744524178802
1.6920303822459364 0.7444210574908268
1.7092353613831714 0.7859378032473862
2.5689629413757324 0.6902652389080599
1.8752302271326875 0.9288513256397622
1.5355247859327172 0.5997552842037015
2.545210823737235 1.2145307773291556
2.0955132986667735 0.9654559835838037
2.518979798434964 1.1226365134954395
1.9916209356546877 0.9583643957970596
2.435273242336284 1.1211814526606159
2.4707108599384466 1.240412255499692
2.284213602495804 1.0727303403388897
2.55670480570892 1.1920857659672475
2.713549962753981 1.1290529642548626
1.958242172440406 0.9300793303496946
2.042824445597027 0.9868404560113738
2.3466723906402995 1.112371688686339
1.8248704059579237 0.8378669329467751
2.1253822962725257 1.0120313627528583
2.2235536282396557 0.9781437194145474
2.310436937303256 1.0205360040167346
2.1921609755725666 0.9693754532669492
2.13201833339045 0.9964944781220826
1.4144093902534103 0.444469777380595
962.5554407774165 0.002258070119398728
2.48470402201977 1.2448776607380092
1.5091023782659296 0.5152296318142973
1.168006187665407 0.02528187954145627
4.732689257918729 2.4982342224861016
2.6795551932779187 1.3503698720141946
1.59447716716927 0.6140674762415186
1.6926061300223396 0.18708062178731427
3.547590544049114 1.9208771196894805
2.4845449839478673 1.209257089953657
1.7890917301412406 0.774872505846389
2.142973098426353 1.0492006966670782
2.0753199965092453 0.8564753784480622
1.5133255006422597 0.526682567857032
1.2754580215129672 0.06255635153939915
2.9642721964603895 1.4757195521037665
1.6673434304684538 0.6758460580432897
1.7679385373919985 0.1742434931052742
4.838514469292242 2.6010250791944816
2.9694911352487336 1.4654877193890439
2.2395634809724854 1.0307367603847177
2.6592470677278985 1.4767444075162892
2.8261428214275037 1.146542282936073
2.6733566103669637 1.3708045463202385
1.5926788999324 0.6165953991453222
1.8786745696651177 0.31143615887715986
2.9707418218422914 1.5066598112389333
1.8051983959685294 0.8417788593053271
2.683153207700832 1.359107243603473
2.2966817426184507 1.1068921753577845
2.8741924623810906 1.1825127864681517
3.5146788552106916 1.8854746512293463
2.470402824760085 1.2120939336213787
1.8277071579599595 0.8231940894863456
2.4710204467310986 1.2105529751024935
2.04377550221503 0.9741682615123539
2.3746739338158966 1.0753263944938642
2.1304973450899425 1.0495265623166463
2.1658096739451733 0.9447775118217413
2.2691766109716482 0.9740331010550862
2.466649550949435 1.2570884241490208
1.9929431717920145 0.6571789858399065
2.1856536032750196 0.23220457130337502
1.659126742124444 0.6765325161177693
1.7281024173224764 0.1200978980771864
1.7472442357120828 0.7321475208468691
1.495717331817605 0.1261990513318768
2.742723629740113 1.2342650976521101
1.6445149178498153 0.6268186694889402
1.974539655867149 0.3966878186637837
1.6361618003098515 0.682281858463057
1.642784592755201 0.629861567995359
1.6202264593428533 0.10356770540187044
1.846531579154862 0.8070458136496683
1.6935827679742785 0.14798253371213066
3.3051791090771703 1.5319414133698295
1.8286843225876612 0.8289974902025251
2.217564463940846 0.44811139113345827
1.9374486132393014 0.8769872181587766
1.7101316449655766 0.7122677273043989
1.8127635952767247 0.280738791742283
1.8217118211221734 0.8185207240692298
2.1978629310842015 0.4784321419228836
1.8386615129822657 0.8893630931393075
2.6210979044437623 1.2494664400284754
1.686503980282185 0.7524826515747046
1.760330762958323 0.8205922214460992
1.8819888453157079 0.8265909617463414
1.6143109298767662 0.6633611757500624
1.7689313683340444 0.6000341615581158
1.8073862288376894 0.21773050936406532
1.9147194244297692 0.45136240441572023
1.370556730292134 0.11577215725176238
1.5956069819796255 0.5655878359664703
1.7098491992067153 0.31836673823362716
1.8288365999239735 0.5316642415967481
1.544649364114027 0.1568505334213257
2.0071517749674768 0.7577690397412749
1.5674502715059653 0.19636284532363663
1.7635890624016162 0.5622112633344696
1.9038288823368559 0.37697637421106706
1.7327978491537177 0.7155376264263944
1.7861832395475392 0.3169150877235275
1.703415519613332 0.6533923466975884
2.0328652184406724 0.4495928161513062
2.3550705282687896 0.5841463982733794
1.5678949552745582 0.6209004362839583
1.6228610523721916 0.48279402183809283
1.7280609680626 0.2618649261117386
1.3180885336960153 0.12773446902305924
2.1624137244284976 0.5678603073708821
1.2145357211131074 0.10075868980535993
1.484427798588035 0.23350780877675192
1.887092460222955 0.3400067218295166
1.3202508730105564 0.12426384038952992
1.8528718644234254 0.3576318898397713
1.406953002590547 0.18122864068279373
1.6299500705678898 0.29322473492183687
1.6468757865452361 0.4108295887226992
1.6837175745236608 0.31480724009419453
1.7965146921170945 0.3664460558660415
1.8822688606521467 0.25885950176532724
1.2511517690270966 0.11740190246022777
1.0323840110298927 0.026245637772760497
1.140102747954521 0.0818813809883169
1.2451500372946975 0.12278845687057581
1.3188934570746975 0.16294863961473444
1.5650164373230893 0.27188032054074146
1.0241822412898993 0.025418697583748012
0.9963297929838802 0.01545163753303571
1.209429876209643 0.11405739356777879
266.425986704161 2.2442351404856203E-4
2.6322087836319294 1.2340420794088414
1.8990822248026977 0.7286292514558268
2.2365422986582684 0.30988246205586023
1.6678315710876255 0.6866863214348213
2.029626664502066 0.29717302678610025
2.9762658065033607 1.3922498163104267
2.0017447484116833 0.9549933336782516
2.753464441389963 1.5994253255661348
1.6746789056784444 0.5556067858274354
1.8280445238634297 0.23608326304845517
3.950899824787987 1.6161298922157203
1.9625178052312018 0.9635168562917487
2.2340181831464676 0.4282619176262513
3.1573560337091755 1.795436466301966
3.204091130102758 1.4315984794837178
2.974029209891573 1.5339886405732668
2.372969546234094 1.1079387185444514
3.09117511290339 1.7557833686762692
3.176219999667154 1.5152773092393252
3.019951792909098 1.7578420173991454
1.6616302009639277 0.6998024653335768
2.0882563429736942 0.32863246402641244
1.8907423949615259 0.643434407010171
1.832140465820102 0.2148834798561136
1.915605722418136 0.9574838021699223
2.131172427307209 0.3288295015144294
2.3061134783233763 0.9705023984980066
1.9078755822618332 0.6172815500824546
1.5514840012995301 0.18814782179938289
2.021659387322519 1.028301970883309
2.1391925945868135 0.32309214008424897
2.4868870701901016 1.2141333952836193
3.1103500398172867 1.4828297316062378
2.184644869501975 1.0903824664968167
2.5115390848237253 1.2366304149168255
2.6837897902124164 1.149132233056983
1.7111090508001958 0.6936436152534029
1.8163951543933181 0.28957443120800586
1.8514229088210261 0.7229986176634525
1.7460429400097803 0.2603917224318662
1.6940409990595442 0.7392317640527837
2.120086058929129 0.43707099550021067
1.809757107071415 0.7444784671091405
1.6413989628229544 0.253554079023234
1.7805315037417697 0.8254336963543598
2.292598092719437 0.49034111993134916
1.863862299822428 0.8906720484289509
1.733422368487723 0.5112350575472664
1.641887093374788 0.2679577340488697
1.6738733386936167 0.5440245415819742
1.6114376884979436 0.2608147435897981
1.8964016953929648 0.37384799447666406
1.6031224799358448 0.5683976783096629
1.876694531377428 0.3631363898947452
2.1069012590554217 0.471975917269736
1.561089454817715 0.3592754714589301
1.4924679111324286 0.2133430465998986
1.5458455613598403 0.24741824801723192
1.7762094394049086 0.32984444684409536
1.4022423877209158 0.18890928033983992
2.7401892331111375 1.2043399359886826
2.065373574166249 0.9182615085715738
1.8471026484891677 0.8859119590562277
2.6795540448461566 1.312033504108158
2.2506371245259276 1.1034533853405089
1.784566937314251 0.8297967715285889
2.9580348995289816 1.4186775024603424
2.3033708016614387 1.166289150907847
3.1112775317770343 1.4685875458069126
2.716011855810586 1.4936055577019665
2.791139279010212 1.3186531338263678
3.190239939726537 1.4998239716111597
1.8365600565502045 0.8797575089271532
1.8271439363485844 0.8566734786526229
2.1894021837878745 1.0879750616675907
1.9943537381721037 1.0214677600101902
2.2977163933430065 1.186914432163614
2.71913380528151 1.3107734423484647
1.6924492145822354 0.7463384611780566
1.7093125820460437 0.7859405929340683
1.8752332899479112 0.9289855463376412
1.5359586725915193 0.6018849150504059
2.0955784492555756 0.9655451657859229
2.544629525285715 1.0982694335198202
1.9924115632362753 0.9587656251962153
2.4360047603182364 1.121209412662904
2.4708193266379372 1.2436774212733963
2.284629542293147 1.0686089881505827
2.5569289978947767 1.1982379355349368
1.9594153440478606 0.9308368959249076
2.0440270235876126 0.988143991480569
2.3485295254564322 1.1123049457089356
1.825175676432357 0.8380570841019247
2.1254306064383477 1.0120461412874584
2.2252731407118 0.9788159141461684
2.310623165516601 1.0206525633791506
2.1925186510091996 0.9692789649650504
2.1393100379813026 0.3034139987214561
3.1884160858558848 1.6019436660546527
2.1495474299848696 0.4507480242507521
1.8375681858350108 0.8850405364490064
2.250738884287801 0.8754260032404722
1.683299146891839 0.6744455396001752
1.5238487946519763 0.5561091405662202
3.2499812234857153 1.57923391481139
1.8858294989367996 0.8261803528888114
1.5637043573172116 0.24451354239596945
2.9650204818938986 1.4870439414309393
1.6196813037578415 0.6676137942487741
2.2853975908797395 1.073450416952657
2.3155632629875877 1.0852315753739354
3.2280079639747563 1.4403160321692838
2.178687391147206 0.9501863189402137
2.566526931062244 1.2102608729997189
3.276906506009804 1.6889372888639895
2.009293645744865 0.179894443211699
36594.74291528309 0.0010342636403522937
3.968266813578643 1.6298529277580232
2.834535354973624 1.642239118156334
2.0675416708203933 0.8989111889852743
1.8868271319154875 0.7314229181805967
1.1076376095923572 0.03429459904164046
2.525678662829601 0.9535064075464169
2.7531785721218593 1.2997820456999176
2.1032361473332584 0.9665115687747543
1.595194459278196 0.5987816047871605
2.764333307065443 1.2626291975572206
3.8242665461596115 2.206968498335881
2.2731784106944564 1.1816352806286803
