2.6904840544289232 2.8098498349840924
1.6689181034148821 1.9060613622569207
1.6092190777990463 1.5576417372984444
169932.47047124794 1.0207261258235905
2.9288085263252235 2.9898707703912435
1.7726319376376334 2.0212284094656807
1.5893045516517774 1.6278692150600647
1.788893693152239 1.1801934704975734
4.300959866447995 3.944078413012285
2.870323380965996 3.0192474893485994
1.7984826374573217 2.0452119998464533
1.5705302588893872 1.659801197729
1.785622790202944 1.227192726332281
2.395587264771817 2.6686528211271847
1.6755382383345312 2.0271807341779455
1.544624662433997 1.6698104761709442
1.7545424751550849 1.2258889652444698
1.596504190751788 1.9003545598223137
1.5393672809185035 1.5632070196641297
1.737279501107928 1.2191062124766379
1.5847859026098 1.5517721999182041
1.733809097060404 1.213875013768697
174431.95885291594 1.0286041145416407
2.9722804892893264 2.8724762335559735
1.7948662987335382 2.040858199714778
1.595927475986465 1.635010223265704
1.7952331916732238 1.213678671864404
3.984851375955585 3.5806330758301836
2.5361022983335295 2.6591174742375214
2.6863171297025685 2.2355062793968923
2.9513338961244004 2.9514006563947905
2.5029127730886294 2.7082027299933036
2.6482002687991013 2.239168621854099
2.526587421263045 2.5818976823645725
2.6537765000282656 2.2067830319420345
5.409020180616842 4.473159321946514
2.980923625801681 2.9668080104314747
1.886766050665559 2.0567687552280893
1.593389558925651 1.6478817124096363
1.8049717969663908 1.1868385283463327
3.002204432807632 2.9878658534794718
2.5573791690935774 2.689703411221442
2.6283753070455607 2.2203730272395905
2.555961533418537 2.6601502308816647
2.630770910366204 2.252163300201612
2.4823945781073764 2.6314724457547136
1.8231361486780513 2.068749986760772
1.6099734958213365 1.6592929622933479
1.8174264100406885 1.1740942153735436
2.727346389385474 2.7461825073603277
2.729179909612585 2.177729548283785
2.8650909569022462 2.2998272836348947
1.7188061641703076 1.923187223343343
1.6303457793483993 1.6476121698508384
1.8317422378519272 1.2026385459323026
1.7035538399708328 1.6245487008286155
1.855833463607393 1.2257603863686046
190712.05767919944 1.0968886824620296
3.0026072483778177 2.9896918633384297
2.5602562063327294 2.6137866852176876
3.899267557187604 3.555242780736458
2.533502418962195 2.6510683808053495
2.836371282246284 2.9111568840001283
2.530233590416163 2.6445407168968114
2.6232767095289637 2.2138795441345263
2.424142350444007 2.5665238831167674
2.5895982256469448 2.1451765068759956
2.6785651737772604 2.163768210302505
4.185226034942186 3.637608486897282
2.5739319718638436 2.671823078195507
2.6787034910167 2.205685121429074
4.135908459121457 3.7014948611310516
4.142783493540015 3.702701933617904
3.727774573444971 3.2589191870567675
3.0453522690596087 3.008923823119803
2.5759871550066586 2.6644555641587018
2.6497112789816137 2.220246651798209
3.895811378312911 3.2408853123882158
2.5279939541218237 2.5786498358343977
2.694482402726022 2.2042076823456513
2.80159730772803 2.1824950237981353
3.1022987759001066 3.106391362601136
2.5195629167486633 2.6087140897472123
2.7830491091760696 2.207571290814615
3.4049741400338633 3.172338662623118
2.531052030191771 2.650029947682849
2.637657468637417 2.246654439592572
2.4464373096371212 2.5758982496446077
2.6151583659195805 2.1985093854099804
2.624340029395845 2.164406551762524
3.80840915940847 3.5252137495057063
2.569374597844833 2.6785812922209096
2.6415295627044957 2.2192667453693784
3.9672632622325974 3.5129143464504926
2.537823632178508 2.6364496236263943
2.6525306959523482 2.222817142784725
2.7314541823388345 2.194719164221898
2.5337690667592287 2.6560798845096274
2.5631293624464817 2.612741401587934
2.7435450674004964 2.1795422356559886
2.651065388497855 2.5564907647417328
2.6495286090654484 2.176247612276701
2.7042625844360804 2.200040063870342
2.5174878613485823 2.559808471522711
2.6836598710893873 2.18490696143854
2.7310638321496867 2.202844021860062
1.6819444090700015 1.91515752125175
2.8627564163506234 2.117358000036252
2.795576826197734 2.169867603051202
2.83013396293012 2.180595631436052
1.6140266060796697 1.5508946524621423
171802.7457557747 1.026316434846354
2.9397267003397043 2.9325693541905844
1.7924406560672699 2.0287181625919266
1.5912575499106996 1.6050557488048223
1.7928017160882952 1.205891808805211
2.1292596037225637 2.2082284903905482
1.5812521259117833 1.6902711111716109
1.7864389994907666 1.2063541552861268
2.768489642190512 2.902824658920775
1.9294064137774827 2.1138768190675683
1.563307131451308 1.7500948090184867
1.7686681754323952 1.1910388699938625
1.6892234052986237 2.0149257208869944
1.5317359110267248 1.6667280193475371
1.7437637467557119 1.2083237703558043
1.5753419194447935 1.6233490730698639
1.7418064111749816 1.2306099328996472
1.7894832338967643 1.2397679837854485
3.751443020287726 3.439439315125612
2.0486256194428907 2.16897159930048
1.587420894848715 1.688241852995256
1.7978377725228474 1.2149842650312737
5.4170931467805 4.491966117824269
2.631915502360982 2.757534894548375
2.556776568005602 2.742781635162575
2.623380734817879 2.232376013861074
3.6539923211202052 3.442527748106242
2.0792516429714762 2.05742385103167
1.6050721108925368 1.7266931589803152
1.8074748472455713 1.2182299036944821
2.6173947697702227 2.7288516881096796
2.6837987580421307 2.3044324909284852
2.8000470404685798 2.3373059825111016
1.8231025905599396 2.0424957573094855
1.6162057065182949 1.6548329270971296
1.8231696490801832 1.2119967849851498
2.9655262418599886 2.334453736973301
1.6697023178673842 1.6223193245409229
1.8525933184550558 1.228713819626289
1.915665719098686 1.2526776826332613
4.0112864634787195 3.5810579584214075
2.550741935333308 2.6764099259031022
3.8573937941723413 3.574295342733701
2.620526412540858 2.8139489093737162
2.5277287048756785 2.6848627669515888
2.6017919483572873 2.214209639195155
4.047603822817789 3.5872127737771637
2.691126210519652 2.843622113071616
3.865739432644382 3.5377437334071056
2.561911102985594 2.687212164360062
2.931802843723063 2.589950512327091
2.67713300250609 2.1734042062824503
3.0671446710425356 3.0344174301536073
2.5551547061463857 2.711805470317898
2.855418996620045 2.461622305322192
2.527227766338541 2.6851200744050807
2.752217753968839 2.4426369114230555
2.7863522021588 2.29294127758316
2.5570688056696045 2.676822485087382
2.9930090841425208 2.200610427458054
2.643584537153497 2.2108323343595337
1.8140032890986024 2.0270309138974665
1.6160671200893728 1.6418735447134785
1.810188839800971 1.2046468801058994
3.018460412158883 3.0148982173720826
1.8843238469333516 2.0765238029436057
1.5923136390065935 1.663003966270993
1.796529819205134 1.1963067364919395
3.0203384265091313 3.0089612556820162
1.9958832799908228 2.1217262945026705
1.5912309189021996 1.723527582191765
1.790562032475678 1.2124469620350182
1.8218288074635405 2.079993394474205
1.5629725764047548 1.705248909171974
1.767301478101781 1.1828765842516393
1.6022111050372265 1.7041086138672732
1.7654725924351884 1.2114714610992652
1.8135872663230894 1.2411469014045293
3.0288629919149854 2.9554307862416853
2.229384560879922 2.3172939066989997
1.5993896212325007 1.714653322869285
1.7960056519838283 1.2012726699985121
2.6039855990454663 2.7324439520032344
2.8053678235373813 2.331625311425475
1.8994584636455047 2.066401201870707
1.6125038818103214 1.7507111429629743
1.8145326330463223 1.2242911568384252
1.656637156857877 1.6357294511635545
1.8432028195315038 1.23963473711181
1.9163741543178072 1.2827706080252717
2.9891366403249156 2.9691763547579004
2.5490299173226667 2.6229913092043544
2.496774655012796 2.670494294117451
2.785434962572958 2.3177303900677066
2.533003630495524 2.653377093936054
2.6595893602386593 2.2915683818357566
1.8984833497184228 2.036186490419037
2.845583119253787 2.1871481134070923
1.608610194589323 1.6959619700183002
1.8062480535264545 1.1900419313319004
2.469188351964357 2.6766400020422854
1.799931128880332 1.9920572667066543
1.5904400244701107 1.661141838489657
1.8043210037288866 1.2099613198491161
1.7967240665106803 2.045091672932184
1.5799410058900638 1.6751351062628281
1.7892914193582463 1.1688315331036445
1.6107139389130734 1.676261028419571
1.7892504527680755 1.189942214722897
1.8472299380753014 1.2402051085221182
1.8146301878094346 2.0452994947081735
1.6076010240870333 1.6794454898773887
1.806013461472977 1.210928117480033
3.2737223348960485 2.4004247208476492
1.6567454815470368 1.6855595116866329
1.8382811951261768 1.2267484098340016
1.9053820940700912 1.2529003117947035
1.803724717267572 2.0413528419466602
1.596444017274675 1.6359092989888588
1.835977329602686 1.2102377417730021
1.676207467338477 1.9231802265070412
1.5971006090168973 1.6132847923227147
1.7943892898750495 1.1816899013209516
1.6330803667921636 1.6398350143348874
1.7954726847970262 1.2055893513476015
1.856566683100675 1.2311937456718458
1.6509152552627806 1.6205470448878534
1.8227805034200517 1.2297011573871761
1.8964232696613936 1.2477424001758384
1.5929781565144723 1.6011944768405773
1.8100565055833187 1.2105917071985854
1.617577533609426 1.5587777033773225
1.7969153070793895 1.1840732594248666
1.8513316914084275 1.2195089159146875
1.8841246259928772 1.248521833348217
1.8041301302158987 1.1921779702150612
171820.2194173875 1.0141757617744307
170171.2050748795 1.022183746567997
1.8060704977791215 1.2109294747967079
1.9143001589241964 1.2664034572152885
1.5823196212570994 1.6845252776899955
3.0320003959604525 3.0166328300285556
2.6757559827063306 2.278997934934427
1.8847890479967018 2.0793744489224153
2.7036515817914006 2.8574190612482506
2.6365460499436777 2.2677672995579314
2.484771524300712 2.640627234187123
1.6175649480126038 1.5447897560131385
1.9832444745996338 1.3318565619682816
1.937996308056693 1.2182948304521632
2.522020962434112 2.601764908530206
1.9295908301502973 2.1195493319910517
1.8006523309718272 1.5467041870660168
2.700233293179786 2.1796782501423664
2.631072696086508 2.6627016817535383
3.8975845559597535 3.238921472014841
1.7339540582768436 1.2145963667153294
3.2617770115671356 3.054434633351967
1.6244990899398077 1.5092449642790664
1.8872674061370722 2.063972779906943
2.653276540022296 2.161044146413571
1.8502456764662987 1.9074314196988134
2.8654990562779044 2.483828714059055
1.7398649313414576 1.760536151513824
2.973197556844031 2.3057778393492354
1.795655396489913 1.2120072197552705
2.535668027274798 2.634295250584569
2.9305022515311476 2.4625346059816273
1.767367654374425 1.1828762202213188
1.6901777601222143 2.015354779414304
201755.09454212696 1.2619327581682402
2.583072376356692 2.6777359085624264
1.5933584766944096 1.6505754750066433
1.823637312035011 2.043940776846803
2.875277677190339 2.4726336488388583
1.59877823393927 1.657629801426293
2.594656470034261 2.679638593811333
1.8842724285562582 1.2516508393874355
1.797412431418934 1.214320120054857
2.538256562654286 2.5641294256980105
1.8163506003141872 1.2185475132238204
2.9171127406393866 2.8565844334946373
1.9344836202802034 1.2195771948446468
2.953017693424203 2.943826797331732
2.7377638363231744 2.2535287146411633
2.5774771417975826 2.671674880386412
1.8857443263250975 1.2399680231042953
1.7914797357079884 1.211291332771442
2.75371929386699 2.1804901602964426
1.676223648456988 1.710160409803454
3.8804069201462035 3.551569088907429
1.797105563147436 2.0430525640477337
1.8326659246401196 1.2560065857543838
2.5307294234919047 2.801879520773489
2.5415121246614074 2.650690367156649
2.5267239556522854 2.5168985618399757
3.7567313906006743 3.4394237717841594
1.839150202049755 1.2089145472103355
3.9928085822900474 3.5652949594435945
1.7972966278559417 1.1849924229948678
2.719042611633049 2.23888902352716
2.8074455676290944 2.178529253640125
2.9532644221463915 3.018788837042104
2.6458934263841707 2.701185261315068
1.7565675093525184 2.0246384168325355
3.994277550420252 3.563132179188374
1.582040929163186 1.6951748484534899
2.5369960007556958 2.62164812426825
2.940507316861191 3.0035167698919825
2.5621471256194663 2.689223729438511
5.499318161684158 4.429560946970407
2.6485516637488358 2.2547715836983993
1.7437171783224619 1.2488760320681405
1.6017439267374953 1.9357433539409616
2.424309028637227 2.5666754537718592
1.5394514229981486 1.5630832906215857
2.985298402314572 2.9725698755800787
2.5428120890924752 2.609319866295934
2.099648139752161 2.12013603522087
2.818958098886182 2.4259746192624827
1.8362595173036231 1.2148572164455427
3.0004893292020802 2.987393443742874
1.8947409288095929 1.3618303084751515
2.590898076015124 2.1297697676918035
1.998864351123648 2.029362447192675
1.6389450500534726 1.7185718511030856
2.6871372304727013 2.3063082680525513
4.15635435387431 3.5815942021116065
1.6794263224504926 1.6444499389094318
2.620488319043722 2.7667124434241135
3.678544429990697 3.4288458051136264
1.6017836662790477 1.5694189812990633
1.7308474756784555 2.0084742026964166
1.797933175856688 1.9772771499534902
1.816802807782085 1.1630252941692463
1.6139759952286348 1.7509056792116797
2.682177859141419 2.21844373532806
2.6932660816109086 2.14825207622954
2.633108641441858 2.7518665481827638
2.538628931043325 2.705521681092051
1.657782865175103 1.6877025603720333
2.6441588964904486 2.6360147855818425
2.8380935322221967 2.9108913853087524
1.8496537795648242 2.119610192380508
5.142321137572672 4.239274352750189
2.79737839824656 2.4947367144572805
2.7738827619174646 2.464703151243998
1.6561872071542978 1.6363833522080642
1.6599334815295939 1.6264600282909012
1.8087654743408694 1.2139197308386371
1.5699628882616516 1.7263150165371006
3.741939514966009 3.3227610722699863
1.7455371486515114 1.210365177154969
1.5657149943642028 1.5662403409152112
1.6264009613272692 1.5736415518296232
2.52899973710566 2.6679304559157058
1.8995244672648324 2.0610545492636754
1.8624801191092368 1.2265862878546825
1.790149706075024 1.1814470843588865
1.6095081588512543 1.5594163471998632
1.8538379247321761 1.239964287675179
1.76081647176568 1.2140186689089216
2.786577945610419 2.2929158530055953
2.8120644162249544 2.3426917331833694
4.143625627538804 3.7006955871262193
1.8325344057360358 1.1954972133933532
1.5777472345546222 1.6115956435213399
2.059306190565362 1.231062464156952
2.5458874361316894 2.679363791747454
1.6164751344726678 1.6432078791574822
4.30917534035023 3.769230561627599
2.8353949558646865 2.194944270672646
1.8187805338473428 1.2631947337089386
1.6599236683934615 1.7161556124312727
2.5442919015487595 2.705861818055922
1.8310340008421089 1.1919751455648249
3.009757847397485 2.994610499213582
2.534709828315007 2.6541622221955166
2.8678446105806588 2.3022282075053084
1.809262143470558 2.0690983254386603
1.8170614355142478 2.0424247454326308
4.136592796601674 3.67593450462295
173977.33750548595 1.0214295889204152
1.8342209850956568 1.439280256454752
2.0970637232077345 2.2084914950245267
3.1685334388039332 3.0902401255574117
1.8191888210792377 1.222951145202978
1.6734495856687879 1.6383376849857527
1.9169874946166743 1.2830061534486368
2.604323242256315 2.196220360431904
1.590518226245225 1.6762902230145145
179444.2029494805 1.0794626119365007
1.8282550685172705 2.0922738613240854
2.5280202722915788 2.5839408571187388
1.8096605237927141 2.033477708015311
200055.1180269946 1.1696753132131066
2.746491531369768 2.8395630521479562
1.9841021037548918 1.4612424405602784
1.8076273468129227 1.1808370657670355
1.6458913352791362 1.630573677043011
2.827161364284188 2.8953508921368916
4.366313080783675 3.9441292877784697
2.624548910143971 2.1644128971195333
1.7623368802477577 1.6952185469326846
3.906419485030087 3.5261742851558955
1.5914009448689237 1.7243085408233105
3.1033797763150552 3.1081012721105967
1.6899783307439913 1.437898437531789
3.6388992979859562 3.481487627102649
1.7951788846894532 1.240252476850728
4.125663281941876 3.6215130594656015
2.73309878843194 2.5629273186891677
1.6928490038813857 1.8792235310308567
2.15303014852636 2.0548105888315504
2.607127669590776 2.729961500623678
1.8617173782933953 1.2194854856416941
2.8127812889600623 2.7748770775479277
1.8108647080398859 2.059073323556405
2.7631243378128643 2.17632408813117
1.8219011808462797 1.9204351226863914
1.8181383993740314 1.2321091207485346
1.7900556925907696 1.2058749872361931
1.612906165461962 1.751750032543213
2.6796658809628275 2.171755351499476
2.6550847201384906 2.2135099818869484
1.5681264417871708 1.7608367786436205
1.8019548132815597 1.1822152414855331
1.7403197878181769 1.22435796763591
2.6977282203768604 2.6147105886496345
1.586619352167351 1.7500846483577928
1.6100910017040966 1.6765119958833932
1.6599849222266698 1.670029471043811
2.5542916664968636 2.6868220766746793
2.6237607702209167 2.2004581493392044
1.7668718176992018 1.205771971836096
1.8546374197575135 1.2643085622029058
1.6583138147977654 1.6920006651007815
4.132823887204596 3.3921748554611932
1.8372679530049403 1.2883432563980284
1.8483382596457543 1.2480570705823602
2.5815729519800534 2.7008994941720834
2.557007708224597 2.7420266831785574
1.8533158352393753 1.2352321290811525
1.6934202609259814 1.790489042825525
1.8818486428231072 1.2529364520406217
2.642388791820916 2.2205125743207006
2.6900902870653844 2.1816417276796503
2.6242571392605765 2.2306506981157996
1.9270399913025993 2.0303055396303717
1.7117075080836097 2.0771367223944246
2.6542452963793197 2.2444629855164435
