1.4213810763408716 4.177885707871481
0.7353591349867891 2.9650717125088626
0.5859409823972176 1.9862689892959342
0.6649833464708006 1.4465383973404213
393.2686991185836 0.8960581880979759
0.8584061758370326 3.7652227978884714
0.605574830845369 2.2459707408496348
0.6414620185584597 1.521038573249967
1.0014591431917401 0.9402872618897746
1.1294074589996579 5.119028547147527
0.8731190887239672 3.7843924913545606
0.6391009751978912 2.394689013992272
0.6194060516437614 1.590540213316299
1.0015039242104713 0.9276744103457667
0.7278349022503269 3.0618115182818153
0.7022471148662429 2.1156629936203832
0.6349546595395831 1.6009438285025237
1.0302415171882082 0.990485015675142
0.614411155262432 2.0240967555901133
0.6636045443245762 1.543248492246299
1.0291085831497722 0.9332590771848898
0.7230991733009511 1.4828880278969825
1.0531061875340768 0.9939852468203875
25190.974299146405 0.9854748381288136
0.8433172586025779 3.7382222197842303
0.6132342773826901 2.221973757436246
0.6615969922251533 1.5457417180459678
1.0026408536746023 0.9245178939986427
1.8095951231717011 5.091914432076546
1.186552755704598 4.098573193821068
0.7177192776364862 2.762140265261356
0.9771528812777869 2.057532281904848
1.0757644377868014 3.8497945954887407
0.7320372528173417 2.8120338611994447
0.9260475052882217 2.099082106883491
0.8509702631540551 2.7543711691678325
1.0040305006443258 2.0812270157095787
1.1701490653598823 2.015723224171884
1.1629321788859395 5.01274240624936
1.200267496513056 3.9339461001100604
0.8510307202111312 2.1155405504328666
0.6229238567989426 1.5939609208782348
1.0056843685305725 0.9445683384062402
1.1079546149696462 3.6871330863526133
0.7294376512500523 2.7675757224179094
0.931072311104771 2.1012002921944326
0.7651807382217949 2.699601533763512
1.0043882354735683 2.1078190416778626
1.1779048601600188 2.1208950629210754
0.725318416108744 3.033922890217891
0.637952181550526 2.194728625927124
0.6270464612874005 1.594683061623092
1.0177124757375828 0.9496514055409713
1.0352263645335273 2.6570027138243475
1.0110919773339382 2.0443243979411236
0.5972974854154268 2.0156488338770453
0.6779716974970545 1.5506716331738284
1.0355448667300573 0.9711402781549138
1.4002440955809812 2.2041451477634326
0.7185407033245829 1.4807212798385452
1.0427324661337642 0.9599020580230613
25110.17981865752 0.9910842183172499
0.8545764586347987 3.7539098852902972
0.7885726544644885 2.554625006131746
1.0932492054247551 1.9436647945202643
1.4117425266608614 4.082845786605797
0.7504623294665871 2.773172473328674
1.2560850404192463 2.1500526904435953
0.9109319731402363 3.741525856697675
0.7785025418496424 2.818212089890209
0.9138849788179215 2.067217781815302
0.7436830862652609 2.549953827403833
1.1229632761409962 2.0860535536627274
1.0552218188754419 1.9338350141708442
1.2247950880900205 3.9996000883219365
0.7238756905726537 2.7760408440594215
1.011901018463488 2.0846162713685064
1.211974711935018 4.08160655872217
0.9021092994515774 3.4984536396311428
1.166675569361357 3.3545950649208516
2.0730266256562846 2.9308058634972793
1.0092369320409063 3.565468877611078
0.7283825517499884 2.7815627376409777
1.085708395194267 2.0906163303991017
1.0654268694660527 3.2919080697334286
0.752552784020358 2.5404087326702145
1.1160895536440818 2.0694346544647146
1.060944267770584 1.9368844727930221
1.4889330565655976 4.023244169639401
0.9070285811995242 3.7982555290524336
0.7479166404162475 2.61765581432306
1.0152811030008204 2.029090103171578
0.9086651620807967 3.8685636209916248
0.7162261257621821 2.764766411366862
1.3143754198473276 2.1703340511256384
0.7271917690986757 2.6343930031079315
0.945165443229874 2.1151942526760896
0.9544439301574066 1.970048172499323
0.8740174496936153 3.796385481629715
0.7113291186193923 2.745070339990704
0.9870877178407683 2.0858941401562863
1.7426455467890833 3.3498448089313055
0.7360853263515483 2.624051065142565
0.9663742924108082 2.124216772545461
1.9623368975594109 2.9743644299526695
0.9886317822095075 1.9919612993598133
0.7249347211050239 3.016454728028758
0.8321609803163786 2.5666712127623725
1.1352781499757343 1.9389393579290704
0.9796760421335704 2.6721470935391354
0.9685130363739228 2.01644619631198
1.1688345312716812 2.1256215781910246
0.8376948560752806 2.537028651895575
0.9419449228430974 2.0232455211672185
1.4151236901296806 2.0749997544550878
0.5923616314640593 1.9796408677736166
1.146256856750793 1.9064690158887296
1.2719894695976728 1.9743277853206194
1.5495826360223626 2.089100517489041
0.6751247606787919 1.4487041995851981
1121.83373936476 0.8994837536371
0.9143732983169067 3.837363107664723
0.6098354583840754 2.2491179699308756
0.653576981841893 1.5420598498597344
0.9941104143465832 0.9055121470760377
1.8194064982312241 5.063331289140317
1.2800098623730993 3.889892532111428
0.7561374967254757 2.7692539721195324
0.6158911630770331 1.618972495027972
1.0008751872645785 0.9471915826698032
0.8510687763169451 3.753501281308944
0.785511628039951 2.780182562049593
0.6150635499795812 1.6956545721594405
1.0085634737590505 0.9648740419163842
0.6155028772073831 2.2489248848497434
0.6218475582704047 1.6426361637548343
1.0389444928771787 0.9544041947608215
0.7226121379941262 1.6047341247495286
1.0409403231843652 0.9674551738894854
1.1235711215296493 1.0494868264823738
1.8242616785110206 4.989418851825016
1.2547318986404834 3.922184000031824
0.9318042842267437 2.8810834163722543
0.6213930083181649 1.626850800536199
1.000798097635365 0.91693776390509
1.1372981542974014 4.219406403076823
0.7560813255924421 3.0049320698857773
1.7917977410700014 2.556560768397281
0.7430653514877678 2.816413677463445
1.563021773948714 2.5977885173810886
1.4084190720789034 2.2148957581787245
0.8591711584077879 3.713616320235905
0.6945552627880104 2.6751180357399296
0.6192010869302494 1.6822569339007276
1.0029606064869674 0.9253570943534927
0.9397816816722884 2.8443503247748207
1.305052189329494 2.314811734036405
0.6135127982993954 2.2338211837121573
0.6432066903959163 1.6500230226680646
1.0211897635386067 0.9357298572594805
1.5626006522684124 2.4355445957399744
0.6798376407367863 1.5565848692056186
1.0440775716393638 0.9587705984715272
1.1218598604736472 1.0355022396471676
1.183273843370918 4.131582404309572
0.7487598599552037 2.8038848355396047
1.693477297964313 2.2388552228357583
1.2096826491827344 4.060324511207941
0.7401472039459059 3.0124803297522478
1.8630043173707722 2.320391032413941
0.6979970770259407 2.7529257959052202
0.9524467738977824 2.0284869609692766
1.2391553698047582 3.994037834787288
0.7995064880191888 3.0380759309873238
1.6204873235178092 2.489483363369126
1.2102418305088705 3.466166767764932
1.929619880633327 3.008147448141101
0.7341584911802013 2.756858403513708
1.699830291203926 2.325551144026218
2.2259130403105156 2.992736622542116
0.9371892836789608 2.0164613946092684
0.8477285744306824 3.7507277842951847
0.7597141704049694 2.8561567013009617
1.3122660608696053 2.236148125430316
0.7326382634980205 2.754840535353941
1.3713660158400254 2.4676265593365976
1.190676573717621 2.179647529177643
0.7130505725845475 2.7710985300632203
1.37069974473629 2.4499390195455395
1.0996146029889373 2.050505086098066
0.6365412786995347 2.1963575687447108
0.6450363385518223 1.5350952126878896
1.0008244112691012 0.8995486662927012
1.1839064380841036 4.9527066139298865
0.9195560815012243 3.797775362865871
0.6394191143912428 2.4192459369899484
0.630487006824039 1.5977663435057032
1.0006266584464218 0.9267793551004717
0.9007096007426028 3.6739773029221223
0.8967863102899818 2.8619624486864974
0.6112888507817026 1.6703510371194688
1.0099169688731058 0.9546614055574619
0.6581228728870895 2.370752464166234
0.6166532278724588 1.6984856119557403
1.0113213816352151 0.9540223472558692
0.6746846610051263 1.652361826319752
1.0407207954766426 0.9848138552731823
1.1133177211726184 1.020515902792377
0.8705925433707746 3.7915031868996136
1.0793671247634684 2.0996346025037056
0.6420162109210977 1.6927938891299954
1.0090535081266956 0.9636732362391789
0.82088161261329 2.8222374031750603
1.3255932890827342 2.2211006991323696
0.6285822864739744 2.4020974319612156
0.6139528672667498 1.6974003732770644
1.0331846350250544 0.9227200015552323
0.6685084093936333 1.6416423839664163
1.042258830545369 0.9898454840352884
1.1146910959390643 0.9928700355203102
0.8640496998012889 3.7225550075015317
0.7677355195981626 2.7831431721159587
1.4480668533543608 2.4505816051457963
0.7553931786411429 2.7334138684273674
1.3470373122922883 2.4109592858055082
0.7390162788916496 2.768725529347745
1.1635121305481628 2.1358977519413664
0.7434807497038312 2.248383705134256
1.02639588666049 2.142572794990953
0.6218840422526859 1.5820898209867362
1.0139147020069492 0.9514207068718714
0.7162455249901907 3.001254365865774
0.6014003623848901 2.2315048132952953
0.6332896986241672 1.6029588021309917
1.0025725659720304 0.9485287181674324
0.6038141517237625 2.226814527233329
0.6181007300061682 1.6281233438470692
1.0135878106210334 0.9519382324778924
0.6579208516212162 1.625760769595672
1.0249579089865928 0.9595181177203984
1.1038774125329445 0.9928334292129701
0.6111653712563788 2.226171440411142
0.6226273763605467 1.646649636071078
1.0047148573852192 0.9407714738172235
0.6629478727458958 1.6300056001132668
1.0263827055810966 0.9650568200483194
1.1100873249352678 1.0026397125177935
0.6090978528904247 2.2180882635013335
1.6678398760204591 2.2038555522438803
0.6276431962437974 1.5968757108099503
1.0081524149520156 0.9417482071262223
0.6045040800387366 1.999489013445508
0.6479505711507072 1.5362359905776277
1.009436395019911 0.9679442731614336
0.6806955551832005 1.5543300326733676
1.0100785431264003 0.9667541092367289
1.0990161081814238 1.0263234641288637
0.7775648574498725 1.5582161929097649
1.0169147289032963 0.9441902520729408
1.1047796372622738 1.0067333963149308
0.6771425209499746 1.5501859883294324
1.0128714475847562 0.9639312472196093
0.6780944256938819 1.4385967811389628
1.0019916079069398 0.9330800404695985
1.0725853412424664 0.9989575777290808
1.1024201461745358 1.0071601150275078
0.9947667413293947 0.9228167487998371
4036.9854237777618 0.9052901279832732
1.1378683678940553 0.9389666376853566
0.882252682139346 2.653136599092163
1.2772940438583247 1.915978686205498
1.564245604555642 3.114445430709158
1.042822919638748 0.9818404184909959
1.1454103368058899 4.197528154386964
1.7945643051190685 2.5597203623529285
0.6079302318380188 2.2444785957484967
1.5079304093209256 2.0029346618843333
1.3954121963500714 2.120810633540131
1.5953239939038562 1.3345199806507462
1.7476903786609532 2.335488196356635
1.190915526809638 4.103635224530765
0.7472391015457585 2.9902876532115643
1.4225036758236902 4.180762335132034
1.265478866762212 3.8805079423520237
1.0363047593157515 0.9716404713779571
0.7543758006031607 1.6982186291592045
1.0594378383426932 2.4763760622123785
29171.22031478624 0.9745634876804211
0.869542691951593 3.819513416055341
1.2719793747739183 1.278149261315526
0.7878894615497297 2.8308708067859945
28087.315970235264 0.9966463106715604
1.8451357587806556 3.4230645556338493
1.0208648478958968 0.9712769052801772
0.6193980811371335 1.6392244219792582
1.1218799274478002 1.0375782607076234
1.1807632611792567 2.0084192471378777
1.1180422081094594 0.9789169614842729
0.9159974152151349 3.6800317288266724
0.6834472008974711 1.4448314973743304
0.8155020850367735 1.7617661967119957
1.4151160776965688 2.831959025328482
1.2087749414609092 4.906760327170215
1.051808057616419 0.9914996878861033
0.9997853787557953 2.589136787174798
0.6713563734604621 1.5585141058018865
1.0442236806675669 0.9663531042809588
1.1367521708158606 1.9390909110440773
1.0539546145597516 1.012207724064304
0.6813287490744122 1.6570000583027853
0.8717084272508447 2.0741102482982616
1.7558474180086838 3.4753125373129405
0.675048067257801 2.146521298848633
1.3459266060729145 1.196928912304692
0.9326052941819326 2.6427069848389158
0.6596173610437326 1.6520963584440396
0.719775188194436 3.020731602603941
1.068513772665045 2.092616827959673
0.7347662025934939 2.740691602583814
1.4141668829040066 2.122943193767862
1.2457696816484898 1.15071051454269
0.9513988835079681 3.8878166811465347
1.0610893241847168 1.9369928428808438
0.7275200185747756 3.030884049450409
0.7345874341071676 3.065421508526221
1.6258911237379814 3.695493684710743
1.9369157585950059 3.4870141266659895
0.6636983683855088 2.4411631928411497
1.9728406251919175 3.037442819789134
0.6575913727274042 2.088142343446737
1.1493029675621356 1.010888133937582
1.0324514164335585 0.9366394941095079
0.7254909768565596 1.518668876141952
5267.39304563417 0.9130021758114806
1.0108123391640866 0.9648407964821921
1.4394538862105066 1.1203618956357277
1.3856190002357942 2.472845491882579
1.0003974063117045 0.9173004317508722
0.7374703014429586 2.6263250314368554
1.2524677707014977 3.9558630286738916
0.6216084863544241 1.6809994291717705
0.6603688751524512 1.6692921840315458
1.0153171996085193 0.9464527563483582
1.7906547409793778 3.758385194156192
0.8619235579273732 1.7631571260210728
1.0839043644942934 1.0710497318982541
1.5940616572408894 2.268076969224639
0.740773543694422 2.7726510576112426
1.1238509856089811 2.0685009330607738
1.7132377035424904 2.4808407695412686
1.1001248923859772 1.9228748321513025
1.5276810849231202 1.9541498532478274
1.1773413143072968 2.132767119186753
0.6833805960152274 1.6857100003439511
0.9959274827123246 1.8290833048764499
0.9849414182522223 2.006639386363746
1.064260220357912 2.045785841425091
0.9403130893779086 1.8535544985125767
0.9095529029468308 2.53028585810651
1.7390321051064692 2.7841868470260853
1.0444030671311493 0.9609680682479874
0.6567584852043569 1.6249688540876273
1.2378491993633554 3.9768409579664548
1.0034116823071482 3.586384151737014
0.7023693715590629 1.6072339843631296
0.6784581498259504 2.459309502895927
1.077453900839478 3.744242207535578
0.9574148001849322 2.6022961463376433
1.1589577231087749 0.987534581752702
1.128872157797033 2.050425518964981
1.8246703710557186 5.031682551490119
39366.236179995554 1.0620180418500325
1.0397411332121431 1.6780249774185905
1.321937927768236 1.255941915607796
0.7213882414489692 1.4792805614581503
0.8773811320791878 2.1316015551063523
1.9452739719204954 5.0277290590024695
0.9157115163829247 3.8134158652295325
1.4409259309601197 1.9770856189063755
1.1879747889090608 1.1007728139440278
0.8848458111873589 2.1527190459813315
1.2547569026235712 2.3754045226804923
1.008496289973643 1.7310384548341493
0.7356304773123872 2.797422319867953
0.713930179561897 2.7418113845057555
1.1125575453079506 3.527218408551418
1.0029509045239988 0.9254066718757508
1.0482762366779428 1.0498707864914405
1.1929237138053814 1.863018815457944
32110.997283584522 1.0192808604805084
1.2177038714160453 2.060876803265701
0.6775833004218925 1.5547761649170682
1.175986935020876 4.0916675260963355
1.1612870382269331 1.1674228981273145
1.0668294529101126 1.046983971038437
1.3141957446521892 3.254061947837885
1.1139929828638997 1.0272862805476748
0.6850563085739828 1.4624353180502914
1.3241778309932957 2.9731799898563565
0.7446204037512035 2.5491255665650954
1.1441526920074796 3.432632017991838
0.659226588650799 2.2820230761001565
1.3869642055907698 2.854009211383541
0.875822078169291 2.889277055222718
1.136979856255715 1.9858147096291323
1.2594972129759079 3.912730649992443
1.2395317938884043 2.934468419184002
1.0563559811379473 0.9710525413113757
1.1694111144984631 2.6646627103663696
1.03605106092 3.451168377806118
0.749690486036342 2.3796410971162616
1.3512636202692296 2.9540671787110813
1.2864866947711189 3.9947829173920804
1.1196277797574967 3.8191369169109293
1.3159777721573458 2.2904148922944025
0.9551373760390436 2.940859060570358
0.7321229026462446 1.6049518747842948
0.8531837458712479 2.6127427539295547
1.0638655540407052 1.0123711196096923
0.6909541847898489 1.6456965811835116
1.1466367460075961 1.057958734853962
1.0432170794672848 3.6732483997729406
1.027199089713631 0.9669413449756896
1.0908793595313808 0.9777996775904975
0.8180113450710202 2.899789580607208
1.0169733975713655 0.9704853710133838
1.0056839128861639 0.9419590598965253
1.6685607233362232 2.494451029029224
1.017229647347401 0.9654501206593683
1.080807387463026 2.810163069475287
0.8433850322752374 2.785081365993392
0.9902810597696257 2.2182420243115524
0.7591846219383078 2.7575180458228363
1.0820115448728327 1.0356697435557063
1.0707489574378073 2.7656113512519553
1.035206999047416 1.6633042685596198
1.0139103382551906 2.0902367574912355
0.7431659820317521 1.5455671004467408
0.7055937232166781 2.7528495730165323
1.7309572551027028 2.301543487270033
1.7373112278995355 2.082191819467525
0.7668884354283622 2.313922273878883
1.20119293325327 4.076921850598621
0.8740210244206776 3.795757900057506
1.3100085753497521 2.5631040983214035
1.3210634803778292 2.2471960126308463
0.6153776664072478 2.2219418826014907
0.9674539289466305 2.0520977978974275
1.5539867798598124 2.903639645491287
0.5876309348140049 1.9876986983552831
1.0509631272157458 0.9884683195634562
1.0560495248129458 1.9339574994072428
0.9148328380730549 1.702813790174915
0.8677964701168678 2.7751526367465202
1.2938689346528136 4.8127931785205105
0.9338377819966543 3.778472796390798
0.6410568574967971 1.6935916349061069
1.7127631730512451 2.6661058229844894
0.9245477318260039 2.420404553962019
1.1039080728960209 1.0318047568019697
0.6635155025556059 1.5453059087837668
0.7260685644821854 2.766807419664085
