1.4941178886938413 4.080394749091358
0.7187814801654957 3.0645166005499167
0.5762926368455944 1.9963562163903998
0.6789731200084026 1.467878287933834
736.2561266870747 0.9014905364354282
1.1537676051347545 3.269481948876247
0.6986226157985745 2.1498619298196586
0.6517425639316303 1.5388682600524644
1.0164277793257632 0.9479763050522074
1.1434510241023157 5.168187882026862
0.993256210967815 3.7216962444054618
0.7020260521021673 2.3322171804527145
0.6336315419728192 1.6007457288954523
1.0199351325929555 0.956998211729371
0.713933423662661 3.0535879479023595
0.609708487930921 2.2574937998952733
0.6354396859523878 1.5966448677074894
1.0227371095752273 0.954938811720471
0.5982670386740598 2.003871609946173
0.6487214917682625 1.5482293235068845
1.0266136398562125 0.9668271218436406
0.7057733731517009 1.4847472703636984
1.046394206884082 0.9862442737878194
23285.45670988511 0.987336886395317
0.9089112815675054 3.747079818194231
0.7724626660921993 2.093993560853848
0.6431078148514331 1.5428770186147087
1.0110026292476537 0.9182657435329635
1.8219607105986466 5.082238426315465
1.2116617801243883 4.135944051396672
0.713535570686677 2.7824260451856526
1.6356633050093805 2.0754929930640698
0.9485692466512978 4.014249764126001
0.7299016231312851 2.793368926972729
1.3899611005921428 2.2976345013299957
0.9972909487811406 2.705784794850684
0.959734583595484 2.069356257496597
1.13934667913867 2.015481605075054
1.323951914375676 4.741347379151269
0.9291340158399246 3.7565092722353306
0.8329296573622215 2.2043016764304215
0.6221752886608131 1.6017792991482922
1.008117433861062 0.934005956030904
0.8835390153409659 3.829572052063475
0.7073239665695756 2.7811446327815146
1.8274115369048047 2.0778016179746954
0.754444914740328 2.707377899924716
1.0220325394954233 2.1180320729997524
1.1144186707148875 2.066582288504035
0.7166020818285125 3.057351230326909
0.6276498191307142 2.2365429503530523
0.624152022781485 1.6070540374008815
1.0148710162273165 0.9393852764027827
1.0501462730723923 2.728390533048553
1.1381192051973437 2.1007347516045964
1.7821206721312026 2.297181027668432
0.5861317882554941 2.005409006077775
0.6564464128806302 1.5406895289432383
1.0255645521049956 0.9543313523070449
1.4798259401426015 2.2813613881853643
0.7108273770946234 1.490747773139712
1.0420880789428466 0.9394315971532108
23743.41733451598 0.9877727489710164
0.8763665773223814 3.8872352141629327
0.7787153616392624 2.62173463491777
1.079628471321407 1.9741637016570497
1.2484976788437552 4.038139239214114
0.7487682052803494 2.810541516444061
1.1623597788114057 2.1269665814808816
0.9718471334966228 3.7772776043824536
0.7257147533839721 2.7789630050832943
0.7231272958114873 2.5403121127705717
1.0489830603809005 2.077424184054874
1.0291285100907623 1.9253273969497124
1.246164128588239 4.039971390104527
0.7310120845136674 2.778976866097871
1.4270338865290038 2.075881109462645
1.1931806540617838 4.150472896408306
0.9768380992443331 3.547252324107925
1.2602541223937231 3.5172026927896596
2.3748380780781297 3.033471917257452
2.124270905912962 2.909428634548152
0.9249164331657409 3.709100970147862
0.7518755034348646 2.793470213622616
1.42972822720632 2.2593479301923747
1.0213033153119708 3.350898788121823
1.7607954828794665 2.898934439431776
0.730233610945143 2.5484171753363087
0.9522487157388853 2.0360192268447825
1.944005363207791 2.9015125435255986
1.025644098712696 1.926161636467583
0.8705956155985702 3.844938950399581
0.7276560375215233 2.677462263544467
1.6990081558218206 2.290706306749412
1.0174871818774374 3.8290902019666735
0.732843671239038 2.7794748682132466
1.4683855095554792 2.1721079508380843
0.7187429712178885 2.6314911045052383
0.9406113115987182 2.109190198870955
0.9572622791378332 1.9814383789398196
0.8596013716130828 3.799388614727869
0.745669292418656 2.815776384415452
1.297134706793469 2.3690522149116475
1.164798227709904 3.4447288071976163
0.7056901638980746 2.6248085614846417
0.9802223780318624 2.1403519739693064
2.1454855643981263 2.8908680915257317
0.9651347856900149 1.9822377336034993
0.7508046696612981 3.006477568188765
0.7470715332904595 2.56456418904593
1.1308522062392221 1.9501874445390346
1.0507594236330766 2.7222215951924853
1.2336554210711737 2.0893238366153613
1.0687699265618043 2.001892541787293
0.8632797566554244 2.554562920600832
1.0599251621314483 2.038526901170297
1.000294834872664 2.0096310275485427
0.5788489517777812 1.9891267124762744
1.299172024203081 2.1199570455297216
1.1607479717675644 2.020071928801453
1.1283187811490227 1.9928601964653405
0.6648053886580869 1.4510468178558638
838.7369308095693 0.9036477787205442
0.8594892572700942 3.812351497699873
0.6602816233908109 2.313503696067449
0.6637751478710701 1.5568535475465992
1.011577996371061 0.9339136990746568
1.8406675432713142 5.023465903693521
1.3313049609439567 3.797020855689895
0.685651885500748 2.7231221843332887
0.6330011249658034 1.6531021108450838
1.0210173848424182 0.9463311982057093
0.8634752000513588 3.7795505239879597
0.6864478899294297 2.6764252558993475
0.6057140590828547 1.6995232701898049
1.0283237833905836 0.949196197575443
0.6102282580442191 2.2509358338619117
0.6485953072419324 1.6679255624928124
1.0181909749372615 0.9574829623027606
0.7029289614820086 1.581088709050201
1.0318766297190074 0.9557621947251748
1.1109719341486548 1.0269781688503428
1.8556591363846753 5.013982972917263
1.3318487527694625 3.9480008877666064
0.9268296903310991 2.799132900424548
0.6549765804169694 1.6397027094471552
1.0043584452887444 0.9289676874828714
1.014163226333047 4.626145082604312
0.7292229812639979 3.0505148221461544
0.7518819719442809 2.8226004428861686
1.5641864893067665 2.281268024564895
0.8466973760267202 3.7757213514043135
0.6953831167222487 2.735203668865706
0.6041525184760752 1.7033197060091871
1.0180210519742265 0.9633918661345092
0.7553311815610241 2.829035556439119
1.3850078275875894 2.2785262034331453
1.5302379489132125 2.4411451969507523
0.6133702468082756 2.2570365919672306
0.6247739149761353 1.652740928226766
1.0338135514396904 0.9863330218887626
1.7080596144927707 2.3328135653526774
0.6918874317245056 1.5782005101099998
1.0400835159019983 0.9713340270081374
1.1118300086175554 1.0312988936333882
1.2171818279696436 4.197557895109362
0.7358698040861403 2.7895143904524535
1.2539125122564152 2.1813624850432936
1.2224868249612104 4.131706421060624
0.7704219897083538 3.0201200431726845
0.7082113885445107 2.7699433311824775
1.5397605291110548 2.623200936002915
1.138300931237689 2.068822095312482
1.243962157262455 4.037876917995139
0.7715048788236938 3.0413554861646004
1.6037570188241292 2.42141993061182
1.1364563334343547 3.5683556360881834
0.7432736665502643 2.7890559160710713
1.4798344629952247 2.3945425416554458
2.2952544080858193 2.9086924940733376
0.9483637344909903 2.0300898492183634
0.860966914190361 3.7786243370211814
0.7125277136818755 2.77558179579333
1.565244602198979 2.411473748525567
0.7199490399290045 2.7652064311881515
1.5229482854958607 2.5084179047986934
1.245791254697608 2.306961900490837
0.7207115248442842 2.769719134340499
1.1581466861686271 2.3327002609044074
1.131558218348581 2.160519914979491
0.6085800599777123 2.2647807758756744
1.6416912072288987 2.406546774623334
0.639091116749144 1.5390295790133286
0.9982281382015257 0.9553167350908298
1.2141137357532488 5.017468353480346
0.8957073955889764 3.712300996596566
0.7202223695573863 2.324202700780723
0.6295677959771493 1.6073133821150187
1.0108383092896795 0.9398538600254026
0.8612409975182405 3.8025137227797394
0.696260572340964 2.7481437124821513
0.6022276506982654 1.6952603583580435
1.0156558120548713 0.9583966050648725
0.6438001519022594 2.4253089558523797
0.6600131556914715 1.7256473230333427
1.0103221000862266 0.9463219705575573
0.6585898837366884 1.6266359643920107
1.0467280468636588 0.9835722379512087
1.1067670108332779 1.01408225469515
0.8525567825458475 3.7928380397144146
0.7218984607365962 2.7353264473010928
0.6069136149160251 1.6929909214054244
1.012924187872848 0.9384124774705365
0.7540824076566535 2.811892358257881
1.6154287548030286 2.5976060620881785
1.626339644753823 2.6574458093150066
0.6411267916128398 2.455619973079686
0.6155124742086965 1.7105446733277159
1.0153256616090975 0.9632711825826843
1.7584955102347224 2.6019532681094484
0.6577533546341552 1.632725494299278
1.0409510098946702 0.9810812710988439
1.1099549119977075 1.018029862344585
0.8818749100366433 3.732380296696175
0.7050473636336141 2.7789084572412834
1.337790882102198 2.33973771333294
0.7131946209963718 2.7646767516942123
1.6987325143862084 2.4291382627175544
1.20240116015585 2.3037092642137944
0.7040321800613545 2.772857172158956
1.0607548022218958 2.1210663102468423
0.6474627169120215 2.410388429811789
1.5268177333712103 2.481893449780869
1.2774816452178308 2.191060113495911
1.2203989528912997 2.1866048436530843
0.6925357023288405 1.6563561061361263
1.0050718891218295 0.9378158781975154
0.7242359925799718 3.053579181052866
0.6311136228400989 2.2320093128107
0.631145279089539 1.6096529922184248
1.0235347055872517 0.9657320108603831
0.6136190477186736 2.290343049068814
0.6164568947091349 1.650184007677341
1.0002248679931296 0.9273892925450002
0.649147815109783 1.6294814875338748
1.0274512257823731 0.983136438953928
1.1053763098359541 1.0146970480206907
0.6257693767691414 2.3152101270864054
0.6325304101670175 1.6693906143858763
1.010364109734082 0.9345072156115115
1.7505586828063335 2.418361237485392
0.6551864153096257 1.630734032443817
1.042188244559412 0.9789990998195999
1.1122201805188605 1.0472374815733674
0.640157928777225 2.269413539247704
1.7006180839805596 2.0071377353264674
1.139797694226873 2.0460482429610574
0.6208717399011808 1.60494289545212
1.0096861200855838 0.9416488247668897
0.5860958452078849 2.0090276662877766
0.6490922127804867 1.5517244161276125
1.0184391202632022 0.9552076311347126
0.6787645586286972 1.5661275450612147
1.0088486471045668 0.9220206732175565
1.0953755583591318 1.0222036772760164
0.6981207481584475 1.580719060451004
1.0287086549325501 0.9620241530388676
1.1146221363128617 1.0173814558293597
0.6584623879952571 1.551711598988236
1.015424697662648 0.9716619503558153
0.6663950799157978 1.4573001780038926
1.0115155578750183 0.9487258241165424
1.0787812629077935 1.0065650870870229
1.0999977912045553 1.0343462886189267
1.0125773927362984 0.9440216976371899
2693.4264048402797 0.9115639865308481
1.0746281824761668 1.6811790234965291
1.1179730437357476 0.9939917203515538
1.4133665975161591 2.9392440296890885
1.8418636357786788 5.014542881758181
0.5904730953054305 2.016116199741176
0.6327893324623777 1.6691310403356154
1.1410069119288493 2.087196450762543
0.849746121648485 1.476907116487411
0.7516047762755673 3.027098867118659
0.8934291241135449 3.8567934317566204
0.9442537039667325 2.810563830645645
0.6051182790560495 1.6978450448535947
1.5468466159457435 2.50839180709513
1.023774454521022 0.9682217055438717
0.7328626862040175 2.5469610615568756
0.9677182817760165 1.9925739178213497
1.9103330762175883 2.182190764098659
0.7607764858812334 2.808782240593127
1.3153897281595142 3.0798129357680724
0.7558721554985187 2.828020451324897
1.2712384167551982 2.2097957280103486
1.1374214788799724 1.039836801643885
0.9665103154007699 2.7911543186939625
1.0434933642665452 1.7023052641108376
1.147912902320169 1.5541853240047083
1.3911133690289152 1.2914949097348103
1.1163888150935233 0.9856651098592696
1.0258432986454593 0.9677444451416141
0.7742386805572788 1.5775629292951063
1.5432539366426608 4.662632428524758
1.4810971346834578 2.1847491519149322
0.6845123668287693 1.613482326887611
1.0800218485610436 1.0267806061096199
0.6407756187041843 1.6000604603644697
1.823316542543743 5.078786275744234
1.1755975675876633 2.3543449856401946
0.7070564029676671 2.326554867431752
0.6132424521237522 1.6937731383765824
0.7381286300283709 1.7055636267539607
1.0751124148809548 1.06012076662711
1.0102384254002335 0.9230085619071815
1.0987380285941777 1.9632971310018215
1.6990271534026171 2.2909724660438133
0.9018335071019021 1.6797566839683746
22301.614352515313 0.9952539973186055
1.2890585349944677 1.2891436205833744
1.4443243508023769 3.0900647685980536
1.0593086671074818 2.9674158011863208
1.0611334829296133 0.9096805753619746
1.0649216945863058 0.9345303634248792
1.5644374018722602 4.092851938412218
0.8858878684414189 3.7521176021018676
1.22019089925131 3.290578614409751
1.5644812737672171 2.547432374899432
1.2755869575033478 3.978833341499051
1.413219093172302 2.3434825740483327
0.979086625972045 2.596508411019623
0.6097383634022054 2.260329383416743
0.6417602132232775 2.4564760256606215
0.94588909193191 3.6826791898596785
1.5240552654994939 2.3564408395336836
0.75860295149689 1.483675976864343
1.2183578614241908 4.196295484810154
1.6497813807925175 2.3497756618764782
1.035166115538066 2.1090008040530086
0.8812499042470607 2.735387918537048
1.1107581664592683 2.550711339152511
0.9994095659238114 1.4910428822870265
1.294716136278516 2.466137749847187
3093.1503967516082 0.9129712182858143
0.7448234265139545 1.638057589935485
66940.94066481829 1.1824787719420082
1.095324012237857 2.901534462107362
1.0327235061442712 0.9549329122896079
1.1088658901273885 1.0252547842447481
1.6220028390636712 2.456633588473633
0.9556337494096965 2.7407641886448153
1.109891579998846 1.0381613980363393
0.5862438771861564 1.999863563692615
0.7900817427455045 2.8611505110801527
1.6280696674428006 2.607025129695943
0.7958670570344581 3.0235627407679893
1.0866847452288995 2.0351359794107355
0.8068674364755928 2.9612074514274305
1.690008132407494 3.424731965716889
1.012258497804945 3.643169987478739
1.8674954893410873 3.144877676685897
1.2040838234320659 2.1901535860942443
1.048365244006397 0.970999765029618
0.9496304772388339 2.9967570619554644
1.6428980567646605 2.1290324278164334
0.6953865887275088 1.6118001457895077
1.144932682950116 1.9416881689985728
1.3869080082088083 2.278810346159707
0.6278846171288606 1.6104554455588365
1.7596417406659888 2.2222277152416616
0.626510586186966 2.2939058496020004
1.2657389275338657 1.9910095611445109
0.8777633342344897 2.192828311566859
1.2506266642338801 2.0907163276098135
1.2335111029236736 3.05993876042931
1.3757117120213034 1.358737938492002
1.10993515868296 1.985296961068044
0.7126337001487194 2.6749871926621256
1.1305083377882188 1.9928328225766365
1.1021929694741373 2.4765034437872515
0.690098496188155 2.679159799266117
0.997717802151391 2.7126736090287773
1.2244499595051666 2.030567335919583
0.7323751861800226 2.3118214893927997
1.008062052514307 2.285737111510697
1.5897804738996277 2.653642880185169
0.6592791513321218 1.6415544053609428
1.870066645971428 3.5693038468396567
1.495213617164231 4.074311424704369
1.653384242507029 2.407786678649527
1.6999669164910902 2.428974796160548
1.0477093252509853 0.9745885108214781
0.9413301854453463 2.108776883173097
1.5544787847052426 1.0206384116200469
1.6618380416400704 2.075946769538717
0.7773942268766778 1.547835127417995
1.1504730720055605 2.6426525451876413
1.0318803991895538 0.9820300626073676
1.011051467408146 0.941041587217371
1.5846430225463082 3.440748677274596
0.6694434238948103 2.358183929512922
0.7538710222553403 2.569493244467826
0.6905672725020814 2.207778637038845
1.1353616238891184 1.616674756640942
1.7338622272058526 1.136808785867521
0.8779621501361528 2.94303971588907
1.002048625748708 2.00496717484291
0.9764586998138055 1.981639456868904
1.009335240734513 0.9362351258500394
1.7400849045275737 4.0742145882879095
1.6309394192882352 2.626239759817232
1.3487465727492784 1.9859949936542531
1.0429929977719086 0.969735991832174
1.0469565549005961 1.0004530703041559
1.0363985024063291 2.653593454556871
0.7857039372086468 2.076876750109696
1.3251293961822568 4.742659516755635
1.5026188252163317 4.573437969266354
0.6661338284552291 1.5514607396192948
1.3876603302095971 1.4060205855177472
1.116396869686571 1.0279498463377306
1.1190279589645935 1.062124681617508
0.9929570156149485 3.65162266187032
0.6600460182835823 1.6297930445065743
1.350759214051974 3.7923297141062293
0.735121288244902 2.7482764066670606
1.1215490984940226 2.8637988695583108
1.1689369394182232 1.0882499000043822
1.0204597344134159 0.9760382270855965
0.9574571347352074 1.434715740549678
0.8943330655040401 3.7398910658085622
1.1055145054665179 1.0150420964486453
1.332071266218771 2.8581113275047945
1.020758831877318 3.852431088771919
1.5130380262287129 2.256995762209368
1.6203136432236245 2.6090701859536165
1.8139790119481665 2.3090797269881675
0.9546133795514391 2.0324546403012755
0.6977224587440762 2.7473841265355086
1.0600729071889574 3.010497940343873
1.5597138629509915 2.5157698493244274
0.6648477020646153 1.4541790031396746
0.9066738561851415 2.20397964232467
0.9222526704582681 2.1040709483349014
1.8252463905706129 2.8957448244033808
0.8930329594571766 2.695289092656547
0.7661855153268323 1.5986416342054177
0.7744493644632204 2.7359437383310965
1.2486308153343106 2.309605039231102
1.029016039032529 0.9591115121002951
0.7867690130232334 2.8341963741361345
1.5723989579011677 4.644214384139122
1.080766104190351 1.0178799352721255
0.830645952244958 1.6156723969740796
1.025215440497822 1.6066317631059714
0.9601849268386032 2.9623570530979375
0.8364432232519459 1.7797994982006347
1.2416569292994226 3.937730913593258
0.6513390993176981 2.405019433533773
0.6655164863030554 1.644089900946994
