1.1531819422755683 1.6252193966840554
1.1021195761358396 0.6030741129495198
156.23713460309142 8.536197157314462E-4
1.3009781628866421 1.969959027222839
1.1120674422044694 0.7719204297117888
1.15928386169202 0.03957542801257787
2.4242896994833587 3.078617102039454
1.2987199022660176 2.188606830279798
1.077973999897709 0.9099851921237789
1.5604236076712565 0.2753339211613727
1.5736629717321464 3.0036421997866447
1.2415935558868343 1.9184250855652165
1.0594059345945062 0.8757570864871695
1.1504092474678187 1.5536408220494886
1.276680785111486 0.9456322864188006
1.5907944467410056 0.8925912334277821
2.0877454671789684 1.4635018154878656
1.1582151004347676 0.7065748019385831
1.2721701588636463 0.09964978268119135
2.1269149133514365 1.811998925433567
1.3919556119347192 0.7293561454610461
1.6667299836430245 0.2588957660382079
1.3936766554733544 2.402863214191595
1.2973124865579144 1.1905735128644976
1.1995307518850455 1.9806642940100352
1.8098580830696727 1.3817683119856412
1.7691039251575713 1.8875906561801328
1.0993772347434962 0.9389331845884032
1.7402124129840322 0.35024608104827637
1.5036957275106393 2.2397764740301227
1.0943663365297223 1.0756538102550037
1.1625346071063625 2.173978860556017
1.240485702792745 1.1669173645826905
1.7207207581513608 1.294581537247917
1.8257774460444476 2.456905243226922
1.194488703857604 1.918924647553543
1.2061852881825803 0.9206185061000831
1.2047339719556416 1.8423656983588736
1.126182768295862 1.0029334818827955
1.3672062848318458 1.1077849135107556
1.0728669734918201 1.5032619576044655
1.3145480004355679 0.9750133075341983
1.3725939927111561 1.0157259376020489
1.938001935048089 1.438820129517478
1.427288342661278 0.8898768332436032
1.1979109559297854 0.9420970803222233
1.59454986770344 0.18470430543927208
1.3649337426121262 0.9165729821792015
1.36771547277975 0.12455656928076968
1.2182315241832742 0.8264797617607125
1.8093526921320149 0.41554691548641864
1.0486701117828672 0.7318673280354258
1.3227223256791314 0.9077870939680224
1.44642730957582 0.15352384163833088
1.5287709000352747 0.8586847928651475
1.5213641639214353 0.21650032175259765
1.5209532691555387 0.8422884385438707
1.916381649386893 0.48000748349926453
1.176292753732666 0.9689859212979097
1.2597209413662815 0.874054346618104
1.6314197451258234 0.3254796376359498
1.2377267286083249 1.0073821118936017
1.8649192829454648 0.5513878801124699
1.1190022692785109 0.9696163273953998
1.8037851441552584 1.4782133253376926
1.0354770439133898 0.8568391578671407
0.9957144135391456 0.8665207734818364
1.1354429479780928 0.834003894937358
1.142074941187674 0.8281547111020179
2.107959435388813 0.4798538624625644
1.4087925835183208 0.900244997924582
1.5779025703353047 0.27540108515384354
1.761743783681022 0.6319588412436203
1.2733708072162964 0.1631981283917626
1.3386872124687494 0.8681324353440594
1.5390570729866118 0.307995659019361
1.6992454219828876 0.49426033953405907
1.7380153455536909 0.5968078949175306
1.3350606757916668 0.18495447153698352
1.9596583721755296 0.8741507814705369
1.4468415619839199 0.18200492027092582
1.525074068347822 0.6876031050870198
1.6380866382617758 0.39109983990656066
1.4768166449054216 0.8510900772093137
1.562465143671889 0.3403307576026816
1.63548681649348 0.6577122971284122
1.7185869772557014 0.48177945688049767
1.114572908571151 0.8987658841731885
1.3828435044083656 0.707603779276581
1.6109363037547766 0.26684306401076163
1.8387028082816674 0.5472592742266871
1.1970091892291688 0.1442112474037682
1.441571850799233 0.5795622148614326
1.17091114702788 0.14385212909095063
1.3125317893803872 0.23454123808221003
1.549262203840862 0.5680983707286543
1.2392302266317143 0.14108487125767966
1.3591621321155158 0.7140093841736499
1.2741448136591946 0.2010930854767435
1.4533029011007548 0.2874123572792585
1.4933898411662976 0.6853814734739481
1.4801845295232066 0.3502987389658708
1.5565568600227317 0.38330929345913434
1.5030515096742367 0.4228855310336858
1.1487069725634786 0.11394776063971433
1.5683975302474606 0.4061249211921421
0.98502505509308 0.025477136644298043
1.1400578063072424 0.1156400335338519
1.2340456669872435 0.6942125167736475
1.2017853776388683 0.1254539783000019
1.216971565282222 0.17596546764450932
1.3856439468212374 0.2845685940642253
1.1951086586362547 0.5453293888765487
0.990802697276166 0.030002405485980446
0.9677573060947016 0.019950530268993863
1.1342009336968149 0.12121551345870361
301.7479444571857 4.617769512514101E-4
1.9079514558674384 1.5743878058005707
1.2932558544861141 0.8928133244628627
1.2340302097381914 0.842476878889419
1.7976288059720424 0.39242975518302764
2.1463880194776896 1.6301285429906334
1.1170170928961363 1.0511687324095267
1.4698246347087909 1.641125106687113
1.7946760547699117 1.4127517689352833
1.2201381320630742 0.9260399908658605
1.7359803968123153 0.4226425742562272
1.0830721803909211 1.1261651746837478
1.9372103877973545 0.5234464806149967
1.478406990785912 2.314882124504478
1.7328803390879912 1.5544641061118534
1.773886761537417 1.879556203896965
1.416590241145401 1.2473838962783295
1.6158082614342333 2.110482026887613
1.722901134737441 1.5917838716728414
1.148113265587466 1.833595342680785
2.4538497361518754 1.926769929505849
1.1856900067193403 0.8561860967534425
1.8941673977635918 0.3764287615432655
1.617666268971666 0.7101557935775874
1.7543040574858138 0.3293382882659045
2.260653009500378 1.7895234858083788
1.151489437263255 1.0647731564812983
1.9710041658683033 0.4860053400726644
1.4746048348407477 1.186114917085734
1.463233783523934 0.911968467732714
1.5198531873574495 0.24018917809487822
1.3341897581456839 1.2627023710682943
2.0056072477810414 0.5075040981074252
1.4672995607674653 1.3532556453228388
2.0309382528386353 1.689278343949105
1.223484553212619 1.2479741563452555
1.4509487113502995 1.3619137231480833
1.7749929500609687 1.3347782462294324
1.2831635851739298 0.8842099056648625
1.695477855998805 0.3734324322540513
1.3750944906827884 0.9734416075720602
1.6081510809305897 0.3507902520224016
1.1802661680533038 0.994420321713074
1.867749734086722 0.5130345500435056
1.1995542829855539 1.050419497486103
1.6082869130396626 0.29725457269322253
1.338567384604735 0.9068156207615011
2.001604716736974 0.6188404748548347
1.1457257632329019 1.001271539323937
1.2479310375292787 0.8189544380574969
1.516437692503751 0.35012113755210567
1.6324748609525148 0.6674973102406008
1.491773766025121 0.32964440892287233
1.7445145754753766 0.3575204089402381
1.2731732390693202 0.688590297194622
1.6846883512791102 0.4597744523880355
1.8779510998190045 0.4279855882911947
1.0597525320421883 0.7885865478271528
1.406015171883284 0.265970890919896
1.4275601345512432 0.28322412618196063
1.5912365392387526 0.39479313574335484
1.3152560992149775 0.21131455097844273
1.7309639784178492 1.6643667068393577
1.2098827193237915 0.9864851382814839
1.0342130439603505 0.9400644313164404
1.4914068900924446 1.9267739089247569
1.1728138088864402 1.1174139516521286
1.6757175994388467 1.3570959723071343
1.8122438711511681 1.6582314350707612
1.0964904661599697 0.9357827161160173
1.1778637054664505 1.236428878759908
1.6318359789876977 1.4309780218102433
1.1844919259764437 1.9982275985181754
1.5715124572649946 1.3482770081682276
1.7186379815643662 1.4799054934898124
1.0021999710220495 0.9576547638562669
1.0772901580287955 1.0639910801862766
1.1749264186011736 1.1205831102368877
1.820701181971348 1.5707276361371763
1.0283177440370441 1.0943823032837376
1.1903332831536697 1.232573289555564
1.5163107324824923 1.344407201959384
1.8924926283897614 1.4439112060352481
0.9764228052003644 0.9727261145205228
1.1038530948829335 0.9008681056405636
1.0336109215361735 1.0020905601016081
1.0773520611484149 0.7181512881514218
1.346657844757131 1.605527023862871
1.2058201112910147 0.9927330987115781
1.5110112117886554 1.560777440311199
1.0937842555644055 0.9776965926385224
1.3751959301787628 1.096920258353592
1.0925689515018218 1.7543825528971861
1.338477792713574 1.117269257558525
1.4521088858211488 1.2086179137793578
1.7130767711766683 1.3549061073675286
1.6517462226263873 1.2700267179634315
1.0984600642180882 0.9644863321471258
1.1361564763984446 0.9972563748431118
1.359227587356537 1.1461558573237816
1.1023555413757025 0.9066516199141015
0.9551059358625721 1.3269683823144223
1.3565419658941444 0.9908905712948365
1.3911277846505028 1.016608696640954
1.3069043387258255 0.9813174365742977
1.5307263659653616 1.0004754837696979
1.259366245920324 1.5354195306072147
1.1199954840307256 0.5905894893754242
183.05904749743215 9.462571465158609E-4
1.328608888092315 1.94416086673726
1.1486947936111476 0.7102594272597444
1.1599041089230084 0.03374205497273788
2.429478631309015 3.122753711123865
1.3475424169742523 2.1464652043882917
1.168006414572738 0.8510513447832779
1.5718229870911111 0.283832843000131
1.6407563136105832 2.918829110159382
1.3016494615204448 1.895151191750296
1.1099356032897543 0.8511908866518529
1.1613002951725337 1.5282120612418273
1.2827381154722735 0.956435979807431
1.6012672710254665 0.9321150079626512
1.2085830293432631 0.6737844774099784
1.2725572921114976 0.10068904203515971
2.1356467082746815 1.8166896000903543
1.4798876982270315 1.1998392541754042
1.6668252503488024 0.2592887224967775
1.452291532445688 2.383398471755375
1.321167613588405 1.1643135399436317
1.4232448515699379 1.8057203338902468
1.8191935540499007 1.3723220811281522
1.8251974969823852 1.7961455301679483
1.214296127142166 0.9516263380509482
1.7434975854308914 0.35473767209879575
1.575095369166963 2.2564291525875646
1.1971655057573014 0.9270372868904484
1.1646547679276003 2.193319667467024
1.2409794405372754 1.166796510172041
1.720822948757009 1.3040687498419876
1.8279567256225109 2.452994213545467
1.270847363242776 1.7339263388125448
1.2309669823177471 0.8772542578039545
1.2201323046238268 1.8416358992518445
1.1279230648840304 1.0034471026032095
1.3822595582951729 1.1054844579513206
1.0729995892284774 1.500426293933014
1.3171083024122479 0.9833017370650772
1.3742439341567194 1.0156390720630581
1.9405535903730917 1.5127767970150827
1.42963127530764 0.8899053663374731
1.2075935649658383 0.9105604488501855
1.5949780396398514 0.1931616501066763
1.782283324546718 0.561249768937309
1.3736644973644563 0.13922596312523836
1.2378006496495142 0.8184676231591188
1.8128452320694568 0.41762105371245434
1.051545987423574 0.7293717850761663
1.3948786086355551 0.8505170326209492
1.4472241332605345 0.1555423561992837
1.9936043306082558 0.7183418278440727
1.5220099668206863 0.21477107792642253
1.5388793054600352 0.8617276186633578
1.9190978000109262 0.48901892928195495
1.1765920429638463 0.9718552602855922
1.2672038937288785 0.860860616961709
1.6314704659803085 0.3255713622934481
1.26812648802419 1.0731558924070208
1.8692901330530025 0.5234956721819517
1.1573943973689935 0.9757948225080004
1.811076514566591 1.4417484590325809
1.0482270480614186 0.8382455089557793
1.0008163531219134 0.8591763091347552
1.1517944698115419 0.8472661971557403
1.1439468867720066 0.8131344760017456
1.5512077382696834 0.7547779681736738
1.5788921523444812 0.2765004670676011
1.860121773988714 0.6471960870915301
1.2761742667652833 0.1623268248297278
1.343773647148578 0.8496537002753743
1.593693857233166 0.308261146719759
1.8184779606379458 0.8482280287495645
1.3507975076626966 0.15959991314447136
2.083568966797948 0.5117704062431392
1.4615340546429 0.18105032011067865
1.525087624340899 0.6868324843740492
1.6400836418506461 0.3928919809142405
1.5349561871060624 0.857291195768624
1.5671239614421646 0.3338364881504072
1.6599001371372273 0.6120783761363429
1.724070767507203 0.4674363219956541
1.1730711472732613 0.818389227595762
1.694308132349027 0.7954466173486495
1.6152010155298675 0.24803346541322063
1.8437440098314166 0.5462405905287325
1.2070052869949874 0.13335781856525203
1.5229993326129159 0.6058033097131936
1.1953406068310484 0.13033164535745445
1.3127066932623654 0.23544522940565474
1.5626674544251484 0.5605090013700037
1.3355097292108034 0.1469000551365358
1.8049618059472194 0.411898902355804
1.2960139787408118 0.19459042656430417
1.4579850357448583 0.2858387508647694
1.5280679504690928 0.45468581065853664
1.5081854781294037 0.3574130782394492
1.5580560096798393 0.38458000628740757
1.5032176042836793 0.42126200008836445
1.1525200077781173 0.11498587753019252
1.5902021246866105 0.4184216887885044
1.0053465307697458 0.019456642225893047
1.1483196093435315 0.12360642057332198
1.2031459220290004 0.1211828627418898
1.2188225019813679 0.17527324119743712
1.3914010283384135 0.29123304529733945
1.21495191896367 0.5337940758576516
1.0066162739888196 0.04338288373614303
0.9700687260877482 0.02192081690338982
1.1342960812892335 0.1212143094914577
331.698666190143 7.013965845334497E-4
1.943677658891178 1.5322726334551335
1.3111799922934009 0.8965633945922824
1.2697466325151778 0.8358832840758954
1.7985676312855214 0.3912231261543702
1.117069696590558 1.0487496237953724
1.4741995619845456 1.6371847150274035
1.8054449557042191 1.4156844582073325
1.2391335284398428 0.8965288791371567
1.090066665483324 1.1194959545624756
1.9429849917772768 0.5013403294056045
1.6739539829108616 2.111157380711752
1.7332728759442335 1.5543942008159004
1.8639807026831878 2.0458687763254018
1.4321197433047446 1.2618414428708105
1.6445642705772237 2.085858982610694
1.7330507236819823 1.5974210892656453
1.1597408155739701 1.7827630252177125
1.1947969421179423 0.8555807969269654
1.90318660713721 0.3750159433189589
1.6344689740479272 0.7031044346005639
1.755459863412916 0.32580453086039735
1.151698503631224 1.0554544542681978
1.9761527525540723 0.48054377943533894
1.4780984851167611 1.1682525097105567
1.512698201635251 0.8651919860634122
1.524692948533243 0.251689507334809
1.3549026530135686 1.2262329339154403
2.0057838958294774 0.5057272298900848
1.4853998591197857 1.3392639923682408
2.0321973039741623 1.7071989616888752
1.2356795538910614 1.2513345546174166
1.4537086994693236 1.355347500749299
1.7786378433274785 1.3342580737175989
1.5368093771862568 0.6646010343692104
1.6955815384843702 0.3734824509293132
1.4702552768155241 0.8237637211274481
1.6089838038747102 0.3513563984861446
1.3189208425670607 0.7762122149246673
1.882994185324462 0.5133616147532445
1.2135476112344405 1.0750903795646929
1.6112969846278455 0.2924604102470432
1.3440755940385707 0.8955728998492953
2.0036660280283582 0.6150358288224052
1.2279046392920665 0.9655473462204636
1.3171633633335293 0.7499541701913606
1.5311043137869202 0.3578456657332016
1.6875216494776772 0.507170529084829
1.4918445529958682 0.32820570281284034
1.7515837489751103 0.3615880988423626
1.2740147416882739 0.6824864659156117
1.6861362158583693 0.44573295290882126
1.88355770582735 0.4290316226189682
1.1888635287259186 0.5981379292131
1.4178940457255016 0.25442263913644403
1.437668555538824 0.2913715700202195
1.6023042818544853 0.3987517538966343
1.3153238269660612 0.21137397166994187
1.7527306453552802 1.6627356064708576
1.2100969726430562 0.9840715095112085
1.0369999070310965 0.9365879789041425
1.8615953399350529 1.3363147826128978
1.1802881643754048 1.1173105124303224
1.678301210086794 1.3167280721671735
1.8215792306786587 1.612482255021542
1.1228435236082053 0.9878140106551756
1.1934194112014762 1.231172691819802
1.6326521234839557 1.428049753890216
1.2272529516928152 1.8935484368285913
1.5763828946629426 1.339393436660423
1.7233317295717063 1.4813805080661846
1.041696588265809 0.9386296114089799
1.1405867010679682 1.0384835192069315
1.1832271348780807 1.0991106721113002
1.8427199169902968 1.4912361097159934
1.0421505033644978 1.119999243077571
1.2511756858964163 1.2149357044156401
1.5170361979521392 1.3445400150630487
1.935397238116916 1.3835242837449115
1.0228107926673995 0.8865338318029303
1.2061802555134418 0.8248912023834707
1.0785116431191308 0.9910930784048052
1.0896289028957478 0.7431859427188425
1.3953732802097645 1.3783644437167413
1.211503456027593 0.9812507373534822
1.5111719050533727 1.2107012140767035
1.0955588435154913 0.9761714977068996
1.3755275771678392 1.0971122514114964
1.0991966293504747 1.747382929363367
1.3572339899989103 1.134103803229856
1.4740262838851566 1.2160341227264635
1.8134851610351987 1.416041440333177
1.660885007745653 1.4962143441287956
1.0984883228604487 0.9658692809459348
1.1377119059802387 0.9976244135315216
1.359360784680324 1.1461922934889837
1.1026453945930368 0.9068367090471243
1.0316490406864913 1.2080909923654795
1.3645676355596783 0.9890258276189787
1.391981884080371 1.017174980698003
1.3106141304598562 0.9834838510622752
1.531053926901528 1.0004323486903897
1.4347477852683568 0.9087793575895512
1.5749518153166897 0.33720892663753255
2.12535683164732 0.3383444881611598
1.9471946305566283 1.68784426184194
2.0480234863793245 0.490608082558527
1.6482351860001523 0.2792123090424233
1.1688225585325511 0.9972449166891937
1.7789720538835727 0.2053932012562152
2.0339913140843673 1.6891622640402526
1.3527187065192516 0.9443024928680567
1.810238543995024 0.939119144604043
1.74880759458897 2.7892083270345474
1.5354272842489056 0.8588505351431348
1.6016198805170827 0.977294502392101
1.869985588738075 0.6535265840099679
1.4996549553614487 0.3346168461549499
1.5697451803665605 0.75843501158834
2.297991051056231 0.557288844888054
1.3233019687772667 0.04916026792323717
1.5067710236709813 1.113546426988053
2.1908306344798447 1.7399253927757679
1.535450535350191 0.38441831722131947
1.6541755504319107 1.7160215174521856
2.2616676895047885 0.7335928965874339
1.553751114831069 0.27051078971522957
1.523241098961386 0.8082047361732104
