1.0626007312414834 1.5281020642787628
0.9779801710650752 0.6109397820742701
515.0693098866682 5.759236757108543E-4
1.1491934812956244 1.9552997251215565
0.9931021739326363 0.7494982962869395
1.0973488241258558 0.048134881283817314
2.466310209176765 3.10705795828854
1.335141146831896 2.1884844218992847
1.0486475767545045 0.8490899840003987
1.4994458829577926 0.2821806988520128
1.4460118957095343 3.260229187483056
1.2166531336477966 1.9949738155183772
1.1104426410056245 0.8576516133170856
1.1153286373554532 1.588370837684687
1.2993809273849632 0.9434605945118965
1.525343670340488 0.9488301591554292
0.9913999376760632 0.7455643456751115
1.1862418524571519 0.11124885883339397
2.000405619458896 2.1024906188167516
1.0193678837707794 0.9178687425560659
1.5918378034808796 0.27152742761557724
1.3465574954327253 2.508895450821149
1.301678968661048 1.1884471817876217
1.199862829675448 1.9604384890625521
1.8277397576079353 1.3534495033525058
1.4940189855143233 2.108815445380543
1.0321037787091174 0.8144200030083164
1.626592939903177 0.3647243636134118
1.6705270101063614 2.155713950779319
1.074772880346629 1.0749850395484752
1.2892864827776003 2.1449554768302708
1.2702337729769329 1.196459478565134
1.7514422767913342 1.2991878235001328
1.971125563361042 2.5468088879697772
1.175321573987392 1.9171992443049164
0.9998301128829855 0.8650221495617396
1.1606956855415982 1.8945981001977759
1.1050870802448782 1.0007216663217546
1.4087837636828053 1.1224949091064806
1.2197031119598896 1.412536760830575
1.3279990747637318 0.9700602690995638
1.39870013648169 1.0088583264278455
1.5530303600009177 0.9811678021606316
1.703075681542444 1.6510257603411649
1.4874098253904624 0.8985798706012643
1.053870829107103 0.8969147187514626
1.5906674525597495 0.1783638575368084
1.2858484399588561 0.894261642713256
1.3930448300661906 0.17592300905116726
1.4426130372956805 0.6609736658253991
1.6891929985668805 0.4306870637594601
1.08424111472016 0.7268231525852906
1.2878321185898103 0.752495299240589
1.4712834153068082 0.1522930103578063
1.700461688561116 0.7170226749501311
1.5451672358737851 0.21787113810737785
1.3364256569100001 1.3239885312111368
1.9221810665205021 0.4881027502149165
1.133214651433301 0.9951709762746581
1.1853535210880959 1.137979678214878
1.6082358424373648 0.34188935602802584
1.3128561740568747 0.9656789343840286
1.8441591332845482 0.5109081405566214
1.1531869116533497 0.9438645134839442
1.8918167624731854 1.3853977720110011
1.0796135464650178 0.8893719370232034
1.0940297172464606 0.8770028923800232
1.1386911553491448 0.8507361955623098
1.1464294754392113 0.8174048975916548
2.0215001543018793 0.4159564234777322
1.6074043733213412 0.6966328976732268
1.6601094445449323 0.30126649552155793
1.8704635982981426 0.8030486654454614
1.2977871873367892 0.15853496783688587
1.4621681244987532 0.8681593003586721
1.5115010325256053 0.32948756637603704
1.5089352674833307 0.782798222005938
1.4112826818574584 0.20131551750718119
1.7268415681497489 0.812645501711065
1.4389013820349978 0.2609059320304359
1.3223299865047817 0.914009241893767
1.6879699241595636 0.4048164476702297
1.9209492709213567 0.5152293022341267
1.3401955400783907 1.0461744368034227
1.5954375790710231 0.34268697353782596
1.4166400522751137 0.8146963167285604
1.7511231035562709 0.46344734455735703
1.943333944797598 0.5931654851476661
1.2332982492843705 0.6890204170044518
1.9126335045620066 0.6271821597097285
1.5032801255235442 0.6502037332283155
1.6520720147795998 0.29854861964941853
1.812661007402667 0.5386228747755908
1.269282109343828 0.14989593437322463
1.4347058821097192 0.721295049977217
1.171160584807312 0.10798817100892924
1.37220026854109 0.23254439831639717
1.6497537532267623 0.6354718520252228
1.292401495392376 0.15304366884222384
1.475924209458757 0.7015621493004214
1.3094485820075006 0.20046331889302513
1.4789163787119102 0.30990334166967715
1.190610253037608 0.7886899815554664
1.531047825896025 0.3287631726597301
1.5995912672316408 0.3784473586491104
1.740519479277239 0.47651984107671724
1.574620546271181 0.4475768840360685
1.2223204357554276 0.12764893275879013
1.4636984629606409 0.5076813362550984
1.0842892527225958 0.021045848130544418
1.1299295801025426 0.08396505445909522
1.676456935219826 0.4912888059749617
1.2050708878152785 0.1255840954746203
1.2527905977018539 0.17455735263728867
1.4343495828327515 0.28273637801218765
1.4016390821198157 0.3921084900152361
1.071565169136038 0.020421992861993973
1.0000613584468874 0.017372901732157813
1.1750385038170477 0.1214210912056057
280.7602424869813 7.373615321048044E-4
1.2703678008357129 0.8883223777687678
1.0857714231713984 0.8754986693664555
1.6866743886684943 0.37313783920954763
2.5906023384911485 1.9225441136829295
1.1031201947618265 1.0619612898064414
1.2953293947516515 2.035651064336516
1.8840581371325902 1.4734664171992768
1.1864602651456688 0.8814668280493163
1.58785554495197 0.38054711395752494
2.6124708473043636 2.1175959820473507
1.0924385628060806 1.1732925844410589
1.839164373211947 0.4801790691794441
1.7272209492797161 2.300769820333077
1.7959022341314295 1.6259492447044726
1.9416927853392898 1.9436567325078862
1.3632363665067218 1.2236363216639772
1.9836197499249009 1.7827528810359945
1.729336854022213 1.607665279427498
2.3018892041601995 1.8543902801273682
1.1847809212035212 1.8754787570476654
2.288180309780749 1.6469150052351793
1.0614484800653559 0.9059210759821732
1.8182618958093832 0.43675147372586487
1.6786381614719048 0.8052029307164764
1.6537744475479577 0.3355140867660667
1.2702879588731286 1.1636824048256738
1.864358213853735 0.4517853258920859
1.4371669773050828 1.212100354343703
1.694956765892759 0.6771593821521562
1.3961580699490121 0.24458476978258803
1.2516851787804508 1.2888738152847523
1.8821602945793483 0.489418362181317
1.4218370058086216 1.350902517069513
2.1571324220765495 1.8072389598184004
1.180966622237 1.2322001480890143
2.201956135960671 0.5731300428337106
1.3936738198672323 1.3754605170283174
1.7477167939372262 1.3613333228771278
1.3550363572593283 0.8615736225501107
1.6167574921137944 0.3578894174418961
1.4116221947533694 1.0590522225123025
1.5663285195248413 0.33701839258862615
1.0976772896539184 1.0617854927827852
1.8552263550660535 0.47885465232894797
1.3425285713995367 1.0860067877250092
1.4889329023215483 0.28277196272168637
1.2108357705090516 1.191602702243049
1.9724940994755107 0.5853528163222916
1.1721789620508167 0.9666018489609286
1.2915359579630836 0.9091020992859522
1.5066467232239855 0.2774451619869336
1.4880748042625198 0.65232402161782
1.454555935414473 0.2995163222356338
1.6896625061883241 0.428938205181632
1.1204908757596226 0.9889843013293305
1.6795152175829533 0.419317415952559
1.8325417322551183 0.5041894457692169
1.3513052606666693 0.572221007215818
1.3882826526099705 0.24999055757911107
1.4324413113471504 0.2640325766331595
1.618670089205788 0.3738517976624929
1.3204974845734077 0.21164383349422228
2.067190686687741 1.6480662792536167
1.2077748481838406 0.9912701963704593
1.115581771443386 1.0470071957833802
1.9366300479533016 1.6525315614201639
1.1841459957977165 1.142645913951735
1.785897856189944 1.3498385481773159
1.1024686864995035 1.0049292072952467
2.179569793146296 1.7381528771213646
1.1502788227022767 1.2327003919280326
1.7090676644597425 1.448266360023633
1.5216057205548534 1.9840319266515942
1.563915243216279 1.392319674534471
1.7876287934903607 1.5212270881653025
2.172393518408928 1.62089792682854
1.121420528113574 0.9973143148582142
1.1950039909545658 1.3135184773092834
1.192121839610706 1.1084031791372806
1.2195752068081938 1.0860184882370905
2.086067426883722 0.706100760625015
1.1679152455748447 1.2327356915952428
1.5408165266946048 1.3657950837266333
1.1743914190593168 0.9686093476219804
2.092041073461171 0.722601437334401
1.229482394615055 0.9750113020910371
2.041699103654988 0.6958786685159655
1.1376203100616404 0.9828762727825511
2.3388971767895184 0.8975814850074161
1.1963843612835283 0.7981627577997014
1.8623792032667572 0.5411424221577527
1.9831811026943544 0.6520408974109734
1.7275154436115534 0.45941405334596164
1.199989228444484 0.9910421958785571
1.8544317826253365 1.495665072315374
1.0800163333127726 0.9724573458891529
1.4110087928735007 1.1329129425176194
1.6844700204549579 1.5384478122122514
1.296880230254943 1.1282495823440533
1.46916514837294 1.2211998550486807
1.7683698707185171 1.3651082830331633
1.0577898169544706 0.9572020771761273
1.1012906329130994 0.9946856911487378
1.3321845479353585 1.1450029934500012
1.0790188013171873 0.8587480286662943
1.2613643306453335 1.5092039400493376
1.3621921042752752 0.9903582084107607
1.3972991700619732 1.0217863717797557
1.6043950843407246 1.1359134730593081
1.3279111676249926 0.9751767985547914
1.5676104128965365 1.0018594921949104
1.1280612822955967 1.570349840122205
0.9869031900445646 0.6051460980303845
517.7585599334305 7.466727655665029E-4
1.1649543503258621 1.9347147510660814
1.0000654438435053 0.7503805023492749
1.0974513834653576 0.04819232917418891
2.5362489518423113 2.995952132976949
1.339749482689321 2.1881937607344115
1.054713988889746 0.8463781599308848
1.5002874476622772 0.28319203422596106
1.4934178929967035 3.083390422007782
1.2633806711489295 1.9747755604488173
1.114830925689411 0.8651734266186322
1.238746926911704 1.4675219096467118
1.300784046257229 0.9437403948162328
1.5267297532724482 0.9470601930207478
0.9967859363908725 0.7356479251311491
1.1863505397509475 0.11140817164172412
2.022796681226967 2.168845858607562
1.0584542227415337 0.9056265005398053
1.5930505439857905 0.26448343264652574
1.3519693895125522 2.519924535303748
1.316126121468336 1.2001512894254343
1.2290622854029418 1.9355354338093709
1.8278139506486293 1.3519669561289092
1.5013366950264837 2.1188483969548324
1.032416616170202 0.8140814316172029
1.6271516550037384 0.3570016034177189
1.7746294631404167 2.010844288423061
1.0804273443323151 1.0798404425790686
1.3102580646934445 2.2609543509877548
1.2766387835365558 1.2005565404170426
1.7998978391394114 1.338109631179421
2.0580171141097723 2.4754183930492997
1.194533122181665 1.9139788061722913
1.0179669064198644 0.876234929546203
1.1882702505924312 1.8655074566422343
1.1088828534571917 1.0013577332465338
1.4130763217294802 1.1142556520797087
1.2217878209160418 1.568423725886534
1.3290488562795608 0.9705898712802243
1.39897605766719 1.0090385975177723
1.5565087947222738 0.9862428156202145
1.7475726638942923 1.5585166466627556
1.4883693505370434 0.9011199247623928
1.0848716490385248 0.8729487463735266
1.590819974687374 0.17861761564340717
1.2858743008602185 0.8947038731544471
1.4110333350284776 0.17892565101907953
1.4553341432356195 0.658373314948433
1.6910727097619267 0.43211886401702626
1.0918340405583504 0.7181579733450619
1.2927981723613537 0.7472326961074166
1.4713654085057901 0.152485635947267
1.7694643488014299 0.627270399166439
1.5593946318165521 0.20577659024100825
1.3643059908438633 0.9722662978851888
1.9229614992040467 0.4872813098109433
1.1422927223029151 0.9919073879184003
1.2230868230318062 1.1816905953486863
1.6098955250245572 0.32748669393327384
1.3220528447714421 0.9616715413203019
1.8531175600020648 0.49940760727155376
1.1533721392298537 0.9472468424133894
1.9274591824019747 1.3743121788462027
1.0991094431845558 0.9185660721993596
1.094196229089014 0.8671775363919191
1.141072802460489 0.8512071352495894
1.1586917892794442 0.8438718963139781
2.0237247205841933 0.40040370295172517
1.9276113809019306 0.3803773270817527
1.6705895463112803 0.33900706598069086
1.8824928320784955 0.7445345249354937
1.303327659972232 0.16354765021660617
1.7684968202077345 0.7872043431333025
1.5251097358095307 0.31630269861959465
1.5173144646876024 0.7731705946207273
1.4690006901043902 0.2006006384825495
1.7619169967606354 0.7724675548765396
1.4389949057896012 0.26158097651807766
1.324843816004452 0.9276996963129234
1.6891809165262375 0.4031414725045744
1.9222551103820371 0.5137812939364438
1.3760218446129224 0.892499850037854
1.595799073519934 0.3422928958153101
1.436628031811519 0.80508420957821
1.7513421299566783 0.4638299214656294
1.9445592006512555 0.5916162932359638
1.2522841797932283 0.6737654781806262
1.9380098561546635 0.6412655405932234
1.5731699088864997 0.7096831858381619
1.6531326287666008 0.2982504608765767
1.8146462259501397 0.5473232304978278
1.2943845948995456 0.1436736183897755
1.4353548495160475 0.7246233799397606
1.182584358626814 0.12791752276436716
1.4023944078035542 0.22444562037989765
1.6612384470483943 0.6025812749585782
1.2924731532950244 0.1487136380347289
1.4818592715520567 0.6963457831501787
1.3130915637839702 0.19645926663643226
1.4897644975927626 0.31235112124196823
1.1926206278669296 0.7828775469188831
1.5329541655627685 0.32837051306082277
1.5996332674602023 0.37847766894499746
1.7409947271504382 0.47651983898195505
1.7769165635715387 0.627360317771499
1.2471546067017696 0.12447331732700885
1.4913419369501888 0.4953941613180119
1.0864237012094133 0.020212712397064625
1.1314360872462503 0.0851862057681188
1.2051628247182522 0.1255263975806859
1.253898024098852 0.17477613669134118
1.434401541986774 0.28227124887090094
1.0736260408043201 0.019233262797558062
1.0005071020496714 0.017674656806807684
1.1909947740157094 0.11681237750792738
373.6152519246976 0.0013389831890498098
1.270388572898781 0.8901177583210024
1.1641497775720326 0.8148607830386734
1.6867331861311636 0.37283651838352305
2.5923341714954766 1.9221657858139956
1.1034181415820299 1.068829433058771
1.545504416572088 1.656252633775941
1.8847779408487475 1.4733101402240565
1.1867339108014976 0.8487226040346151
1.5885517811381171 0.3810522433160589
2.613389208162138 2.1155726188380473
1.1037804717968933 1.1712256926363167
1.8397086574171195 0.4758850032489169
1.7697208244698635 2.098498769584954
1.8278498679544084 1.6222341200619461
2.036575540996302 1.8301949122151329
1.3638018567888741 1.218100004545855
2.006675735085757 1.7494403977950994
1.733052472345769 1.6008343328906314
2.3056839480604086 1.8436405410112697
1.2088414284483031 1.8476025813184493
2.288800000007484 1.6472241124420313
1.0649075550388098 0.9049173988539154
1.8272427314416808 0.41809489365727526
1.690505704674849 0.7915280782461134
1.6538201515608861 0.33545669152762597
1.2730890487103954 1.1535351787862544
1.8671717251915814 0.4680529302697103
1.440415393865147 1.1965474299698757
1.7075154451431858 0.6723941057374743
1.3978711827675623 0.24726648151348796
1.3496586355915698 1.1753912707624463
1.882377289004241 0.4916833107235026
1.4254177398434857 1.3482917277436424
2.1575929688265294 1.8069931459039306
1.193754806609399 1.2186633460708116
2.205639432909905 0.5376066985645052
1.394059575884254 1.375728520995394
1.7492393380635645 1.3622537632890175
1.8537144263983518 0.48024135632313536
1.6244535507781843 0.3431156389044755
1.5006270702669622 1.0421943187508094
1.5846549767889577 0.36322806649178746
1.1012659209778448 1.0635720627597214
1.8713864339342727 0.5003149655353196
1.3581981837359667 1.069693446688553
1.4941554478346353 0.28757737000776123
1.3269686322339642 1.150751824692552
1.9730610943434486 0.5827085980316271
1.1757339019210893 0.993645811334444
1.7108393231047732 0.8509441603476844
1.5070211393570718 0.2775363232185868
1.5555765656230331 0.6724990359554892
1.4608314232930795 0.2905735490036129
1.6900577782994053 0.4019574624916455
1.1479778273740853 0.9893183596577436
1.6798471655191825 0.41939792334250553
1.8330685537638751 0.5039803982459283
1.3526706138632034 0.5705799567491263
1.395399873648231 0.24613876756316094
1.433128784622332 0.2696852117084818
1.6201658739536042 0.3685024819162032
1.322766708878214 0.20140330708098741
1.2078092905806161 0.9912743093143938
1.1616257688341336 0.9864507126178249
2.0279486784109024 1.6212379795969536
1.1922499613542437 1.1374808293994372
1.797162924651309 1.3348832711522525
1.1194806692164063 0.9793635728482942
2.425628893291158 1.9007377485061483
1.1508593981160575 1.2325406021639917
1.7128022821032571 1.44371421059154
1.5750686050754041 1.9035569582136342
1.5649670131249855 1.3889267599569213
1.788133116610104 1.5278050498657654
2.178083818590901 1.6194963767817954
1.1281125079127783 0.9897815417384659
1.2999123064745322 0.9808143132034841
1.196679291876186 1.1209523729087694
1.227817828999593 1.0583574763280894
2.1017670109586497 0.7254868496263265
1.1679578092560212 1.2328484007733198
1.576750354562999 1.336337021649469
1.2443145202964707 0.8866198156170514
1.2555031838281978 0.9670786823781402
2.048446151383265 0.693778610481627
1.1441716388120888 0.9910278737262865
2.4459388297182043 0.7413793700254012
1.2484459225184295 0.8050155865097239
1.8632427316047182 0.5404854907389149
1.747769566637087 0.4459810254639971
1.201492061712383 0.991676009397704
1.8597599480531168 1.4717808696167827
1.1022399355165329 0.9719562326184659
1.4112523657974874 1.133018128047903
1.7063905320964632 1.5780129064473478
1.3013064635278855 1.1286089908262795
1.4713622787456582 1.2226875908218138
1.7708583347102869 1.3570484835197765
1.0579610773798982 0.9577001808871368
1.1016869697774792 0.9951350270368631
1.3400384606584614 1.1451943687430175
1.1015084558485406 0.8626383173580414
1.2905450720363185 1.4913214189479516
1.3639999684688215 0.9903369606029166
1.3977180001741458 1.021961501248426
1.608775463393159 1.1400132566736407
1.3280429317901694 0.9753558598153013
1.5679678595117088 1.0020888168589395
1.1367812675743412 1.0173745138682095
2.0800861051485016 0.4682844908964774
2.207234977998932 1.2992631294612251
1.6175408131350157 0.36167998507603916
1.2526104048757567 1.0120732151048988
