2.4220309140407092 2.6707392291608136
1.6209106818470655 1.8738088838073423
1.5487675897666442 1.538477190877204
163714.30423400455 0.9807172954949249
2.88781619259718 2.9784546614510843
1.745058414390352 1.993659315123704
1.5451303424915177 1.6177558082690546
1.7450758683542436 1.1746620498584612
5.727571506568954 4.666282083865974
2.9739752744318446 3.0392272179638327
1.8659738393674448 2.080892544242274
1.552045843955688 1.6337202871172893
1.7641882322459104 1.2092419050337129
2.6005770698187805 2.7118594422212925
1.801387402182017 2.025883804887041
1.5723528755773177 1.6580708668223825
1.7861951834970526 1.2152885667331366
1.7017023897870562 1.9350952395134933
1.5984798308651982 1.6202019915087564
1.8137729956413386 1.2197384243987412
1.6650068225076335 1.6198244866959741
1.8452691972071653 1.2382910498883346
189282.70729661046 1.0957665515336905
4.156939191233072 3.6790562320669973
1.742225207000243 1.9832298069795637
1.5396545279643088 1.614738853482442
1.7452725027997222 1.1869974643171521
3.660719968401967 3.4657329363638723
2.6278358733109717 2.8591141146318098
2.5867804204648635 2.1667627268879976
3.42090710818938 3.299336740074441
2.519451028151477 2.706479316992663
2.583404499173211 2.20202642472007
2.535325116941914 2.638352329221356
2.653997000261362 2.2193188800086094
3.0341419867343005 2.2779613241733507
1.8427513208372799 2.034214169193206
1.5453238398018807 1.6203469327061655
1.7496122147368083 1.1758202094142107
3.04223987425228 3.0535902098771404
2.4840360156576056 2.693721177007921
2.5696211081565474 2.265982730519023
2.5168245211849865 2.6526849373045307
2.5860914967763895 2.251145605517746
2.749550177279474 2.249090772314272
2.5527323388082768 2.7909194614151316
1.7596660646596558 1.9717352106392196
1.5654226513662417 1.6273792177697373
1.7645647537153584 1.1952651855544851
2.525516162929456 2.620349132784275
2.8594234268556615 2.2039431555762374
2.849495777399465 2.3304953031942923
1.6733407659639403 1.927941812375482
1.5709596124273366 1.580003025788172
1.7793148916694066 1.1817623089053124
2.8486552528208753 2.253647857944082
1.6282339995798623 1.5634186626405058
1.8028093570248107 1.1994024540536723
183604.65494570052 1.0615704526078724
2.8948615517440426 3.004773327525518
2.476028920987181 2.4582255950661636
2.6758293154880803 2.1845074857088367
2.4648242540760052 2.662828789820889
2.580256070282883 2.2031055104165516
2.9453386779543633 2.993688136726727
2.5046370854517646 2.6829823850725947
2.5659650682404442 2.2206225381307028
2.48019322918345 2.602899411251341
2.6121972276562566 2.2141618361269386
2.7435420485061575 2.161539083786826
3.823556671566351 3.509987915959261
2.462539576299141 2.6701282953410868
2.6799320669113484 2.1483554094174857
4.056423750572567 3.6722269156750844
3.662607448030892 3.4740674460364325
3.7074362184725977 3.3798859818325875
3.6158292091476247 3.3175892427156977
2.4868980740148334 2.635628998525957
2.548478883094835 2.180458827218589
3.7696143487317677 3.5176963254715785
2.419165510275032 2.552265564859301
2.588204959981095 2.2049725784743
2.6677142522029316 2.1408555510332157
2.912307537922658 3.003388317675655
2.4423605470709986 2.608522108814592
2.6023500073149504 2.150953524720979
2.9771477730769087 2.9945072556942587
2.458301811024034 2.668087449918617
2.5563157620580172 2.2536797597712237
2.4474043683516298 2.5887612715108492
2.556639247575197 2.1932580668235686
2.633318368202625 2.1691022508942575
4.15671109575912 3.6199746983680834
2.4666467748101626 2.676347033060449
2.530962362754809 2.1959460096018173
3.7117344056884862 3.3441405132368853
2.4388749213196386 2.5583814159353193
2.542396975354897 2.2087342853497747
2.6176710998794213 2.1246038721398186
2.459578843204542 2.7252785037517198
2.4102845350709012 2.5209310454148737
2.609051712652362 2.1620815945985954
2.4445706402980614 2.523620586661413
2.5511768793690486 2.178007069041513
2.640890249914692 2.201726027828741
2.418581681785148 2.5444949062761566
2.5787169562767778 2.184157567199805
2.614699773042086 2.131792816815085
1.6342614653966365 1.8907623870462396
2.6464319818685382 2.1322978579871306
2.64204024949985 2.17519513569304
2.651054630485363 2.105320109666641
1.558860762435438 1.5317001897424891
165538.84232152204 0.992561319410736
2.8717993348015654 2.9408481436848417
1.7457989867675796 2.000429243137123
1.536929044865636 1.5770470714902765
1.7410397490566691 1.182003326773501
3.8168706001368964 3.5622216507639823
1.99304193874827 2.0423159640192767
1.5378288543868688 1.6536110753568982
1.7448660999003247 1.19339407087343
3.0443867673775267 3.140943348588544
2.038694692468602 2.068161546524788
1.5766897574107297 1.6969094422022664
1.762464581664208 1.1952259646764278
1.8154309461551328 2.052674291963935
1.5846426668425284 1.6825378850563535
1.7908536853335124 1.210435543531768
1.6420776649165028 1.6214349912394583
1.8237204131234532 1.1819162746384597
1.8948509024690412 1.2464607916464148
6.163593299272734 4.872305338480908
3.8107332109725993 3.493735679465337
1.9952293004449881 2.091207633283204
1.5289643877479264 1.6744695362954143
1.7412685334886713 1.1607275466459095
3.7377610913068535 3.498600606130891
2.621440420389969 2.721014406757729
2.7577084554414837 2.3514879016803185
2.5808546261655336 2.6711633652013944
2.8667086632648577 2.9504491866235
1.5449752434436603 1.717350685108033
1.7527216158538896 1.2066001444194319
2.524988039492356 2.7045103907682613
2.7372903992435154 2.382107463457694
1.7720491876956999 2.031169888938178
1.561379185868783 1.6817529415650334
1.7703139654976194 1.196674615568535
2.9989979479299897 2.419165812259192
1.6069204290895776 1.6260703506746574
1.7961309717499359 1.2003589822690832
1.8566258224702796 1.242049110158608
3.774304714488927 3.5042017447773133
2.4602242435380424 2.659947109656977
2.7981758442777123 2.2497746448501283
4.002193557951816 3.618531144937031
2.604553483452568 2.712897318483418
2.9751934178004786 2.4363645395735296
2.4993908544766015 2.6605813471518553
2.8865084743454252 2.3895125925188743
2.5850304760997735 2.195613301176428
2.582182063702721 2.7669231772310248
2.8291811460199443 2.1996920341725335
3.8020575781701114 3.4807148560372188
2.4920520146134435 2.686144576981813
2.794490598987842 2.37345514336887
2.5603780692564233 2.1570687425677737
2.8986885862677303 2.9734879227451763
2.446264545808936 2.6878227372619747
2.552300709567679 2.224649994985369
2.4515730179130815 2.692604840130047
2.763941187018108 2.381751101325961
2.541243764380586 2.220430388732158
2.468620081006428 2.71038062346358
3.1220748645065073 2.3498543566199444
2.526012813361873 2.2210991403623845
1.758714109291807 2.006844196715782
2.636354711209651 2.2018886444811163
1.5469528804507706 1.5976694592856446
1.7552228918200015 1.1922116282888509
5.428558203664804 4.483739443231704
2.8516691336666775 2.9599270762106866
1.8223703431726799 2.0294493437129537
1.5355254466935895 1.6100263107460835
1.738699630682211 1.1882407437112124
2.936626253866454 3.036302741443
1.9862156489776917 2.057814711204455
1.5599767289839552 1.6745924465667306
1.746419537369671 1.1666458277421072
1.8645846681685654 2.097323152373445
1.565380061565608 1.714925733682703
1.7667460400076345 1.189110782673392
1.611827578888478 1.6691928138121574
1.806270065414023 1.2113665717354192
1.8751383599115137 1.2263090498682894
3.0457482206370274 3.167246332448685
1.977309606390603 2.08409384638425
1.5396313190803441 1.6959259284931378
1.740221701749142 1.202893216424928
2.5535539157477616 2.7006356155547317
2.8566005981781046 2.61071499546466
1.8420996233035831 2.08012752532759
1.5531759982652162 1.6982495787417224
1.7597782155731698 1.23079173182888
1.5964328983544294 1.6823927253997044
1.784483535602639 1.1934974975435466
1.850826468872694 1.2389209592253325
2.8699375241676397 2.9597212566146336
2.422489143973411 2.6859459251635074
2.7322132301946565 2.2303142368692224
2.425734252172302 2.6770793424873807
2.6513825094259253 2.2000927054502313
2.4254527112715754 2.6482261631974797
2.576579644654895 2.288597677731957
1.8332060668900736 2.032704735996328
2.983811382249907 2.193844500787864
2.565857248290129 2.2118361257312142
1.5394275451273423 1.6440672018369442
1.7533131341136072 1.1926256244153806
2.393156200713187 2.6329305459619023
1.7295535960474813 2.0005882533896315
1.5284598211681488 1.6439098453256709
1.7416143797859518 1.2156733395355306
1.7574878312920168 2.0164951538196085
1.5293503578299792 1.6579916605874272
1.7399747447068783 1.1940263452996693
1.5937973813567465 1.6196869429513794
1.7705665829894288 1.1768792515831796
1.8595080717342767 1.2414507942598083
1.751861943631035 2.049283292116889
1.5407693700018 1.6760311752841166
1.7432863914249679 1.1663504566345981
1.5892850071655529 1.6634180160647822
1.76874283552276 1.2016925291597509
1.840870859818439 1.2233993232537521
1.7348676238146896 1.991402898103205
3.1059690631292645 2.4217924396802717
2.6938464772117543 2.2473428772619752
1.5315576710150962 1.6409201959371595
1.7501278416174266 1.1634085454522594
1.6113377899760306 1.8750023121447488
1.5295302756693259 1.584506456976188
1.7342370667031952 1.1814678761422586
1.570438188582108 1.5990575788431396
1.738657036871899 1.187912529349003
1.8248357341931234 1.2364639817764076
1.5841972523195942 1.6015598454597078
1.757833212858282 1.1869358567507011
1.8271916751719564 1.2296638207491055
1.5310925061378353 1.5809533456190712
1.7404534047325648 1.2138781532179197
1.540769428066641 1.5115075998146772
1.7351136857326452 1.1601773182427153
1.789050738426243 1.213399547860177
1.8151528282775753 1.2018534664798006
1.7428877621652696 1.1696379973654825
163899.80247981235 0.9824445279028451
1.8782102674060908 2.152686069496793
1.5301239903652752 1.6857874542788567
2.554930315990875 2.6962184853310864
1.7433315901298914 1.190700791893637
2.990809341469422 2.182309687857061
1.8780642531634757 1.225955654535122
1.665912529058457 1.682390758409376
2.429091942827027 2.6886304036190323
1.7607705283634885 1.9644422705433258
190179.38651475904 1.1014132845642066
1.6772631771412927 1.760905605878118
2.4334454120479285 2.625838439799787
1.7416355651574584 1.1871154578742138
1.6738171093855332 1.9386351363737426
1.8253946164927337 1.2314280620243239
1.8366231504018955 1.2111171256631934
2.5008246994099466 2.655282222729964
1.706098413422012 1.933230153665346
1.6133010325118242 1.6714761468024288
1.8665031640883762 1.2576529562428063
1.551764892738297 1.5334865502486497
1.5453920767313711 1.6114515873056718
3.8528998870209534 3.506213069994577
3.889027492159833 3.739434503516559
2.9905155422730036 3.11168618587024
2.426817471830276 2.680599094322411
1.5395778272535 1.6411025059990831
2.60465665313653 2.1635805890730455
2.9042804717338253 2.2407663489106135
3.6654393329863884 3.487161956131738
1.5365414816930758 1.5992431339754067
3.6851975123346565 3.3519613723531645
1.8383513115772268 1.945666803500415
1.75978831791321 2.052873882349059
1.7048969984875666 1.708808455975479
1.7689082519149997 1.1944539868638056
1.7420544217144136 1.1585276463777363
1.735680982720342 1.983017068504525
2.859757530502678 2.986145611152395
2.5737328978229317 2.3311631116722076
2.6111204429188923 2.9218784813448178
1.5402912756451905 1.6187460704938714
2.669238765941313 2.124875096508443
2.8777881057186727 2.987668797385698
1.907956421641646 1.3991955784113035
2.6384109559105964 2.7427055840064085
2.5804925901530495 2.2158392675446703
2.5805396529171167 2.6465984428808937
2.8724797400216304 2.941360957531245
2.627718472870653 2.7127199744180492
1.561198944012074 1.531258697319046
1.7858013776273243 1.2334408504002567
1.7865886568246936 1.2227695618989565
1.8238203943080027 1.1992113871827392
3.771376148257411 3.482485446604891
2.6345036042874233 2.266887494764993
2.3984567403035673 2.6039564445687007
2.4467861592896343 2.604550942596081
2.4266739460639437 2.646992818427502
1.75587514328343 2.030036283234161
3.475214140793751 3.4310001967315946
2.9189157811065067 3.0161749571749574
2.8162712827936693 2.1912397752129342
1.5762671420433336 1.676745389390578
1.896035482044135 1.261561944949934
3.8028226331463872 3.5981103121913303
2.7921988293968707 2.206666372217101
1.6443537889689868 1.7331201537680065
3.7691698134805995 3.4189378764496556
2.6257113018280904 2.717603358051562
3.06754021117238 3.239300899601348
2.827020287222305 2.386831560896425
2.478608302037258 2.573727488754736
1.673169565126135 2.0188892760699315
2.8540729282677364 2.2531585826159315
2.5666049189869753 2.2183741019111434
2.6019751236923376 2.7083282334627974
2.7595063227029004 2.3528535992378257
1.6130945467710553 1.6008460741092803
2.5354040525246426 2.6346964799766512
1.7535634021745334 1.2108783668343852
1.8441003892929189 2.039431660517992
1.7772105654583426 1.2553170676965053
1.682951511614935 1.5265470680825919
2.2878131587146697 1.2502346407638347
1.7894121094874762 1.2208939734269642
1.84720014075813 2.0599157370459475
1.7647074715500584 1.197117399244146
1.7429611602618653 1.173637049903993
2.5709326873611733 2.1883977761723354
2.644192749560049 2.785361335834008
2.0411844158516868 2.137910678422666
1.8683186671334113 1.231096685710016
1.566960634672267 1.7688424930579993
2.3755947676536784 2.5795234966873335
2.4220284271765378 2.5666520777532273
1.5499642241285603 1.597139795607448
3.6648514202553333 3.4816014296406004
3.427232633484935 3.3072824798102363
1.8567565302530786 1.2437818837305836
2.6741998240154397 2.2921942441513767
2.7089590856284262 2.245117614517861
1.7672943718981178 1.1910741908900524
2.804755891233083 2.462457473831834
2.552943903194783 2.2403100899308717
2.6148362375940737 2.1293403101084185
3.8038550542343024 3.470261685731643
1.7523040051676047 1.7714980101098654
1.7424145481038562 1.6289763411020821
168610.16706142752 0.9931047913178062
1.634311877090742 1.8937266694941999
1.7654796935404427 1.2145143364333115
2.646941588846435 2.1949428701232194
4.355002806145625 3.677011964065721
1.893948445509345 1.2604351854730491
2.4926791579867213 2.5363262123912955
2.5340348671212065 2.4524371891917025
1.7668156165321753 1.9780681244832934
2.484425880756149 2.650851191476265
2.8566220099086865 2.6107499659286826
1.8273348805451435 1.228514180824079
2.9153668526489613 2.1933824786738514
1.740450446034848 1.2101594416718455
1.7592101945068552 2.0093535901826707
217228.49950554714 1.1752162522001404
1.7763232934200142 1.9660808922415223
1.8137972560651214 1.2039619334622638
1.7296168179161566 2.000944123744713
3.6566146820158205 3.4883904905252905
2.3087406427287247 2.635290235641389
1.7505951970428395 1.157954451757294
1.782175162358467 1.2344730869029181
2.8991321623786863 2.496185058978285
3.7801473699431427 3.505205449569666
2.6850415239744088 2.18393449872222
1.5863674987009597 1.583201553767899
1.866647452790863 1.1894900750719142
2.54959130071242 2.807843655685997
2.6104479840705896 2.1294199577464292
1.7899493039441126 1.1692046128285805
165588.75875649002 0.991724523809199
2.014936585680485 1.3342592218769895
1.596793200031416 1.6822747404318634
1.5310101348963578 1.6227164229834221
1.9955314809998939 2.06946640162833
2.7325017783759504 2.2297325245649784
1.560013153438069 1.6779723764848944
2.601152752873843 2.7412987787422605
2.9782409568225616 2.444687525441927
1.9338044828935144 1.4511645380921703
3.0102088857715756 2.4567125349982977
2.4929287618608837 2.6858244206969464
1.8639936596417432 1.2532492076754205
1.8378084055646609 1.309138272719534
3.0023147225406213 3.1328366964951915
3.985927741237651 3.6531605629413013
1.5792091814116234 1.716503002604887
2.5748387258368846 2.7647078135571386
1.968235668920974 1.2056966892369332
2.6558232043414924 2.2177088744212226
1.5627220702586428 1.6613252661083104
2.031889263271406 2.072702708245642
2.6908328067382126 2.6413047170895476
1.7580304076588682 1.1901351391002597
2.904794025463631 2.378782446201682
2.508117897433656 2.6825942948806043
4.060287729527532 3.7073241155406693
1.6134545741511297 1.6211205120838357
1.676596862674148 2.0318621999674695
2.551590608031962 2.1754015383970753
1.8295058547729386 1.192589487657499
1.7168159524113689 1.8812389367794673
203037.24212274878 1.2491469853165271
1.8595093183095757 1.4288309852509038
1.6714542099067906 1.6556180465069403
2.5928702627247473 2.1025199791166265
1.7448856203030445 1.1938581816202973
3.0359395731388004 2.295675208314387
4.109966345283011 3.5440643504330556
2.6449677421413726 2.549107708892795
2.4822875580262793 2.590013293049891
3.068557623368183 3.1307203093811644
2.652008997183294 2.1423124999683285
2.629726190892308 2.20035409344957
2.468740150443466 2.708630071014372
1.562775522154019 1.6854557126687575
2.673391738152434 2.2565539627874287
3.9702686635778432 3.5976636919540277
1.9315067351903612 1.9582368847591458
1.6236921669523476 1.5859116370979969
2.571186301545 2.2671829333449143
1.987668974851093 2.056316850349298
2.8909174297446767 2.9865852558001684
4.095651517922208 3.7588340611457625
2.527251184113379 2.210582623872639
3.884201464558929 3.518248840671771
1.5316820650284164 1.6462087441971482
1.674012441372777 1.7304953652063768
2.2159263216480642 2.4092379422516257
1.638734709356045 1.6164306953758647
1.7561713672496118 1.1859092484725762
1.8671498267502158 1.9747199852261412
2.855335164047337 2.390792263123418
1.770702151617709 1.1770362537073331
