1.093347950095831 1.4993327178845948
1.0331626180197697 0.5876714892150058
88.0296970492783 9.106431758997835E-4
1.2885666687929893 1.7860405378995416
1.0527850399838394 0.7249171956366198
1.131617286057566 0.02763044358474367
2.2760134671564884 3.04793725649684
1.3752964248690707 2.0733706690876144
1.1288998653955957 0.8412812187769576
1.5492767478621225 0.27744205839044006
1.5003666620274394 2.7542082252222992
1.1920844294431752 1.8469877704187603
1.1324073251895916 0.8723614808168442
1.088821306678672 1.4633476453919756
1.3833692963672088 0.9419814751468201
1.6101991347597204 0.9387302704005298
1.852755275282819 1.3445423307999482
1.0309752101327325 0.7312062989618884
1.2135067130985027 0.09666978186142283
1.9416671694659668 1.9570211763307532
1.0689915737586475 0.9227630642537237
1.6420109241081295 0.2569824290092652
2.4272800959409784 3.07717882300687
1.4630069094157538 2.36158828697482
1.416856320476082 1.1668889945285486
1.202561526679502 1.8621201831711716
1.9332813327020264 1.3616275107635036
1.6453782257310055 1.7582341348955879
1.0348168045342954 0.8187349748529051
1.6735744907608296 0.3615698831822434
1.5852082164764654 2.2422154103987024
1.1366309449173722 0.9404955238625352
1.3224731303351276 2.1632340023723833
1.3674012501268944 1.1707078254248418
1.9244672058510441 1.381794117012885
1.9889701603522356 2.524219733947081
1.2243749829910886 1.9127499159122445
1.0787993559514129 0.8719973528782872
1.217991708985795 1.8997279678409273
1.2037130429546943 1.0086396130124249
1.5107719496240797 1.1149598059801564
1.1215931864379762 1.445886134420791
1.410394033652723 0.9691279161707307
1.4837736468847265 1.007756512426013
1.6495370632645767 0.9780411010129475
1.6715532162018443 1.5439694669705837
1.518417668848012 0.8884338722732317
1.0909124923384208 0.847015295958644
1.6136411153347563 0.17455016417421038
1.3233938976478483 0.8569427775215492
1.3925675931747215 0.1501404577143851
1.9514260893569633 1.451378266927128
1.3139646962674478 0.6829873469340195
1.7370027071232084 0.4433598099656045
1.0368015123253727 0.7259160011490968
1.2953100070352432 0.8744401272240285
1.5043151835628068 0.15847793893396878
1.4573500248572062 1.024426755913787
1.5542144618146767 0.23461380078253008
2.5342187676451475 1.8236203434164777
1.333301358223002 0.9267953915170245
1.934935737499821 0.5012869158398231
1.1786887551063514 0.988083962933771
1.166271747133378 0.9684786925085118
1.6246566781454534 0.3197813678714241
1.3382259841519522 0.9579773819434557
1.886089637478755 0.5317263620903881
1.0863806291282676 0.9639015536558742
1.0490571452383108 0.8801075934486013
1.0785188945421882 0.8449011592549432
1.1910507014945262 0.8394321502391672
1.1082108374650639 0.8272464153257735
2.0160564249398796 0.40075807225040966
1.3388103822453212 0.8758862408608161
1.6377760018178331 0.27321892195297093
1.2699424117327172 0.13296683590940656
1.3281007942869834 0.804818626527725
1.5078353736481231 0.33830958589478616
1.5843208738793617 0.7279223940359485
1.406332565979568 0.21366100161189067
1.6958495216139677 0.6630418795402542
1.413537767445515 0.22267063753567296
1.4163632513274074 0.7352633219513374
1.6539292221025534 0.4149544409926903
1.4368327741464995 0.7617732982072006
1.5865344271922965 0.31848704401994105
1.2042019699026698 1.032865071105873
1.7372246944854903 0.4689240555094376
1.96334920536484 0.5619674611622587
1.0666978368228766 0.7831355978018286
1.4781387658638354 0.710900923108822
1.5594030518724078 0.30333383282748705
1.5355348785880127 0.630046921082035
1.2153970988407543 0.14038863152003195
1.6650178147996317 0.5384543049333304
1.145181157021781 0.11134626874145359
1.3299166464138792 0.2363973096324944
1.5035921367342575 0.565729002392171
1.2238180676414523 0.15324049916548083
1.3983018191264391 0.6686276313114226
1.2909199593597258 0.19513007325491233
1.4832068236743021 0.3317613361027787
1.4120860630883743 0.5127339562639028
1.4903013277247386 0.327418951936508
1.5784950546656893 0.3861713341933509
1.7319561736407092 0.4758243986057115
1.379746655991108 0.5027761701302286
1.167280828934657 0.12142346217575994
1.4905941892534802 0.4798722519678701
0.9970004382609786 0.021726182558012737
1.1073746476064825 0.09574165595968233
1.490657716102241 0.5896177505332557
1.15799961553539 0.12747319701869825
1.2198908996380675 0.17541717866784082
1.3958788211881898 0.2751423741858319
1.1505705232548118 0.48887568262164555
0.9824405558599509 0.02621578853464431
0.9863731562457821 0.030021519507590057
1.1304187128112158 0.12114842031005359
485.58151103042394 8.158574484721619E-4
1.8065835511627686 1.4368341410276793
1.3552294496080173 0.8616815307651489
1.0969494714416608 0.8511859676865852
1.756265008542929 0.3334996564280386
2.004736239707247 1.7665995588647236
1.2146435810882934 1.1080132583022548
1.3165697551093163 1.6957359075630882
2.0287352069188467 1.4574641618480253
1.252869580350213 0.8041819595329857
1.6715207567871593 0.3914654879053286
1.1149041209797619 1.0702793870802967
1.911866183145762 0.4819844064946699
1.5775129257881877 2.103247956653515
1.9259192859631877 1.5898915918645056
1.9649004622786528 1.8335160791954925
1.4398112439807185 1.2139468152352155
1.5474718811603814 2.233037398055644
1.859522445350815 1.5795225215273945
2.494910791542635 1.777226716579599
1.2156382866229465 1.894667994136867
2.392961497753759 1.6029325761399378
1.1489657757536118 0.8298150078719415
1.8561131552757621 0.40955413374195765
1.4741331923656165 0.9168089729671677
1.706842844954649 0.2996282372201498
2.1725251949401 1.643109717956313
1.1666050521313114 1.0919502547911597
1.9374497383641516 0.4223150862679522
1.5431430392257637 1.1712531070144094
1.309995437069212 0.9563499694398205
1.4572753347658778 0.22381397485234722
1.2210186462065336 1.230872285866148
1.9438561134815682 0.47589392785599666
1.4987762284750497 1.3579393463340717
1.220665520382876 1.2072898421630067
1.4871493124252397 1.3453329244513985
1.834392126912402 1.31965849528011
1.2379930270197845 0.9014161503206011
1.6522914749977797 0.35515172799089606
1.647081833088599 0.8901570946875275
1.5741608379039094 0.3354843255578915
1.2998700481948593 0.8413577259326135
1.8588705777170176 0.4956988731468358
1.5402469491327029 0.7593941702433695
1.5083957839283033 0.289152917140768
1.123125574509461 1.0895788777453765
1.9861511372733582 0.5633321759300824
1.1567878150175073 1.0203589888151048
1.2951081437269405 0.6910999998302281
1.4902901921994294 0.2911039706890861
1.2729588361566817 0.741664921514406
1.4794751215974395 0.27368046552670994
1.7074408152136926 0.42639361161958395
1.2184035118145573 0.7609427287149078
1.676691219560043 0.37695096199960887
1.8149640506497926 0.48976791712950235
1.0203455169496076 0.7257346769518201
1.3709455319614086 0.23799518464717456
1.4110258968786211 0.26870543910590833
1.5857874695867487 0.3675290620076066
1.3137262793976165 0.21985073148164694
1.298100860207124 0.9852179826584619
1.1050378386563289 0.9406288209558421
1.698641035986244 1.6323668108073481
1.3062918260290146 1.1543385492120652
1.9414943515322 1.3940580343341373
2.1872194970965904 1.4982368596577642
1.0568110680791876 0.9375778391383558
1.947968482806204 1.7323392035186194
1.2483342156175379 1.2282921847817252
1.8004684793597538 1.4470433058118748
1.4199061578261174 1.9853677788456614
1.6619912636083392 1.3696724793284072
1.8933365342004262 1.5181484656646007
1.0465725603014069 0.9296968411502524
1.1643290773478732 0.9804933820669454
1.2398839311416443 1.1309950786460632
1.0685247878048385 1.085984277640417
1.2434222835656372 1.2331766884123132
1.643576220132545 1.345653377888839
2.010116864625557 1.462169122308059
1.1237105147894293 1.027790421003579
1.1332937316737925 0.9463598991240788
2.0725033855741595 0.6848093984411899
1.0072609298227175 0.96735525157896
1.0945719405066103 0.7126598282252541
1.2916509673689038 0.9899053676985391
1.7402640940606489 1.473132296338715
1.1579875069719177 0.9711881916771642
1.5414225755644284 1.1393771123099183
1.4908812729288115 1.5189550698326755
1.3916613000928537 1.1201123644777506
1.6056601795757879 1.2462433270402773
1.8787934979706526 1.3472805223561775
1.5748766143881339 1.564021694482491
1.1439308296058337 0.9569444372559347
1.2154598708951032 1.0005028858637766
1.436367983335651 1.1357208796047433
1.1069166160776214 0.8745995132570279
1.0793827438248969 1.438658206691247
1.448554081114154 0.9882331045762234
1.5216563668381924 1.030906631486359
1.7014755902330938 1.1327353590755198
1.426373280562347 0.9744187018260426
1.6704188834010545 1.0076831896999778
1.0934902500703998 1.4897125894127106
1.0477074637589745 0.6171433883104411
157.92052178291954 0.0011326044984601435
1.3827239980942339 1.724751946711766
1.0718207550845034 0.7379475848993008
1.1348992292118252 0.03001524681321396
2.2861064282987726 3.0543534178913316
1.3772850665262995 2.067517946041816
1.1290076075879256 0.8411191548045086
1.549483986223095 0.2781090538205902
1.532778319947965 2.7233437794941837
1.220497143968625 1.847746612214134
1.1931375586560922 0.9195308845412329
1.168847792397624 1.3846004222974237
1.3929294387148006 0.948127004447473
1.6107677872675066 0.93834831429801
2.1404269311426987 1.5012811230699337
1.2719614140901512 0.5644057911961151
1.213730624255268 0.09698252571750676
2.0826476102921543 1.7018296651670783
1.076273300433957 0.928748863171159
1.6432548159818243 0.2655352821273807
2.4811179484655876 2.895154018001164
1.4737601948438805 2.426764089803241
1.432311028261262 1.1960837894658025
1.230621276308361 1.7866385404480178
1.933481423025498 1.3592724973868238
1.6576197225742368 1.7570846963271236
1.0736035483477142 0.7837382181130725
1.6736607443094877 0.36114498382061877
1.755317706026621 2.003675075858095
1.1475255032350995 0.9557042248886132
1.333393316925084 2.1769327409430956
1.3927700051890877 1.2109729660639506
1.94283283649759 1.3880736908422984
1.3558656944667207 1.8616144577391973
1.092170911423111 0.8769184855614942
1.2182436179608935 1.896622651400077
1.2039337192929125 1.0056430610448497
1.5124784010897139 1.11801887719057
1.1240522855050024 1.5129015506056889
1.4109155540498395 0.969466166529366
1.4886755351295973 1.0098088297030465
1.6604609720507706 0.9955936830095486
1.7787639895750544 1.4581983150889912
1.5197313814087328 0.8803378776853299
1.1155373163037046 0.8350450265901199
1.6152040452903613 0.13580892486407958
1.4747659277257499 0.8321879785905704
1.3969798219582907 0.15265344043267565
1.956517273820356 1.392079918336451
1.358076365100999 0.7152853380846984
1.739568949102141 0.45746087687077414
1.0375715404701074 0.7270470067438566
1.2964513635351724 0.886933269157077
1.5068352727819825 0.16065511482267647
1.4709084599499913 0.9887734806482398
1.5542154714779524 0.2346203431397073
2.5495698458796907 1.835499963654552
1.3392841763437269 0.9430511514611328
1.9357676090030338 0.49830671619260913
1.1843174422251717 0.9950989923217519
1.1839414666353243 0.9885872385846439
1.6247801564988005 0.32169406334286216
1.3392127996277492 0.9980783331684154
1.8862692012232094 0.5317204870678761
1.1075324184818927 0.9722410389599571
1.1372011404267062 0.8239861124453112
1.0872698163445884 0.8517519782449474
1.1910509501447906 0.8394406615121848
1.1150199256648756 0.8170431487560671
2.0453167576459235 0.3751430644397706
1.4152598891460921 0.7740671482493915
1.6593257960499446 0.29657737061853734
1.2702629981318478 0.16779902897584698
1.344542538796766 0.8046284027055564
1.510572645442612 0.3426713257575306
1.6305601380645327 0.7473847627643361
1.407151915401947 0.21373715161760587
1.751246385194868 0.6799689877860141
1.4149126005425847 0.2238530808889163
1.434470602561387 0.7242439155122506
1.6557168378095657 0.4164361238823025
1.4959071722498478 0.7082052633123488
1.5875650246533906 0.3167910340800984
1.2879713523697864 0.8918099400540321
1.7387847758296517 0.4756469812981046
1.97346048906775 0.5618380119926212
1.0850436855795065 0.765422653065922
1.6841355559093807 0.7464225240242652
1.5597316973628736 0.3007107797111129
1.756490672919718 0.4527943869478731
1.2224629313920898 0.15066505855446008
1.6769521678605992 0.7640128506655565
1.1497798609985916 0.11261424980907586
1.3377319364101097 0.24480829996600992
1.7368189929408988 0.6318602268722207
1.2238842548738527 0.15342228352793683
1.4212285371721904 0.6630178030557781
1.303048939581335 0.21010640793246288
1.489334340512722 0.335652333852772
1.527671442119673 0.4397179725705587
1.4943121808962807 0.3298291608185737
1.580874925027827 0.3866664299979745
1.7378045063411258 0.48046285848697834
1.3825567653256965 0.5016468005597672
1.167774643157112 0.1229533162130913
1.5546390306853097 0.5253721139032823
0.9988573257896013 0.026695226136625328
1.1075043041144694 0.0944941724815097
1.497496977059531 0.48072408735185984
1.1591416423313867 0.12825893473564787
1.2340158978455684 0.16705289451286326
1.3965829200123063 0.2746820076505971
1.1902004098163357 0.4880311081885939
0.9839454069741553 0.027276893101639128
1.0078957308485113 0.021255973297562538
1.1311935649887017 0.12172284611700764
1336.9554665004057 0.002272737035972058
1.8406933844934221 1.3652400438167702
1.35664811639463 0.8509125130695222
1.105172424599827 0.8350882678760742
1.7566116683191366 0.3339683074730091
2.1713095282363124 1.756078707937788
1.2150132609426174 1.1080838662203472
1.3200997272601016 1.6770324330008388
2.0359356295818856 1.4609243268569276
1.2848465037989487 0.7735917262720429
1.6724934013959778 0.3916323201674436
1.171526644128456 1.0903259461578325
1.912046105995635 0.48233998834852765
1.5925019927047073 2.1146803793669835
1.9309399233023716 1.582652305422893
1.9677851240884152 1.8038755966735496
1.4434356333541425 1.2260723814185535
1.549735748597321 2.231406161902024
1.861838562645611 1.602397369058266
2.6145398109771465 1.9623631513574968
1.217484471354442 1.8929623391066492
2.40326483786287 1.619866469152429
1.150950355358404 0.8277973844534605
1.856307138168097 0.40945992676053167
1.4819436674602446 0.8730757816632961
1.7124310379957373 0.3085648811500391
2.1867278821497527 1.6191744273866044
1.1729722191150365 1.1550510860065308
1.938343598749302 0.43168643286742103
1.5435282148974543 1.173661417654875
1.4297490202592382 0.8696191280675936
1.4576221657935964 0.22271823988315037
1.2491707643014562 1.2772828221144419
1.944154229990866 0.4698880239359628
1.5154182212435994 1.4103264790222696
1.221030614225704 1.2082425697023897
1.4888980541513677 1.3464002732195444
1.8384155184124213 1.3112576035325807
1.2445702793883981 0.8948205358630661
1.6527957259327462 0.3539226314628576
1.64815895970548 0.8853470076673589
1.578409597708718 0.3319324781704045
1.3036021607681996 0.8363689647662408
1.8596867400419108 0.5004842218780081
1.9477802008433016 0.5195704895621733
1.5172119404231694 0.286100048645027
1.1239135422514674 1.0849847304512117
1.9862651317393643 0.5633028521285877
1.1767426425548848 1.051283438863647
1.4200900466052184 0.7440671513314799
1.49163318703257 0.29105477449009626
1.2732964325223661 0.7423970835978064
1.48647789684625 0.2633387694843544
1.7075975021746894 0.431467426454405
1.388959939231307 0.5880114031486228
1.6776418335026881 0.37046941272278033
1.8158702785571448 0.49025918329141377
1.059728296722685 0.6953137221431648
1.3709903304445534 0.23714077185352808
1.411036231801186 0.2687127641245089
1.5865000465602166 0.36815129692583054
1.3146624095604975 0.22052599582928417
1.2982029948754308 0.9851039912335786
1.1385857124007785 0.9506367576420868
1.7266663360844734 1.5978878076637866
1.39097381321466 1.1257554787797113
1.947559054715941 1.3972234698755033
2.188732862566177 1.4758114307781762
1.068420503222432 0.9318730631686893
1.9660139061388464 1.6702841737993344
1.692370264507118 1.193077772695444
1.8008062917233916 1.4478313494329949
1.449892170506558 1.9249701110696913
1.6861641246485273 1.3772177683334625
1.8938242420028883 1.518170641134975
1.0667179339901818 0.9204565744355916
1.3063775781557987 0.9565781029551546
1.2693442420033474 1.141974525794299
1.0777597023874894 1.0788070918472876
1.2836939631598807 1.2299865456442833
1.6473350619556721 1.345805781475934
2.0853841229734877 1.465389485645796
1.1434868666437155 1.020174788255795
1.1712295678628866 0.8837089098403327
2.0725533952593715 0.68506489901428
1.0121326091572393 0.9687783595395012
1.1400210094187935 0.6776543265837613
1.2993086076157037 0.9905298550675741
1.1580210631522123 0.9711753070671829
1.5593756668861947 1.1411800502116558
1.6407289545579005 1.4438686685031745
1.3995297530473572 1.122327088506619
1.7631685485165454 1.159287302671371
1.8809319429937545 1.3482812115039842
1.1479146959562407 0.9558072399470723
1.2217538557841279 1.0126004395601094
1.4470983537110205 1.1453102115879634
1.108564697449915 0.8755719529602535
1.1042046607513356 1.460847192295126
1.4487609856520145 0.988260611135371
1.5246644182151767 1.0277660095753824
1.7020526268096468 1.1332631122613042
1.4300301055724485 0.9756005180292505
1.670485753660374 1.0077491999432129
1.0955042569979432 0.837790488812644
1.5785006991729804 0.4319835111197625
2.133223040798266 1.4800546352867083
1.3124119235820035 0.7845348203195553
1.6850874892758276 0.7616613374222189
1.1312335067864594 0.1219394122258333
1.1298519422932032 0.02920126194053312
1.4297627188421445 0.975415104173827
2.12461415905271 0.8715497815845272
1.9020304400171755 0.5477502555413879
1.7634624126318776 0.40764847132221643
2.0922371129210346 0.7329195338757413
2.0377142270885424 0.4898918666791913
1.5806074380584714 0.31251239608216386
1.4148019607167404 1.062795623040183
