1.4667498076731063 4.0833134469944
0.7113121016680932 3.041338277203084
0.5728475028596995 1.9790546272393703
0.6555902964244622 1.4420690817374338
628.9025455072704 0.8957864311563448
0.8884034930438011 3.847026344607406
0.6195718367700221 2.2141711718587747
0.6364617843702005 1.530281439975644
1.0005250375206707 0.9157546979002502
1.1428618674478594 5.132604625998064
0.8561531836962216 3.813344129387044
0.7070399060611332 2.404775764415296
0.6326800949141693 1.5980799502621166
1.0145510715022077 0.9416823929052665
0.7185931121704857 3.0472965050476417
0.6557902320689943 2.2060843910769736
0.6323550683301828 1.6096843024805447
1.0191243636345935 0.9406285093131853
0.6007513008811554 2.0128610704025345
0.6632593160522849 1.5603063575108531
1.0338188196707063 0.9541700039715536
0.71056078408346 1.4859878365809964
1.0516542001738105 0.9392849802701116
26552.006459994598 1.0047487671614737
0.9111518587521223 3.6434164010362555
0.6132580671474518 2.2553858446426256
0.6395363197502334 1.5292489622137477
1.0039162503011403 0.9394152044832969
1.8146011472805128 5.144725213597185
1.201705784308808 4.117895801616636
0.7316899825337713 2.79318398777123
1.4036055888527064 2.0996600916527757
0.9021416758833193 3.8807053362299797
0.7195454618345773 2.796356795564896
1.3289314267296701 2.3587868501644444
0.7927192431315154 2.614248820276343
1.107511530022998 2.0994455301413417
1.1868789604093533 2.0165074281639983
1.1650427442768558 5.078351943766973
0.9420829588650642 3.7508537955676573
0.8129896313697917 2.348278063017521
0.6313883339394722 1.6061047047515995
1.006921644540526 0.9398223414522864
0.8842234133248731 3.866279770548987
0.7219753352932379 2.763377716741096
1.8541204280345953 2.1393138563185548
0.7937408443182241 2.7079613791561226
1.6381136439074546 2.234596195481117
1.2062301847362429 2.122172723859263
0.7321438645898677 3.048319978452738
0.6074212791749722 2.2370901964069856
0.6246973397030803 1.6019608571326502
1.0175430730362562 0.9456481843621498
0.7919195311229978 2.6519073061190723
1.1980214264784845 2.113257906483601
0.603180052065548 2.0145706726469568
0.6644763314381315 1.5526009186639111
1.0304985151056023 0.9367649912948925
1.6101243122515847 2.103028936237256
0.7275500677679257 1.500446731900091
1.0522539788567091 0.9849250208479098
25491.340656838533 0.9808109162130473
0.9176214802732199 3.8600449155042837
0.7477777950750752 2.576100138956558
1.0388544002102527 1.9253199230196851
1.2186082894015027 4.082513939506432
0.7435081856245632 2.7443071714888636
1.0205214705605026 2.0905231615074875
0.8680342130110513 3.832940564374948
0.7081695696607371 2.7682533447996125
0.9089609102813093 2.1026875447660758
0.7577546416266393 2.5859875065912457
0.9823151640673056 2.038171083531768
1.0234021325728908 1.918423626261399
1.226163947344768 4.061153334146966
0.7401641367050299 2.7756527851605726
1.2027338871749587 2.0290951795789414
1.184171042942614 4.170612920120878
1.4841760260616113 3.5070198185264996
1.994599299191689 2.948128234535695
0.9082939626599457 3.855791329748689
0.7176606967261858 2.7822696561727875
1.7321900353954187 2.162142749551318
2.225901134906583 3.312858266491206
0.7622705089532114 2.563189455551087
1.1654859194008305 2.1673105365074825
1.0271810684309206 1.9171105067442094
1.6230348528397318 3.9511329515128377
0.8784314157605042 3.7880651226994715
0.7193070753583015 2.634827643969972
1.4020560907157433 2.268014201172977
0.8748390775824303 3.7614930518421863
0.7148334225422055 2.7854707707504236
0.9212768243447157 2.0883715893902997
0.7113614454848811 2.6200211991835807
1.2112495271787025 2.1988195381649245
0.9779481855895263 1.994429446153014
0.9110652043803986 3.8406961804959576
0.706056888493367 2.770315098895518
1.41244154642097 2.1376088776568904
1.6909825717984823 3.6934793147263427
0.7041782852962478 2.622795140887148
0.9162522572244967 2.095392247524315
0.9781508871680761 2.0025700081734508
0.7263975424184411 3.030776327342042
0.8296517006687554 2.585685062499468
1.0223763507213637 2.024551523841591
0.7738538573822838 2.5310261334774102
1.0158121874663009 2.0247495381097855
1.0085169344499585 2.0012400516566604
0.7355805665689831 2.563865397146461
1.1998994015972237 2.008729845825831
1.1131824112796844 2.05905661387537
0.5872236629923356 1.9903160619100544
1.0872124285689384 1.908816579180637
1.0082743501696947 1.9008882912220715
0.6734562864682843 1.4571922061714402
197.00885469600453 0.8940046356299167
0.9042418071799694 3.842017823608541
0.6006830286127195 2.254207514797753
0.6304648700430987 1.5254878993662544
1.0027669542804507 0.9211626232656018
1.8169202405574305 5.166167915884964
1.2499983849520748 3.9897616701539507
0.7033464714081002 2.715070869950416
0.6332531798014476 1.639161746683288
1.0059508810664153 0.9247162723412642
0.8767911068944765 3.8403641325779283
0.6926648581824448 2.7164591313876083
0.6016445878607447 1.6970851652755623
1.0151355662590116 0.9700958389703404
0.6160028289809715 2.2782398722421036
0.6479122241468435 1.660901059500817
1.0268054415366321 0.945900317425053
0.699982467646436 1.5839707292376022
1.0564970496671053 0.9907833024176205
1.1266878836501137 1.0399376892882808
1.8427879543774501 4.973003755845889
1.3172797492847206 3.8266296867248633
0.7582369441293951 2.768061833879552
0.6246278691917068 1.643054903803198
0.9994289968166368 0.937116791740011
1.0477439961833348 4.756560300236135
0.7317751373680005 3.047847107468269
1.5582456987897801 2.373638924689753
0.737562974890776 2.814824871422364
1.2496197668590134 2.2346998893228642
0.9459469163438105 3.8055899902327033
0.7029612867573884 2.7332320168410194
0.6640778140961953 1.6938209548446368
1.0090843856510319 0.9404550056251219
0.8283867790719466 2.867146707911095
1.261689122062136 2.1178226490790486
1.2190645602616375 2.3127510692650635
0.603488732542274 2.2648016166756832
0.6243109445296315 1.636587414819043
1.0245057048616095 0.951919951601455
1.5118746080781436 2.3644680638552282
0.6811075998630176 1.5638374135051443
1.0476527754845766 0.9977325239277823
1.1204583045723444 1.0418349749014035
1.2067224492943338 4.084338473045767
0.7026153832123113 2.7658165503751633
1.0534765501582926 2.0715541407327844
1.2262323816555087 4.101044608624848
0.7706265066237146 3.0274116958339077
0.7441947711083767 2.762906510037871
0.9546782552267181 2.0384748196119737
1.2339509738087606 4.035156435925578
0.7264055195667766 3.0422303851453507
1.06744886040366 3.6164444814527528
0.71942322175029 2.7850259106073256
1.5857070086520755 2.456452260477711
0.9296009524694095 2.022208880448953
0.9750182977811146 3.5090446821517527
0.7314151902014608 2.780735874490144
1.3230813577740648 2.3401596654725534
0.7244653794320217 2.769700838105277
1.469376992743939 2.369037875321281
0.7107070590982385 2.7797676657333366
1.2276070981152063 2.2957729271014413
1.1529279705377005 2.1183772430399275
0.6292877091241899 2.25434774463095
1.6072084401018119 2.144258100179111
0.6407842430608657 1.5301563914642202
1.0063416292865175 0.9394403630503751
1.4731008228977498 4.065067919697386
0.8648936012795279 3.7855394580405224
0.6594390983741255 2.424928379170117
0.6264846558288836 1.599272339336952
1.0099027117706 0.9643562746297536
0.8902681871294668 3.7804474895078832
0.7062307125889243 2.7347573470016675
0.6164646054664819 1.6992323527097923
1.0113749658804925 0.957285834700669
0.6419543613100749 2.441025687439544
0.6051679470042153 1.6942991985926075
1.0080978930794817 0.936350160713477
0.6745863096270877 1.6550881300171718
1.0331733833666457 0.9527780402720079
1.1149702318672152 1.0096456725428762
0.8728269139926302 3.782531814372629
0.706854777568046 2.7209074480389095
0.5928396722040926 1.6925857111486202
1.0081652520890056 0.9316474075281713
1.106603066531934 2.8695247517341
1.3012420284961763 2.3030074480904625
0.6310248294823302 2.4242799671084767
0.6056304789431975 1.7013133629099877
1.019210332846646 0.9460754794136972
1.3622369323480696 2.25554936243478
0.6613942453836406 1.6422769507177302
1.0378161466789997 0.9679201565498756
1.1178865373681135 1.0298087548912203
0.8802891099348753 3.795732318049235
0.7226065936212083 2.803363255075143
0.7214814121867085 2.74791086104334
1.4277040320010235 2.4148775112808405
1.6013525950166005 2.303228282075456
0.7118102052702228 2.755628473265229
1.450713570222624 2.5131691442699107
1.4497928191255842 2.289037218934313
0.710017781181687 2.303434721379169
1.031978707312308 2.186612232010683
0.6172183616631681 1.5938997419624106
1.005597744953694 0.9237430784119726
0.713414850993758 3.0461030670092146
0.5983933326530606 2.2460223805002815
0.6607024908924675 1.6293237083928507
1.0055090882340576 0.931603965080839
0.6105675925133114 2.262195136836194
0.621838915117198 1.6423957237803364
1.0156646477656188 0.9641440942871325
0.6716516236174717 1.6519448761341167
1.0273202922153863 0.9528017194157351
1.1093732890433183 1.0114377886417119
0.615403577712429 2.2594815098465864
0.606189688501977 1.636993230856297
1.0140968607860459 0.9202463484123939
0.6601584296816896 1.6322881298865044
1.0313222091601515 0.953799050184245
1.1152056458420105 1.0135133835375465
0.7217888438780435 2.116361947624652
1.5283690257033569 2.362308913177202
1.2680691301376825 2.135763517986539
0.6158227298245023 1.5916174002353094
1.0121891962508773 0.9417207836493291
0.5873445617664105 1.9915929317378116
0.6666350551180339 1.5547479135713798
1.0082339512814482 0.9228507700181414
0.6906162951522873 1.575279422861235
1.0048602605786663 0.9374064586670066
1.0970859141522116 1.0196648488980873
0.6727547276754753 1.565706830726908
1.0258271415778109 0.9632079305936143
1.1098705871859365 1.0340251948832297
0.6430678988010595 1.536338548350388
1.012539557368216 0.9493553660426058
0.6785830426194671 1.4497279720032261
1.002464160100191 0.9023240911219512
1.07767466169508 0.9831278168600164
1.1002284593892 1.0246471547588039
1.0153893442534392 0.9398023918088197
762.7584998250013 0.8964224946456563
1.137983058192471 1.0386151631469716
1.3384054394227811 2.3299285654331605
1.1445537908521843 5.125387710027872
1.8163717178482672 5.161777428645825
0.6339613978833972 1.5290059086697956
0.9064943785282877 3.8748601751709244
0.748646898551032 2.807814579110927
0.873107274176399 3.7988741897467797
0.6460994498109999 2.187195997631086
1.4902733895209912 3.836981390597492
1.0049322660304978 0.9366671326609148
1.312354957635681 4.0242231939118875
1.0399561403732582 1.9041218861068026
1.8320397486097284 5.072130940330217
0.6658985650522874 2.31459833976342
1.0995113393221285 0.9953314680003316
1.0060464490687187 0.9228484412885274
1.0201543421629276 2.2879304339306383
0.8571403713744065 3.803055183796466
0.6141141983896515 2.259109265681851
0.6173254091567384 1.9968380891037087
0.725558131563248 2.665694765781713
16512.269803064533 0.9637178750745449
1.931355484975488 2.051601647624385
25532.122311242183 0.9810321535762827
0.6496232488636877 1.5385470505102354
1.1879692837128706 1.9350140488963
1.2858764745978464 3.6036010697203
0.7332790332458224 1.5039286994465928
1.0414178639841731 0.940730778779384
1.0373402607679016 0.9510777666419271
0.7301269629114859 2.198403390953015
0.6610488543891634 1.6245709908035268
0.6634596436623315 1.5806829531151039
1.0089464695729742 2.0017292992988436
1.1203327275227994 1.9420896446793474
0.803031328839257 2.2993309792769976
1.5254968750103108 2.168042466715403
0.6177713249268679 2.284325770975136
1.33329792827359 2.641370343291256
0.7829060993590893 2.8364519980640353
1.4458071124454022 1.152046566343529
0.7371544909544324 2.556657429173953
1.1997679397574617 3.664916116611054
1.6162479593862207 2.1352703254720216
36338.04024476123 1.0189313095626853
1168.293645744373 0.8981552772642851
0.9122113127626387 3.6430938513837265
0.954363842652841 1.6846865192819502
0.7739688903649153 2.419495918003167
1.1790440548564431 1.033908086932415
0.6924338359137486 2.4983806643100666
0.877540022697017 1.4261867978349585
0.6169881609428703 2.0213268049749584
1.0790198030134153 2.099930978958681
1.4231328591600612 1.2426790744966074
0.6706786359099145 2.2059630876112846
1.0187389180387967 1.7432102852321405
0.7924709549719262 2.6865851999989263
1.0213022730923988 0.9685003095130834
1.293922801232061 1.936661715157272
1.3103236195241004 0.9435425224051837
0.6962433300094417 1.6413975977339295
0.896585411912926 3.77853301881082
0.9179962027320303 3.860347348878408
1.0294298851902808 0.9749866494300174
1.4888583472460624 2.2916064991890788
1.5720681918540815 2.0113992002889156
0.7629520432107357 2.5629595760763833
1.3149792769769117 2.7200821365596317
1.7463962376154436 2.189692834585437
1.123150776054923 0.985750508701662
0.9080551446293197 3.847617998329114
1.0112771224435915 1.4052076769670188
0.7285353463182567 3.0609049774961052
1.5345499955204913 2.3683146180369663
0.6672446836219298 1.5572457502647867
0.5919353918641268 2.0097797658370418
1.0786777065091184 0.9842024176315529
1.5222245917410797 2.527252521041313
0.7063152489054755 2.7162275576879242
0.936070736157832 2.241481449917478
1.033681062740547 0.9538360064255205
1.19061008185749 2.6854794401445163
0.7874346019898912 1.5403626988748684
0.9216885499117032 3.831646271142613
1.1251715904538675 1.1287344496327416
0.7626646214777362 1.6683240577800822
1.1138038119224207 0.9686633191186665
0.6772968646730287 1.5707949264621446
0.8308539860857994 1.7034657836561933
0.6286009093732471 1.605039742317292
0.849509389548294 2.6013286053941598
1.0178111860415289 3.7458605093797908
1.2805743073538651 2.6711302047512273
1.1595102672087416 1.183432415082486
1.2372453289140446 4.078061771457656
1.0084332590360172 2.863585658160532
1.0436619870318025 1.7160690994711751
0.8298686849381923 2.5897076264959855
0.6085475887458397 1.7038298091456276
1.028212512855656 0.9480598314681212
1.0144716031414396 0.9421788986942934
0.7115289317960762 3.041407587692957
1.2192058965608057 2.7093369876514553
1.2384748050569463 2.8826177681052814
1.0305078063040147 0.9387561070597676
1.7274679383239215 3.7620553819685316
1.9790406814456674 2.1668083556631754
1.364793040675455 2.2694842401912627
1.06654257744557 1.0689761575820858
1.677256641514041 2.2929892528780953
1.1427558778592748 1.7308791670045065
1.469996874895629 2.9461877554595217
1.2065115256103534 2.122782862452848
1.2904327652040737 3.3117261980264407
0.7070795846937463 2.759430145752302
0.717421580116861 2.719599907798839
1.3032234312535351 2.3063127440127436
0.9453039165887518 3.0236946472323836
1.2609288215265948 3.979391198320545
0.9766289308295899 2.8048322241314088
0.8099677807148575 2.859447270171669
1.0013065467065687 0.9178207506089601
0.9203253434273138 3.8553761365331796
0.801892414874596 2.7572362954994576
1.1369579566564836 2.1140232389946227
1.3956941952202306 2.3563625323845985
0.8492790491697921 2.914503436080766
1.187149928069671 2.419417812339271
1.2864060249378246 2.8255444490162596
45630.18450528845 1.0685208505787813
1.120636234751979 1.0453645015001483
0.6672195479990379 1.5491803742602908
1.4138895701366514 2.11752137605919
1.2423696312783878 2.86554302480104
1.0352881126965554 0.9424467054442485
0.9684079567224899 3.776138978922054
1.0581973382250962 1.0237830137015203
1.1181617185606565 1.0292063241364744
1.2904808280613187 2.103335535851048
0.9789238466913901 2.6408476005137502
1.1811403520889132 1.6989726248060055
1.0651500636866433 2.0896819381993827
0.7504046386376175 1.755455473877082
0.9200910576612215 2.100348208799812
0.8133858420511944 2.408385272716192
1.0432307569419716 0.9728528042373479
0.9340373060185034 1.8689193283506562
1.0237197131473965 2.023795336484639
1.0522706013146532 0.9390754108866719
0.7713314035511889 3.0215506411428157
1.2468114981851361 3.979666376165792
0.7409940082887496 1.5146268507750114
1.1031872369747586 0.9549939707756347
1.1544445838938715 1.0129253445756297
0.7549228432966548 2.742036079086045
0.6363985131547913 2.2086627103414416
0.8173748536478103 1.7985907519232318
1.4592007827489901 2.4170257500599943
0.6580579050203537 2.208437795617704
0.8203257153627942 1.7583879425982716
1.0138630232167996 3.7658456240573175
0.8084854337072469 2.7146329821276587
1.545142071243157 2.6163435888221116
1.0358597252951496 3.737865121082516
0.7327120340214052 3.0432255461700084
0.6723538955727094 1.657938356739512
1.0132874532796325 0.9269670969703322
1.3893570681115601 3.877624256205472
1.184861168633962 2.1625744094455026
0.7203809336548171 3.0491613670762403
1.4824314602929696 4.036151282358416
1.071189110306769 3.640693928975065
1.8574709679704826 2.114347229606722
1.0595034578866762 2.0720972300374383
1.0203692851985076 0.9383229952298617
1.447511937002918 1.1923068582377916
0.7484450395491461 1.7975891051956832
0.6841136823704846 1.5705439015559792
0.6997538978832015 1.5852803354375102
0.681319160649678 1.5688433165870022
1.3100267529731782 2.400623991160182
1.1494102531782597 2.2036519110150223
1.2025957799321856 1.1765420429268452
1.6327173631697751 3.9412662828626894
1.1678088272972285 2.755583157907033
1.8428857029541608 4.9701621052121
0.9166825772645896 2.5259373666288085
1.0687141599513246 1.0516005932538681
1.0169878732208595 2.840655680090264
1.5913741189523745 2.1036161745517283
1.2864963195823824 1.0822078781118705
1.0325089880909608 0.955323436947249
0.7434910648168431 2.74805026067422
1.3089798921836875 2.0722007150674804
0.9563340562075365 3.867366080873496
0.675879538381546 1.741270838107871
