2.513009352700495 2.6650694359424087
1.5134361138377548 1.8119937305675655
1.4759493767983407 1.4780004290103699
153544.03323173706 0.9206888616346982
2.721696851952383 2.852498570245944
1.6173504440986834 1.9237467459704205
1.4687577391146283 1.5123817414454863
1.6789543841454273 1.1204858416028018
4.1885379416930455 3.8970313909322334
2.8098140973298666 2.94646854312989
1.7136747107599954 2.0006216758910633
1.4799820859957658 1.56276569398116
1.6949989038697448 1.1188371988777461
2.2215068638279805 2.4785618720597826
1.6749321331728693 1.9931732772699369
1.5185900695511823 1.6271361310346344
1.728458607896229 1.1638128755953545
1.611004887552764 1.8686405667041803
1.541326320323979 1.5806914597070398
1.75674728732497 1.1809632721339676
1.623167695955945 1.5179641396130725
1.7837690237498673 1.1754141515383498
180274.74760342206 1.0397248416237503
2.630436544172345 2.8401865971995672
1.6106526600482276 1.9482178538523276
1.477130177062921 1.4825739691195212
1.6795553970674162 1.141618509131606
4.0030828152482965 3.688690653103768
2.407890839159033 2.601955956118515
2.8594646784500455 3.020543602919784
2.4435019185373488 2.6581903160092852
2.5530339904387525 2.197345394123285
2.50182659370183 2.6034852536040916
2.597720180386008 2.1644722075887524
2.919195271234904 2.2409442024668906
4.13690993588268 3.8858264131226354
2.7415947880791753 2.8794067506591325
1.6856343520218091 1.9773348960894939
1.4692512789852985 1.57415364857106
1.688959022944955 1.1724988891135786
2.783526412067435 2.9005653423319426
2.3906822456486987 2.6244240291291274
2.619364664772699 2.2470756887744368
2.492311240133385 2.643480444694166
2.599139878025885 2.3203993986735827
2.713426945683674 2.216762603801526
2.152005734027902 2.4773443712308234
1.6297522070293318 1.9643910097215194
1.4974336657151652 1.589014019602227
1.695225517474714 1.126308527131156
2.454499656136333 2.5028785921243504
2.58033786030178 2.2215658218350347
2.7102862482860286 2.248863343912831
1.5769169987183025 1.851686283036221
1.5042990253006159 1.5473667461967802
1.7146580158732088 1.1353056898961242
1.565110493255068 1.496249362118194
1.7409992268572232 1.1367457745843408
174427.72639824162 1.016637904447243
2.7094454712235914 2.8732177906336545
2.402877289800467 2.506654142385459
2.6554305593661005 2.1462317547354868
3.8969472575263344 3.669055305980209
2.3883050350449384 2.581391290287316
2.5202385624029686 2.1577002385049404
3.7257844852269018 3.566111943123317
2.411446801398376 2.6318383605059603
2.4908017570466567 2.159930332297333
2.3950228658870594 2.5127817771848697
2.5588149200252124 2.1454599610689233
2.70390121436922 2.064770235470358
3.258864058237729 3.210969401101792
2.3674014034707813 2.6342461140208333
2.5061679513483304 2.144143964488043
3.9251085733223863 3.699526541283312
3.6151485886504293 3.460129957327835
3.7154453089083073 3.258353075928556
2.771332629836767 2.963927027525309
2.383358536042147 2.635226492483599
2.477678545681339 2.167529171997789
3.7322548291774718 3.21188614364502
2.3576522044775676 2.4593621981578884
2.5160524345395854 2.117565039862325
2.6408587362379805 2.1461189996309673
2.723932810243073 2.8929840178614348
2.4203312134337915 2.5795138798778527
2.5751709188164 2.119720992859348
3.5456261988149236 3.4639853343938958
2.37985343836791 2.6234970984659864
2.4784030030385242 2.1514397862066548
2.367682367114225 2.5474562966385585
2.5147474368192917 2.2125016556913195
2.5782168600653557 2.128520647010326
2.717218558624459 2.852194854706031
2.3680020948356115 2.615595755798449
2.4635902632788715 2.1536048128388146
2.347485206356254 2.5164482172890024
2.4756501289876693 2.1743845117439498
2.5555340374354376 2.134094948251444
2.510000642752881 2.819274773141504
2.321617408105112 2.462684109547354
2.551054538813197 2.099810141616949
2.5050168343789654 2.5097639798786533
2.7796362931003373 2.285207432771736
2.5529073032259113 2.141580515179834
2.3465315833316014 2.5064599344513585
2.512203377260209 2.099319216332911
2.5586492643881593 2.1061283009897305
1.5325378536561391 1.8383122867546902
2.5926503081564642 2.0784299684577423
2.616588505188704 2.13626280722721
1.4938507158125838 1.4727322532597502
155741.85970040684 0.9328681968597189
2.7136154890202477 2.884244555218545
1.620113609907266 1.950195227135624
1.4712105705811873 1.5669757053078186
1.6816379374253017 1.1257540193277518
5.894733335214078 4.7652719141911
3.797933045260736 3.587035145141243
1.8134499544277216 2.0175365751912757
1.4660723987901703 1.6285665931695417
1.6796157653327963 1.1194806052076383
2.751602514661699 2.9105748797897437
1.8590568117291815 2.066697382774454
1.5174178785575594 1.6431437454583595
1.6929124178996942 1.1223992232457178
1.7035515998691633 1.9546512836619785
1.518306549642492 1.6344047929444692
1.7343381990434674 1.17240894165069
1.5879532368417326 1.595245593761161
1.7720038600191201 1.1759672735238051
1.840146439659574 1.2068648460042595
1.8093249355077057 2.047391435320592
1.4569937899042666 1.6251529166400138
1.6748676167067291 1.1375427138213157
3.461527531921753 3.4304986360609995
2.4759795290420468 2.7360551622158367
2.544520436026617 2.635825264171168
2.8572679186513357 2.2156093305071956
2.831533573181604 2.2989019785936975
2.6081046579234908 2.777657725634921
1.8442220833098415 2.0277281002019074
1.4692635421685414 1.6494957949501976
1.6883512728261088 1.1355165870744741
2.531622268298955 2.6798839369706715
2.712476096229633 2.504875758821139
2.7871709389540253 2.3866359679362024
1.6462701218922233 2.0019503808296473
1.4879387796404364 1.6220086927142257
1.70892196129702 1.155202178075082
1.551225220422955 1.564554871555716
1.7305875256630587 1.172720023556872
1.7959409418511276 1.1874191535410152
3.8543236430010652 3.5868257286207834
2.349483595527605 2.6138994747813777
2.6063035921847235 2.16811108455382
3.8106084117303465 3.630546493468949
2.465662123324304 2.7003811640492827
2.389883486283863 2.6049332248732053
2.9636960854842505 2.388046154498533
2.5360017021045316 2.139552106011002
3.269061601959914 3.241714262293038
2.4500720842398125 2.733613887690144
3.6751476350894023 3.4956542789609104
2.37303405975683 2.597174033567095
2.743454767672387 2.3637115921878866
2.4989107337672674 2.1162373129301675
2.7436013265886814 2.909951732346927
2.513381683148854 2.686788491606972
2.682435394782869 2.3512841604728343
2.3756113806599886 2.5927593201906687
2.8569391338144507 2.3551047341004407
2.638542250431453 2.3329401827001783
2.393613009708202 2.6125471584979048
2.5146350428327544 2.1546977474811357
1.6310537145045254 1.9943777973516978
2.621490344600833 2.093092701217347
1.482925754683606 1.5474059320272926
1.694347428350731 1.1298595069823654
3.91877324661648 3.7722238008674793
2.6700531574212274 2.847854299496336
1.678623757162815 1.9940506932987727
1.470538607948641 1.6109944112702022
1.6887672785327514 1.179863763675596
2.8756004108736124 2.9656001669956815
1.8163123878367244 2.0679683870524372
1.4688826660866279 1.6787877731390186
1.703339052627316 1.1350133801833768
1.7315800295133341 2.0546461069174393
1.5004084517253826 1.6309699358688627
1.7278643463240375 1.1477704626074772
1.5636481291987567 1.6234757798196042
1.7448234632082489 1.166573794437876
1.828508058801788 1.2238232321706877
2.672998800832937 2.82993029710736
1.8053842006959138 2.0772996542610374
1.4775504245007078 1.6512660028117945
1.676123071297733 1.1380809283134667
2.5087319880659518 2.73290084935483
2.9480776006227063 2.551532130643272
1.7047194827051344 2.000826957841249
1.4867424070638962 1.681947749615516
1.722234691344757 1.151133914989368
2.9868295146472628 2.526600324690618
1.524075523870795 1.6215502037805638
1.7195532781715057 1.1682847301074308
1.7902031201626556 1.1978730893633105
2.7850958240827848 3.0448167431056543
2.3936168975360217 2.643174582910503
2.8263066458488066 2.1093562579073395
2.4001045551886087 2.67892718842149
2.9083366696349633 2.2545270078901645
2.4920403489798657 2.241392028938643
2.3337765248073046 2.6050421985472423
3.106147170472367 2.1678193448458543
2.52498534874419 2.150685411068831
1.6852622053152242 2.002782225878506
2.4686516301217076 2.09460250736881
2.6209293234953703 2.26705007346978
1.4780656345983183 1.5681466480497188
1.7087969313260833 1.163730204888967
2.1371207519611755 2.487601971266299
1.6038874686089126 1.9699445177404586
1.4744828385500162 1.6009197641712012
1.6847119414977212 1.1619877398722824
1.6288572273804132 1.9408319303799917
1.461572599526722 1.59540751462118
1.6962512229919144 1.1462058024869195
1.5378736865695088 1.6269671047126715
1.7129424791644792 1.132182260329
1.7911865071495279 1.1764253665061357
1.6356291912780674 1.965224948967444
1.472419639480281 1.6547948026493824
1.6812874284667993 1.1454445869398058
1.5188302689601727 1.579171542316598
1.711173269850255 1.1651329021133328
1.778325841296541 1.1743585492899538
1.6063258952145554 1.9233409542076099
2.8662384797418614 2.3573731562820806
2.689263385628277 2.164411254829534
1.4826045005384372 1.5571783868830293
1.694017418866698 1.1651721253238805
1.5078305944975683 1.8362981758347052
1.4657549175870268 1.5297364332416807
1.6887743120160499 1.1501620160758166
1.5063508931055065 1.5735428573275738
1.6764878361215296 1.1445607429135392
1.7603657535458976 1.1730034314277058
1.5189990393383193 1.560965493634593
1.7026530757168303 1.1435042114916745
1.7679800050570127 1.1917758055806804
1.4612236494634399 1.532598814313608
1.6751822653072268 1.1296764851604562
1.4798528283813424 1.5014588904315225
1.6720599140331491 1.1043884053686797
1.7317670657290356 1.1847599805391016
1.7544317572197106 1.1793077490987904
1.6788710014265429 1.1713624268617697
154883.51720056293 0.9546621435639505
3.7989374320341445 3.5826939585826185
1.7886151366636103 1.1927665109756642
2.5629733086374045 2.707259383997179
1.8319601904825247 1.244262122251325
2.757690070629936 2.9323710310076185
1.4707974143383227 1.6115835844330781
2.4647204721747276 2.164126771192419
3.2978173987887915 3.2078792491781565
1.680242422824124 2.0574584895189867
2.398993067384498 2.6398658238260513
1.6933997675152606 1.145437233988225
1.7146486682316657 1.1409204642760347
2.7154876779983526 2.296067740914731
1.5041963077032072 1.7356957675315887
1.7310930704418808 1.171404560405835
2.4003368922633985 2.6786924973871096
1.5707663190329357 1.6841346995391393
2.6876467578522134 2.202414427591323
1.623326197589412 1.5179443007918534
4.142826951964278 3.7944004931341127
2.468027033499232 2.7185790752631864
1.8167278288970983 1.2448386700721294
2.550013468720787 2.631463448779951
2.8298227485586445 2.1090484580279893
1.7275932539729728 2.0459144941624996
2.4771197093934694 2.6165025900098624
2.8963273911076626 2.3859202478499992
1.7937193148868755 1.1923515769850854
1.7129777638290713 1.1553863836926563
2.8007561244107393 2.1120784396502197
1.7398310355296374 2.037248434139872
2.6802247714044305 2.8841783149959994
3.012330515144855 2.2621679504772283
3.46551538275071 3.377198986451785
1.4714964506691235 1.5680690203774437
1.63015708244136 1.324698727763686
2.7874886414102957 2.903916273144558
3.6162517907386382 3.4624054622145364
1.696760531561364 1.1497152511999735
2.62231249449195 2.340790782144783
2.5455992420988567 2.4874289853535743
2.4110691316963417 2.638764907544726
1.7040886975091385 1.1462301161759643
2.7498629983734175 2.915894858395367
1.5959586229261808 1.5246114576860332
3.278697151616007 3.1596878241797333
3.048998388803479 2.208335190198446
1.554749301024907 1.8830642854018897
1.5938585368020906 1.595845971427544
2.388378415824616 2.582247871662981
1.7411874507655156 1.1363346525576599
196110.07999320768 1.1811043630263531
191683.53763112385 1.1494254320924018
1.5455925236245358 1.5685352020117984
2.4760030392932153 2.7360923311471
1.8467148892916776 1.291498283390943
2.8716781774537177 2.147194178255549
1.5049404576118999 1.6466284275372058
1.8779513314615248 2.002221920286393
1.6890138926287075 1.1363472538837756
3.0032086251757253 2.5139505021140596
1.6968117350326266 1.1261714020630347
1.8171224200956555 2.0704270780469383
2.3971900187215063 2.59624421929455
1.4594128825917516 1.6175709779978957
1.6901824068741877 1.1048833998920955
2.7752427775591793 2.9112689421468794
2.4683773329885335 2.771176302499929
2.719105919674564 2.867162151400995
2.8141778043093537 2.4271233541825645
1.5146360043908391 1.5516411076163694
3.8404299167143403 3.5182410980474685
2.7542984841747624 3.0687193147385385
1.6158077668876905 1.9446559346127814
2.3792654781034743 2.565131257790233
2.7198571875025244 2.8441348448787718
2.428137656373959 2.5118947316644533
2.6855064934932953 2.233444355678029
1.696072482227176 1.167653668442638
1.7434650285463107 1.2387539569322041
2.5295568235663137 2.1611955675617205
1.6166169959898853 1.621413069296228
1.5550320829559507 1.4798598717996996
2.623241859677978 2.131255795053699
2.5086730856276276 2.6110561532812664
1.6870961089761927 1.1629683533767263
1.7452369020693659 1.169426193093632
2.863824602958638 2.976998853764809
2.51214590858506 2.7372638354970147
2.67736286819724 1.904191148480402
1.6010846699808472 1.4795816917824116
1.8188235619629614 1.123099353816082
4.12393310910176 3.7972764670777677
1.6188222873565457 1.8156590152722447
1.4695528403947846 1.6306538508076414
2.5157558578898556 2.465460438109323
1.6762007250622137 1.1357097831916194
3.3798137642149912 3.2858844060245325
1.7970255178384025 1.2265641833443766
1.6831589223312955 1.1119213064506042
2.488508250784092 2.627511665664777
1.479067533564462 1.553475290835232
1.7088068944530352 1.1636520205877339
2.894224416676768 2.3561971678188414
2.877330123578118 2.289900766402585
3.0039325201254683 2.385521234249963
3.775929403784911 3.681140548961544
1.8172672042831892 1.2237875923850297
2.6554949624090107 2.1463038940507975
3.7187714712840534 3.257330046606568
3.699924275787852 3.518679251345026
2.43399566355951 2.6443725529038486
1.7241478313201322 1.17370958271056
2.6668042019677545 2.118893627082543
1.8285833025129448 1.2239714278330096
1.6723070490256644 1.1082809343355535
2.8295605037820986 2.8319730810996946
1.578900997746206 1.8509002656097182
2.7819394869641445 2.131782685850408
1.8094300388105007 2.0463160160932024
1.5166105467250683 1.673761264659828
1.7920264261586065 1.1855149095250417
2.4939747239622556 2.149252140196828
2.811449718233018 2.4173239580875996
2.7305273611957777 2.835428164824158
1.775251000073415 1.1906162557651028
1.9292801979135485 1.460959025986743
2.423350007315463 2.5787898550626798
1.4676973760086538 1.5404651100386213
1.4711822738358857 1.6872494329428924
2.818936513383097 2.116106463141871
2.7762752594508076 2.04888251512535
1.7541266288851345 1.1083602216279018
1.5657943798725307 1.4971878475307112
2.5997721223410535 2.1768322910122393
2.3958470516729404 2.5040543874801027
2.6923529153058334 2.8393927217193413
1.7410803205507372 1.975836625585813
2.397320291312263 2.6739862805815875
1.6770728420036005 1.1226360273645877
173309.9214154433 1.0359287280773035
2.2485446399235167 2.5286872214718104
2.349034762550464 2.5469182768842886
2.563103051950655 2.1025342913355924
2.6118655385573555 2.7781889730282145
1.6784810427288095 1.1574983696398022
1.478003162129632 1.6512024510093968
3.9276052800664765 3.697904401067369
1.7202520930487162 1.1724713561543443
2.5601494082898366 2.1046704565018226
1.7600731579609437 2.058368241251773
2.972677497163905 2.0934357836340114
2.192745431773233 2.5464926644885386
2.5949204589720725 2.220466091075991
2.826271953916403 2.9595251221161507
1.5805656776889228 1.6285437856085232
2.3679384295356662 2.534809942582676
1.9738210126832665 1.171626922902063
1.4853851740653639 1.6277447633210331
2.672928367880017 2.9018748629746285
2.83214030638705 2.280316491909992
1.6705758858244115 1.5279445352948795
1.6397075148995408 1.5498942370859434
1.6067168671154919 1.9252874366840251
2.531499125189537 2.1581055636065143
2.733626964892724 2.906771282499114
1.6567617691410137 1.9774295174155203
4.30791183761777 3.9819017098677207
2.32198827698492 2.4643638724345154
1.9227205082560106 1.974760944285137
1.4782254741282879 1.5397107417522515
180682.87112446374 1.0424849045713724
1.6139084783822837 1.8790966794238395
1.580498281091831 1.5231446369745414
1.524575460031908 1.6256587268917806
1.750689879128882 1.14140214153518
1.6625113239947797 1.9527131836805713
2.4653817382822245 2.3615061033906732
3.213302777535391 2.1118842219918337
3.8891125694851336 3.63720559194354
1.7415818549540993 1.164380907411997
1.7286432991265839 1.1649982581739624
1.697648027714009 1.1586542340676962
1.7816766404262114 1.1871486376773217
2.494596046909569 2.1588240312639946
3.827561100196641 3.55060997766805
2.639838187523698 2.4258068926115923
1.6103604109705272 1.6190942985316645
1.508347117209697 1.5832061088297522
1.827113288661841 2.084923973911363
1.6434903548632032 1.8550466264004686
2.6215008814865928 2.1372452881652366
1.5550349508039107 1.5522066246992907
1.7341047896185624 2.0272915167784933
1.6751845778256924 1.140582172950202
1.6424171554562537 1.990473044599629
2.825265095398903 2.299304634485381
1.5982245659433851 1.4522249852058944
1.8481816710071985 1.2301566956574934
1.5278766970070206 1.5220947806153884
2.4071040426225974 2.5851424812253887
2.390038035438157 2.6321556231397087
1.4906287931823714 1.630308778103443
