121041.55976033573 1.1508842945454854
0.3773238576292275 0.6130445908852599
0.17405728609888244 0.34491167056389754
0.16098279191668885 0.2648429211647615
0.19803135888476395 0.22654328553775813
0.16652674172505236 0.14944721994736898
3334.9923688768417 0.08005057107830049
0.6243417197365317 0.7916748864956309
0.44184564165022017 0.6395083658611063
0.6619214935742097 0.7133230433153427
0.5916420273910299 0.5530488620949618
0.19518593488712768 0.16540887336987103
0.26337997130897756 0.1089166095938657
0.7391201247712081 0.7706487537002842
0.8761793970815817 0.9163775340526663
0.9353548126530686 0.8088217601736716
1.0628584097131124 0.9435209915939566
1.5895786626189774 1.0951087141857359
2.0025313815238643 1.0132288689252924
0.6553199344602836 0.773952197803472
0.44269072418099864 0.5826604924082414
0.22803162189837273 0.29130198477524527
0.24120575072051248 0.20264275641959878
0.9736440112938815 1.0527984543894233
1.4503380024535244 1.35451874434917
3.1177120420999143 1.8105896194232363
0.840516785479968 0.9203863663657256
1.0224213235134447 0.9897451011239451
1.37272345267812 0.969870773989415
1.1953183264989762 1.043468814681246
1.7429917118028502 1.2141694399821494
1.1725669396935687 1.0720627836290983
1.6683274693485406 1.0628497719576189
1.7234172391354068 1.0563012043114053
0.4185386170993058 0.5969856753762988
0.2780935614227084 0.4137059781434198
0.4304750838148006 0.48593362057991346
1.8428116977090059 1.2003182864085973
0.29633265488032917 0.4869567623754033
0.3610711711067618 0.47833106746381315
0.19483798228304045 0.25530189713871004
0.5579956092125573 0.5405563628818155
0.9546371277116444 0.774744465756139
0.2446395561431161 0.16374364172714867
0.324547070569308 0.11819579308377048
0.8637354560627231 0.6808517772266119
0.42799940719530205 0.5508040347858936
0.22747900553685346 0.24251152999818953
0.20536231881122302 0.15737075663705702
0.28073544026257824 0.10320895805359692
0.8512984076133112 0.9131120128314862
0.6454748001288468 0.6452570640383225
1.2177801627344642 0.8884837903296107
0.17797844123818946 0.3499624259467742
0.19444007389480106 0.3006641430987401
0.34334904469611016 0.33288093607872116
1.1141299604949635 0.5103642643046506
0.2533251102248286 0.3164044385599045
0.24182556727749974 0.3021331288890891
0.25432498151895333 0.17103247210039502
0.2858392382206937 0.3279171766540132
1.2962235080035935 0.5827223792625265
0.9155029055764381 0.46620839019189775
0.29575484149369474 0.4418303936178319
0.838283759161925 0.5212086708978916
0.21577578107904466 0.16593737084605847
0.45036143573039605 0.4686242111897189
0.646592317750827 0.40654546660386603
1.2491792520923706 0.6476529679232121
0.14248339767980459 0.26029770414683656
0.19067609054584614 0.21533491157716503
0.2536635097661804 0.17336935957326552
0.2130924118796379 0.22596086689995584
0.2551380816890335 0.2022188127197086
0.308720068949903 0.10939998385756743
0.29403830735134884 0.23096484305272566
0.4783918676117026 0.3701484796258875
0.3803580684018073 0.17589061421387403
0.24998137637528114 0.10341486971089825
0.7808549050981464 0.3216824111466096
0.6268738622184599 0.3779573575787261
0.17868445154729745 0.1910017751429475
0.2048035994193023 0.16316872744073152
0.9789253834679903 0.21457070567074377
0.23261743846036248 0.1430639730348242
0.23533943382751832 0.10669996901834904
0.7313158918645957 0.17757501837880318
0.31772864596604267 0.227765351318509
0.6943372851344254 0.21552403143322585
0.17219996808855803 0.15037502022487195
0.22214799394888585 0.10441917056084328
0.2337810215276097 0.09384880430206524
1.2109820024539388 0.18212564116003607
2536.4523556304193 0.07850058452297241
0.9298409627790649 1.1030806601079557
0.9208627763346182 1.0861568369955563
1.1443246267737033 0.9774989869426367
1.6070580382971447 1.0988558959099524
1.0685182137397433 1.1423490782661596
0.8553605897740648 0.9802621119500718
0.9337208847029388 0.7932692466506706
1.6816618027986103 1.374391858857022
1.2914895393077188 1.207155293837697
0.7483314221023283 0.7786732167367982
0.7460441218220799 0.7289788160532495
1.4868732349976779 0.7627839710221707
1.794580001033146 1.562337669952051
1.9666351955832213 1.44652822064067
0.6357382751394336 0.7767517005973119
0.6702877305428794 0.7376335580464419
1.2372438137662964 0.7195700013604563
1.0373289030153918 1.0930225974450538
2.0857093946653853 1.3577704050238149
0.859232504 0.5323282708154864
0.5185479966107491 0.409500259263954
1.1608600047578572 0.45528054072012203
0.7817334871197914 0.4079731288574563
0.9703760434460609 1.0809529107675488
1.148083520985193 1.1073818846538335
1.2233208205399246 1.1430295605992589
1.855361257236883 1.2385500458957586
1.8034546496548978 1.3949228588283729
2.2190816205500643 1.440193298327636
1.2858228130321077 1.0550402360130078
1.2876725398302211 0.9882250394817846
2.0381319550335038 0.7315448140917481
1.2128349344692526 1.0835478300867376
1.5654234561409566 1.0827862732858191
1.8500718696056238 1.1080674322157065
138779.40053938687 1.312625087906506
0.3861552930632939 0.6059221646960673
0.18054824527703084 0.35403884290722465
0.1702921205205254 0.27259668367673867
0.4847973359486278 0.4350829497420906
0.1687541792222418 0.15045528851402853
3375.2624738124186 0.07983535672953773
0.7217629945944319 0.8632031866116375
0.47733868095097753 0.595592005175742
0.7001414264064143 0.7371643142126776
0.7049090856974242 0.618784893719928
0.19789844515881969 0.16329189882215306
0.2870442076309084 0.10539614952669774
0.8012729673183729 0.8176302582958317
0.9366965001025187 0.915634410925696
1.0158457702004857 0.8486039147842735
1.0666383193048223 0.9428591691842212
1.7049766831488895 0.9861691642696053
2.0430793162326166 1.115562560643716
0.7063681892688376 0.8437372240627243
0.6827968535088691 0.7281490223270668
1.2123148360854805 1.0734671938213967
0.4647487126983345 0.42991742240353115
0.9764478969064436 1.0517137421370868
1.4879184200188478 1.3691003644273412
0.841375564834281 0.9197130718843081
1.0445535063911233 1.0013402334826327
1.6651020300649406 0.9750820350014178
1.2396468428627814 1.1918946289353003
1.1993205556208246 1.0822063581512433
1.7284782052246994 1.0818584373255455
1.788186727077108 1.0872816020443168
0.44335406931961585 0.6635976532556539
0.33905478766428315 0.5452140140545754
0.4672997271855851 0.4872945521825138
0.3259417111905713 0.505511756706623
0.3983136844781311 0.376410906169674
0.19662550784076 0.26147869672518714
0.7547340976907693 0.8122046243554378
0.24701797499160388 0.16302278349996427
0.38340976442776764 0.0957493602670208
0.9229736512186981 0.7643300950267728
0.4331339863717658 0.5616583223543465
0.2408097102050923 0.24612494353572306
0.20557722245666799 0.15742509391242615
0.2808045883570116 0.1105498935678696
0.654701021691978 0.6452237239757684
1.2235962138063452 0.888480342562711
0.194678518315026 0.3489358193403031
0.19446957477912508 0.30064343021804113
0.37576106013465843 0.37046461996061636
1.5190703037608242 0.6591649141404867
0.2537819836040476 0.3905362155303539
0.28074366110991333 0.2893145970083095
0.25812061827969013 0.1858395188039718
0.33281119542606225 0.30517564791344576
1.2963803139835917 0.5446035557605324
0.9754174029113531 0.42779935675972425
0.30747998945490856 0.4410651613886482
0.24125565839255997 0.19844976384326102
0.5053125113079748 0.4704395805189523
0.7068962288035725 0.4395367823409828
1.2988761774201159 0.6472369982099235
0.1427129437884101 0.260071408131071
0.19653705050619324 0.23809806840887957
0.25633991724243743 0.17747970410657912
0.2377344645020121 0.22867875799129606
0.2665601614242921 0.1661108777214538
0.31198993695539073 0.10382817880317459
0.30373389755326147 0.18895952656338155
0.5028956394988428 0.40972872886264355
0.2525802124590586 0.10770901397250959
0.7323230447881188 0.4239014451825429
0.17960986142728527 0.1893558780149257
0.2140801908469381 0.14245614313373198
0.9881880301389514 0.23261609868921374
0.2493076432650858 0.13719222387039662
0.2383099849488618 0.10650220647655544
0.8834462258808973 0.19969163506162801
0.3665794413779153 0.2486993791350164
0.7063100688663182 0.19600914918958356
0.1723718870114447 0.1494678696598463
0.2433939087235506 0.11227046216533361
0.23424408504898328 0.10256690979236374
2539.9517841855363 0.07852461545566507
0.9333568734700044 1.1063962270676253
0.9210547655732537 1.0863051272928663
1.1472913648341003 1.0776401716138202
1.0896628599334388 1.1430878092890961
0.8599935818919575 0.9785516371264098
1.0241606679717932 0.793551273263177
1.83749705993548 1.4231592764161412
1.3012919592823713 1.346916240338099
0.7832987467690777 0.7860491141986818
0.7598374001438738 0.7404527559461866
1.9066181849243493 1.461699558718848
2.088266878165343 1.6100864994612913
0.636787729746733 0.7791506494349927
0.8047892284538243 0.8259625699272823
1.6308227939385715 0.8056975028495823
1.055039325823962 1.1140248352514839
0.9036899185898861 0.7157839498118745
0.5973501926820466 0.4453822715678811
0.81459691892112 0.4269142986164291
0.9836244156032423 1.0963070434169575
1.1694392544588528 1.1031811327975845
1.2461720155324651 1.1956924682018233
2.092773415954594 1.230385030040674
1.9442145975852045 1.433015412759706
1.3287967913940975 0.9905662876177557
1.2331897963296194 1.090709178604678
1.647718343165605 1.0567818113545786
2.0922227309127734 1.1318976901791018
148878.3348160986 1.4001851346114402
0.4045667196042683 0.6028703032065434
0.25085267410854883 0.3988803100785731
0.17063534079589254 0.27166974707742675
1.291462828768898 0.7985614789395967
0.16937166599418726 0.15072751928903852
3503.399087905622 0.07894800357968212
0.7344996279567794 0.8631366241719107
0.4791591697820736 0.5686876647377133
0.7153988016947189 0.7525673000520283
1.0114121258958904 0.7160977309487694
0.1987983093991489 0.1652360121258355
0.30657340254695337 0.08510370268716966
0.8015440136316916 0.858259261526119
1.092796196671536 1.0794708204336068
1.9537073887344514 1.0758809878108684
1.0964141992931298 0.9750167238531235
2.173438979468875 1.1154445698984696
0.7066098163858463 0.8438666295273076
1.1098336920558267 1.0498524767095836
1.2375207360181646 1.0930990045803985
0.9765689376471484 1.0503918695383196
1.712618277854511 1.3648645137060245
0.8452701283849924 0.9220256556181556
1.0867134336609732 0.9542236931521091
1.2424978504746222 1.190925193788082
1.2547684863270647 1.0821933569836442
1.7461470008986952 1.0857190484692023
1.8671212718188976 1.117307018650064
0.5906151998331048 0.7715220330858166
0.3406709620182138 0.5166386000682719
0.48904188051916947 0.49128340116883407
0.3332635053415257 0.5000163656059797
0.44159493467258265 0.5619433943499501
0.20072965203746418 0.2586386260270352
0.7653984000924472 0.8122113517719438
0.24858943370052156 0.1565580825327405
0.9229867206111512 0.7643268448456015
0.4393871609626536 0.658747340243275
0.24634222302610514 0.26568091056991905
0.20566732109016594 0.157427678790948
0.2814910347747902 0.10320797324168868
0.681356208451757 0.7155301726543983
1.224108142855431 0.888394058540938
0.19733981472588247 0.35010512059905846
0.20450982738412868 0.32808222413881366
0.4958753911281488 0.4409321315017641
1.9266772162313859 0.8999351979159875
0.3129135730827414 0.3116850679179237
0.2765339150663052 0.19869454271380446
0.38406015166480123 0.3077656311861412
0.3275276528127548 0.4798509098525697
0.3028539734607277 0.12808398583293218
0.522861513203973 0.5082705606749924
1.6404775159016198 0.6410318021810415
0.1440152878762636 0.2610418495672531
0.22111487012415204 0.19704836448871757
0.2576169079812302 0.1774647272350683
0.24985797769064277 0.23496426886934127
0.2798161719771577 0.13665743052158716
0.3224069491516259 0.11705007357768676
0.32645957437430473 0.22412970360394205
0.5226744127906536 0.3555353098964858
0.2537258054513147 0.10648343058804394
1.0177624126331741 0.4017749688376696
0.1826156589912642 0.1885763797023751
0.2153690131723624 0.13827603031612254
1.0982175771200606 0.22873562552758622
0.2587809904607785 0.13434250768460693
0.24972323690622095 0.08289142415318637
0.8964755247594667 0.1929989980182807
0.3950791917397847 0.23357528020221222
0.183647557551725 0.1464232569524896
0.28220969503482773 0.09366187725333248
0.23451794120545547 0.10271016175121189
2540.0927332562233 0.07852458692110637
0.9361420076233202 1.109132099660345
0.934959698922716 1.0798655915957727
1.1792670004573924 1.107913483242707
1.0919900932662372 1.1473008084702636
0.9147031361820175 0.9840735257016535
1.2707556678959446 0.9134178057683531
2.1425632627396487 1.3664428804528577
1.4223827499120345 1.407999892558931
0.8411976831001176 0.7858746348194215
0.9017224281540623 0.6213527083796018
2.696607129587303 1.634123862401324
2.1124637116538243 1.6107327677048755
0.6402449922270594 0.7668857150162219
1.071931550423526 1.0631528802310695
0.6636865222995044 0.6036229862087024
0.8202109676081348 0.4264797160748566
0.9848054064710297 1.0808594836736747
1.1759104110859253 1.0805072432210092
1.2662953389684215 1.153656447135973
2.086024345280457 1.418616109076049
1.7294641777542656 1.0037953191484599
1.233660064817078 1.0901488692110786
1.6509921209471148 1.0490432426823328
2.197200325623565 1.162012074789113
226297.06789759322 1.7163242621878516
0.7802125604280588 0.9211044429995039
0.261365813666164 0.40546333311875654
0.17994993264912645 0.29692442632686217
2.018156910477516 1.167533369370211
0.16937992653836456 0.1507338587241762
3527.0971735688695 0.07932522728502689
0.7677071245435374 0.9127773081501146
0.6043194216924773 0.7628769761454465
0.7405589380429438 0.7203703718924725
1.1794926282051532 0.9021786534994118
0.2019457776260108 0.16915980329789487
0.307892886943565 0.08320632037603304
0.9625085899704238 1.0015148149426103
1.6030138066649202 1.1176200185651828
3.2177492354660653 1.7397747540268451
1.1076832185428929 1.0061739427887788
0.7086220620908201 0.8396331549448227
1.6371905946304 1.3849191465337274
0.9779823175631699 1.0558727378633486
1.7375527959888157 1.4883256130166618
0.8461280702386583 0.9196060865381893
1.0871896402651342 0.9544239222153923
1.280425113025669 1.2063383682440374
1.3047759974892559 0.9896510167552238
1.8830708690243398 1.1773936446767848
2.042727251065255 1.084233698228349
0.3417469543237859 0.5336138927832474
0.7111376632928895 0.7206976149248954
0.349325834876423 0.4856565863880984
0.44615180787671593 0.5620340018222789
0.20118777396454057 0.2587909146038789
0.7835472957256209 0.7990142305833978
0.25093912034501453 0.16811389408961566
1.1469969556855941 0.8720061376218191
0.44080511679290035 0.6595246850372072
0.24769428493583473 0.26249510620223127
0.2164715769731091 0.1571513605951052
0.2907126638340099 0.1193785438818405
0.6866077084896169 0.6749032750098496
1.2962762192787625 0.9357312697691287
0.19770375316544742 0.34873851905387604
0.2998166671520965 0.35875259652020264
1.9575454815326543 0.759006283037845
0.33915544507432516 0.31116506503065444
0.28015647854668235 0.1980705928061922
0.38851889729826034 0.4018800078978153
0.32790210680160253 0.47898419833210304
0.3180099667005011 0.12938832274382311
0.5281407198362194 0.5435930109923225
0.16109470187811023 0.2555595710301752
0.22241658266586922 0.1971906287655336
0.2830440034710859 0.1691550497470222
0.25501734662747216 0.21362991104214915
0.282475669325267 0.13663271540410624
0.37665752010553033 0.09962752637062199
0.5524192143941948 0.40697216248661694
0.25662472292334076 0.11399488180362535
0.1859430047008695 0.170746640081604
0.2207953425595463 0.14593324474292163
0.2639759528260837 0.1373870595096962
0.2510890494893704 0.1219205801883942
0.9038640125882772 0.18374104726760032
0.18684424309717906 0.146577438247323
0.5622918202803593 0.13152623745419137
0.23503435854437515 0.10064605525414837
2612.1873924617485 0.07909274172284679
0.9378621367928501 1.1044795716318707
0.9363342771491965 1.0690353185832233
1.3221671197167137 1.072979704256857
1.115903318096629 1.216112526986319
0.9560331760736576 0.9878303512632753
1.5041262796710022 0.9162103980652136
1.424349700802651 1.397730239806501
1.20157475252772 1.2000108816089585
1.105208716731639 0.8135221312334842
2.9198252613435516 2.041954385786477
2.1287411761915314 1.631033730278996
0.6412198851697519 0.7767036083680585
0.6869367364130811 0.5860324001274704
1.3197683267491849 0.5903306447462715
0.9849614488439329 1.0811701760857793
1.1977658865918475 1.0840777454529493
1.397415231523232 1.2190879946360833
2.1094172021069637 1.4596538960345042
1.2344896084572046 1.090315172416787
1.5791508264918201 1.3042751763028733
0.7675228916976929 0.7424736383394157
0.34346915319122606 0.5353520801388546
1.1926213125489002 0.8200420281051948
0.2559974836180917 0.22817436588040357
9773.170651447308 0.09643016330403596
0.36017958630975966 0.4301469632449365
0.21021081975942538 0.23335917214097968
2.11791517998674 1.4597183723498899
1.119204524289565 1.2345219185735186
0.27289704902569345 0.1149230207312359
0.2639920034514298 0.13738487408330297
1.4707236836010817 1.2934510602753768
1.3259842472644081 1.0485641457338604
0.2157531541558519 0.17446978225382145
0.25679543954678136 0.26855972819742874
2.130103081377391 1.6321303677270702
0.22905917614626656 0.1309750918463069
1.6960196944137738 1.0157365255391384
2.1268343501509595 1.6512071834538549
0.8222656984030607 0.7580401104750172
0.18011718455853665 0.270314800083096
0.23571723109528986 0.0946808330231931
2.166089812757129 1.0831971687136952
2.163650601392461 1.1068032755094679
0.4682843039622112 0.5801743402473714
0.7445104400812557 0.6457618561967657
3.6389803359524855 1.7304394579958748
0.8935898626432504 0.9575340968385158
0.23547214748341339 0.18138603482685922
0.938228419860176 1.1061428338704762
0.20486108768181288 0.1319289406626839
0.20250733808314592 0.2587670313435462
0.9093997771140268 0.17457611204936024
