52600.48404764046 0.7884456537808424
0.2577045306708489 0.45281520096677685
0.18376565270501494 0.32544040981676714
0.1465180164436949 0.2927295594798602
0.15744493928356473 0.1936102908170177
0.15312327100949588 0.15267508001616653
2482.3822342069257 0.07842373644795375
0.49176504896140294 0.7220778805340546
0.2304351111164618 0.3848372793382826
0.212367837689928 0.31499228122107614
0.17587496618644444 0.2320756927266506
0.20193321575636325 0.1642847018297329
0.2501388832036178 0.11621196486508727
0.5953551365238566 0.7722252108647869
0.667596616632384 0.7554264904332565
0.9242848727458484 0.8291833102369495
1.6732997374603813 0.7627817423277596
0.8614972284546656 0.8787779724538998
1.4247067095934378 1.150640498165781
1.8668509061869265 0.9538367080403509
1.5594199663410246 0.9308708734615723
0.7012513662866975 0.9405501811145911
0.5969306472772977 0.8772044898099305
0.29847252209798747 0.45102637977141175
0.4226018574780319 0.4299465667231032
0.2355260252732817 0.14682309840226437
0.2556599550715997 0.12008997518295172
0.8491792203462074 1.0839245396188841
0.8489509546138556 0.9717946285175265
1.403137073565813 1.3817506720287358
3.765274632544775 2.0137405960298684
0.7471311963332714 0.8953912235164427
0.8428292885437061 0.9684784849028516
1.3200694225350431 1.068720980376585
0.9971683906530381 1.1255059103928409
1.307713981982472 1.1054528576188538
1.5251576012617052 1.1215689121378651
0.998537863304163 1.0439316359724007
1.4112317360058069 0.9878446148333646
2.7308938086378367 1.1291565241112893
1.4032284241032817 1.1246000573805905
1.4785292618119366 1.004119611637473
0.24895486771290454 0.42370526004637854
0.24238837114087824 0.4399995305241239
0.4459450464448972 0.5956881351394239
0.3051844925351809 0.2647429058592529
0.2524741774811366 0.500162214923784
0.23585505223019884 0.3785909834557513
0.17293048302291217 0.24276388069780452
0.20823735233918078 0.17955453953026052
0.3388196057032777 0.5071515350974398
0.7799614679875657 0.6076007947513253
1.3474108219636423 0.7027939242845843
0.2762418539973568 0.11248887236124738
0.8533509472106268 0.777359657600501
1.975144098719185 0.9290471263032608
0.3823885816579656 0.6017016854285236
0.32506372854404963 0.5034701404085159
0.3235194334003847 0.36757235048326203
0.20033135602406693 0.15944312970898716
0.3062778648553479 0.12501126964983433
0.43256506807152906 0.6710014669596182
0.6601947261489389 0.8558182295404262
0.8685743907473958 0.8042320249330692
1.0750806585914412 0.9319659318967612
0.1730656972927529 0.32037430680395856
0.1917494047859435 0.30663831029262784
0.21268351722093132 0.24446566506184023
0.9761542535855174 0.4820346256364991
0.186370038011337 0.3257939117478087
0.2160592728522491 0.24764191838056362
0.18617496752943297 0.18048532528539502
0.27994511972564606 0.2825720618908168
0.6146463529677613 0.4357035740836564
0.27527399541358877 0.11051519899148222
0.6645672952431183 0.45140239884402944
0.3137155951251365 0.5095342314010545
0.39657543131722306 0.45693459668347786
0.4952954522048064 0.47150123771667213
0.14513258509484667 0.25959618065298445
0.13751852612965523 0.22178841865867058
0.21586848314780174 0.17355038457480312
0.14874870766099638 0.21873378729150028
0.15296204153486043 0.16769027753378907
0.23649662439515745 0.22436629123446422
0.8585625125385674 0.17923258527636377
0.40848348323128136 0.4061321419006509
0.4719455721123154 0.22773515373530961
0.2565051167940784 0.10922784291739535
0.3740520194743394 0.28897941173515485
0.6068967576839044 0.4175433032512357
0.12614215207058221 0.20227375921951748
0.16647074543724386 0.14652484631754017
0.45457980638362894 0.17669232701068346
0.16675245944539877 0.16174964608877662
0.24291473639429834 0.13001628616891242
0.3221419074775941 0.15185154632505166
0.2991707177700615 0.23885024392736784
0.16356777303812137 0.1490231358587025
0.26553771552350547 0.09412763568134358
0.21448944082532378 0.09851002389074012
0.9722364735787199 0.23506144589641725
2228.549895367288 0.07833280669535411
0.8896339717279305 1.133113662813851
0.8401384148603683 1.1089917517398287
0.6818994053947669 0.7582310931871512
1.5266935013482898 1.0873979200260737
1.0043946568449387 1.2454968042743348
0.8305235043161067 1.0213988389547097
0.8999731610464405 0.7743766891970039
1.587589376716851 0.8011625900673072
1.604862712935082 1.4683378589284983
1.2544299401163026 1.3929872194746982
1.15275341569499 0.7587313778031636
1.5857177552892296 0.7410672622450745
2.8646943898955404 1.8893514946654553
3.0244531105898393 1.755081010793632
0.6632907889001077 0.8586383046519842
0.4215946827202465 0.45617028881203847
1.3133077783738218 0.6415705783915955
0.6628279770627019 0.910090007561182
1.1765176307413436 1.090083918273658
1.1124969163151186 1.2633277767897835
0.35263190237543807 0.13298297157110023
0.600048186598014 0.7414448929301046
0.5764307738143806 0.5724517072372075
1.4311371298708662 0.5278545831721938
0.899110550092306 0.8308722232975331
1.2461444497842915 1.1310449581027806
0.46253321886408916 0.5113898052923908
0.9791228260794216 0.5013203582748258
0.8543257167020379 0.23287823183319165
0.8139202129412908 1.0850373467774717
0.9534946749530026 1.0821295624204297
1.291493543565232 1.0859227587472815
2.099871514475756 1.001735333046183
1.484138393439198 1.2276094691721788
1.1549352032587867 0.9851973244231234
1.7588983362403865 1.009008252489424
1.9158706377789856 1.4466952537697675
1.4199130694477917 1.4047746109746693
0.7531977132034176 0.8143973584329429
1.952257754575806 1.3593184481741054
0.8312317849469126 0.7755777766356344
1.491626076037012 0.849980172336025
1.1155643712965997 0.6726344689381369
1.0682099155443505 1.0999485896353147
1.3545275870919542 1.0877558324559744
1.4940399642003888 1.1629581548166257
2.041066360689773 1.4069579316867202
1.257792902020226 1.0616048776177107
2.0575912614233616 1.085902984874041
58934.74156834945 0.8680417027770078
0.2616209900987088 0.46539044616991015
0.18940180390422234 0.30834145683173253
0.147271384437071 0.2926686687156808
0.16560830341351365 0.22099755366181073
0.25313544897562007 0.20423243238531785
2482.89521515467 0.07841639472728212
0.4940478826018365 0.7475343211589359
0.23200338913700272 0.3895994625428026
0.2124405581221983 0.3149784649245056
0.17691034262170063 0.2286738823927482
0.2033959816836835 0.17559228076797126
0.28448427270994936 0.09467643420135571
0.6171040856023564 0.8193481701993022
0.6730700767787808 0.7562153970683212
1.419727486201693 1.1604536658038476
0.8680678257089529 0.8532406341697929
1.4295014333687623 1.1335533761377596
2.2316279141062543 0.9604298419368489
1.6930604673172582 1.1279312660531802
0.7767579551174522 1.086200583351098
0.5981172795844762 0.8773482885072438
0.3072735992625575 0.4507414013061895
0.4896577136429354 0.45915457605164983
0.26159059775591154 0.12778232411358553
0.25698571397572667 0.09565793840481113
0.8586162726759912 1.0791226488252428
0.8539200659746329 0.9740381606500935
1.4436175851002044 1.3589520553067556
0.7593859913165488 0.8944970114686568
0.8833485840557744 0.9621988678626049
1.349206627397502 0.9721251006647907
1.0796691100743985 1.1969546392842725
1.3804403238573604 1.1197863811559163
1.0430071814994994 1.102549663272142
2.7311989760191553 1.1291025227418041
1.4498073812531067 1.1118738077840609
1.4802759925520714 1.0812570590116737
0.42654662078998606 0.6993280490303495
0.26937164198489333 0.437248228441825
0.4842636927241395 0.6311260262414485
1.2982596992272142 0.6866889791400093
0.2837227172555219 0.4970848107893819
0.24001816055552277 0.37968740593804085
0.20177837827398254 0.2752147248587132
0.2132476071466506 0.1925641991430095
0.345751605432123 0.49311565438334337
0.8097138733228775 0.68195372585679
1.3837483671114317 0.6897389303720686
0.33784767340412436 0.08191996122576028
0.864849314877234 0.7817414958891495
0.3829379867028091 0.5981660114187206
0.4004138237501359 0.5747354910595093
0.3246908728132435 0.37156413855994125
0.2005295520730419 0.16695412648124158
0.43460296136210885 0.6783006573322758
0.6678105366328774 0.8624374205209938
1.121016535568605 0.8551425677215205
0.17602545174452622 0.30745373465769527
0.19484392274609771 0.28717618104136655
0.24913305915639075 0.21275978850373806
1.0662832026541127 0.5561173523741351
0.198595889362249 0.3270733665198926
0.21707380139084886 0.24111613008631472
0.1898222296010974 0.18206143841368788
0.3109936724277123 0.3178238347377558
1.0834426473272578 0.5297899237361395
0.2780911133166031 0.10280084422671318
0.8844332606248756 0.5581244277284705
0.34547380890471047 0.47571963944004214
1.4641229687166448 0.778994275441514
0.15450663687613675 0.26176290612125747
0.1388086864008369 0.22490713342863525
0.215868936587242 0.1735503903296968
0.15076876309210227 0.21670692059583613
0.18290712215736174 0.19002865459851553
0.2497952736598203 0.23116421636666606
0.5015202743045797 0.4875745808329073
0.6069536742470087 0.3869770868648972
0.25873214226087554 0.11100050850766285
0.6618140391573512 0.44553347066408244
0.1282868053951433 0.2046785346253973
0.18001884474756627 0.13984793128194473
0.9433765268356853 0.2023916356903927
0.1953913703593209 0.1311582699500306
0.46586031657402105 0.15906510971256518
0.3189150429246931 0.25444496690417734
0.1784362221950413 0.16800405127314966
0.4229061767955496 0.0999717278390379
0.21848633211576646 0.09778095327128228
1.5646881054415855 0.3089797684813748
2228.667877097406 0.07830074708291752
0.8896644732746066 1.133089866814566
0.8459365990281291 1.1085341664238464
0.7009037616107228 0.760942362682193
1.0358528049951277 1.2081274027749254
0.9892083302760795 1.0123030759558114
0.9567091548792788 0.8141070561041674
2.433557644011647 1.9280956345318456
1.2555219690955424 1.4022861825319821
0.7221149610254748 0.9253734816841932
0.885154914550537 0.5549710116073872
1.4546414301845023 0.5586170462832034
0.8391133622473101 0.8303883083875385
0.6166367266792645 0.7716508069828667
1.1095357015002363 0.8847555111980064
1.4365290805991364 0.5253663192769507
1.230242082924447 0.9539787372406798
0.4674739899687006 0.5223616502027874
1.0124903511228034 0.5069185535151456
1.1732977727000624 0.20616684072501426
0.844748810858465 1.0793624571088243
1.0457380615103014 1.077224487198837
1.3154019587059147 1.0665591827451268
1.500640809412399 1.2268684889201835
1.978504386744741 1.364854940285836
1.4806437390895582 1.4075597801167414
0.8941695321603356 1.0552537496157213
0.9194633491673554 0.8398725740648934
1.6104585195622696 0.9416305040721302
1.2077905997056115 0.7137335682697608
1.0756939331436874 1.0991994523764554
1.3559789422385484 1.0881061830379195
1.546600147965046 1.1756455194563746
2.0852907243036807 1.4471770622607287
1.2583520727455832 1.0620977717550861
2.097380288898453 1.3737968241988743
80618.0988858942 1.0580951422208658
0.4402792320278078 0.7101638239405235
0.1895542959681189 0.30799266083653754
0.1473365759224005 0.289678810170589
0.16646492110806685 0.187302955267453
0.8551765232202992 0.3044241438646863
2483.0145507792545 0.07851275778435113
0.49863143062514204 0.7230437576840899
0.23212222767529458 0.3895025220141518
0.2134358982603906 0.30806248418722376
0.18287381999184055 0.25906249473241105
0.2092665597119458 0.17869137870491347
0.2880015186119585 0.10015453691933604
0.6182275327497497 0.833554968481365
0.6903675969273322 0.7858701095080679
0.8764663800959858 0.9111482360228232
1.8394787570275928 0.9464131760038265
0.8200513553989823 1.0237404936743209
0.8914365005684963 1.055543084122179
0.5909839831125947 0.42971117022266786
0.7962264116245832 0.4332150815576495
0.2572139363190145 0.09490312671840001
0.8658256738185928 1.0955590660545678
1.3344691647421372 1.1912675736137508
1.496866083983599 1.44750579599324
0.7690090026114444 0.9656876616271133
0.8966595900378734 0.9614572046506238
1.3659619485198085 0.9691030206257272
1.119705255054082 1.1180436644826157
1.3916973347928947 1.1203712286642078
1.198591201551943 1.1534838087092378
2.7381533072659145 1.1103680407361776
1.7120529469748944 1.138028785106663
1.4963893336357432 1.084625242609596
0.4267728745900613 0.6993256184696675
0.5064591997094451 0.7329324426570887
0.5284371388971757 0.6961716150561204
1.302117106274427 0.8756036265680226
0.3304816716445882 0.5111660374287523
0.2401976687510319 0.3800349194206733
0.45786620080583396 0.5266078160763753
0.22133928926325058 0.18227144183229071
0.3590051199138775 0.48913607247295365
1.070457856160799 0.8018215196456774
0.3683136950061403 0.11242741577967001
1.0467678597785193 0.7551176748979975
0.3946239836008962 0.6019807500979688
0.6543366839994735 0.8271881450955735
0.32648231996012406 0.3724456624808751
0.20313233088742286 0.17731651323410902
0.4619012715103065 0.6745473822643511
0.7590456988969168 0.8992763043635115
1.1210196190047241 0.8551412299802681
0.17711714620043767 0.32126383186088636
0.24854905809098737 0.3654396540384922
0.2523422225589091 0.21099542103917
0.30554695053912984 0.44560123040949495
0.19436118220507423 0.19188669908545844
0.34276214411315 0.27810002439169346
0.2789269024041894 0.103125725251164
0.9433721847147047 0.5757375245532974
0.3470406024938313 0.4054719762882685
0.16774309391533992 0.30520166403039334
0.140205516708539 0.22615961218241531
0.21697402098225682 0.17536979370781647
0.152443000849388 0.21700764694868704
0.18465000056097153 0.15715778034109493
0.27268151041573485 0.20465071773424598
0.8172692131417545 0.38409811641349867
0.25959136947492667 0.11184537564668795
0.6984315945998874 0.47114572707717267
0.13142794904840518 0.18773892766191694
0.19645296442871263 0.142094958246069
1.1391518907593643 0.27380666524542685
0.19930997410109608 0.13097703971805427
0.49651605148012284 0.1509194375660968
0.31919257444675175 0.2547210112157926
0.18734005751416244 0.1201703494088206
0.557295075246056 0.09670694679793462
0.21908209346319607 0.09778298531272947
2229.2831977090414 0.0783319900194962
0.9052836501635941 1.1131595309535856
0.8497655037269597 1.1087337600493479
0.702131781447201 0.7620997417786008
1.0961398770781146 1.2212056584802933
1.0133148786992168 1.010876104323537
0.9855464581418925 0.8101260192029784
2.5864316955275184 1.9235711240571298
1.2829759280586819 1.4420951530616013
1.0572377378459374 0.6194477579549029
0.7098195817092312 0.7744499042550022
1.0777766863309088 0.715382549478776
1.0147817339926786 0.5132954537369168
0.8818993501347336 1.128771853830687
1.1102250940841105 1.170234563788163
1.3766087282886987 1.0824820073611527
2.0282480217575296 1.4866132652679314
1.501608514416648 1.4699297506429732
0.9754392477653835 0.7685796977900792
1.8850882526302843 0.8737599625422978
1.0803322658651981 1.1167174035554837
1.363097323312374 1.0883843397443234
2.281439340544171 1.178939646219267
2.1185582629866433 1.4591227675180494
1.2614952020706702 1.063035794419509
2.1979006727855497 1.1374957682288138
1.9799098514588895 1.2783862897371225
0.19991666027131538 0.19684722013173195
1.1557172598107253 1.2050333567891385
1.4605068498457863 0.9095602834392551
0.4704332433334725 0.5166449014478072
0.31667385655039837 0.3772708736996777
0.18996280605104082 0.26068244196356044
0.9431817952546144 1.082748713824565
1.4258376624507791 0.8876828346011494
0.23640683888586778 0.3997243693225407
0.3459917610339833 0.3088509611402245
0.9710607528285928 0.5771958104535995
0.1425944067592979 0.22469421585723665
0.22957396179484943 0.14925289418971116
0.8969131643641501 1.062740185500816
0.5788324412829255 0.7188109980251669
1.5134799423751164 1.3012486709265516
0.7222913590398001 0.8384501264728046
0.2001596565500892 0.24988282802780887
0.9430210458523003 1.131307140031059
0.27894031782567463 0.10312365161055301
0.21623288417170267 0.1418802348364459
0.22723170140201338 0.09561106788592132
1.496891352948405 1.0830582362390253
1.0375326215165965 1.0108614431570975
1.0007256218873928 0.7569150723655235
0.6733360797952834 0.8283777791412917
0.22137987553367783 0.18250912406633202
0.2559741213553435 0.2574281733844589
0.3561496614719696 0.4757197129558392
0.24933442978312922 0.3664043551290265
2230.3458764994994 0.07834128248556516
0.7704594231152522 0.8441527579538546
0.7027825729954903 0.7610877304516477
0.19223251743438424 0.19360069623468745
0.17302104850963845 0.2316604009055261
0.7112290629318604 0.7806591522131319
0.26014223204092507 0.10625759532584544
0.180699038272097 0.17984925448297123
0.42830128890682506 0.6958354821355144
0.2917878596066892 0.09911573096401446
0.8773274745083564 1.1329214391479592
1.2119269042652858 1.211363025378677
0.33954132479363636 0.2329850574067249
1.5555678514956843 1.6981999185648569
1.1390007844860244 0.9695693744694304
0.42196659283027627 0.5878529328234946
0.46305905891080074 0.690926549835839
0.17762373782746604 0.20809743311441295
0.3733327109192953 0.594884712507413
0.20549251175587158 0.16258360704480052
0.837093131620081 1.0308923659472629
0.8008074437113429 0.1494420802890522
0.522145854323255 0.7361242197870892
0.5245838233442618 0.7837524101222049
0.4899875933246086 0.7648809863078927
0.2112086553751533 0.1813295342780843
1.1891144505789206 0.6519955972406578
1.5596425442099786 1.099458717681532
0.90670564338972 1.1302888416186798
1.9827199700922504 1.2982256012936286
1.5212947009872866 0.4971255090255324
0.9153349996023732 1.0804544551123088
1.263346140680079 1.0627247943102807
1.428311561570787 1.108506027161353
0.21592006186286478 0.32481419215391194
0.3617268247470713 0.46607167628132506
2484.3338251052746 0.07849400023263704
0.2837075567034508 0.24487779701364434
0.18452437697043927 0.21709831546092181
2.2684943748577115 1.0797323019485243
1.0183702647203112 0.5153499698762982
0.8954999856022454 0.8214847484757536
0.19132512309147726 0.11879231322324287
0.7216880303671656 0.3946295109531922
1.1487147579248158 1.1378620375438016
0.6573890303078511 0.8225902215892031
