23309.967136990297 1.1206374227114624
0.17803095081920828 0.4783275048184346
0.21450927621988836 0.35021614119925737
0.10552594687824433 0.2746760799504392
0.12840477183584792 0.19708799546513756
0.1396712292739799 0.1532267931631227
941.1167381486927 0.07841792086177951
0.42282005262269085 0.769461987826774
0.35122865145967463 0.6270831230941718
0.22611081667530503 0.32469647038731203
0.2438740140472911 0.26491356247906356
0.23568511297586456 0.14801108267014312
0.2931968268504841 0.10400717748490561
0.42846694514488276 0.7408719586044232
0.3892367014722372 0.6012474414474918
0.21680375502385762 0.16108641256176015
0.5699286419114467 0.8367813283504405
0.8185661623904077 1.0632582110053144
0.9598516902699141 1.0377081000531825
1.617595473761569 1.070754461348077
0.9637505089458135 1.76466964350644
0.5213318983245923 0.7394185332574996
0.31520482763317936 0.4239293612206295
0.30753338033221816 0.4142994298281691
0.2677942054785813 0.1429141364614483
0.7864865512387467 1.3871662525391792
0.519856535263547 0.7334080287254949
0.27492202850715786 0.15947499116979152
1.1666906298591848 1.5580051229297678
1.8955077277760761 2.022402345629899
0.5644764191869509 1.1101862689890034
0.5005958037486894 0.7229574687165079
1.386335235869018 0.9688992874328337
0.28006865849408935 0.12966914372652238
0.6366233811699749 1.2159519746044667
1.1696462782719916 1.4233048896399687
0.5874098275276822 0.980809735067625
1.6030642266914223 1.078431324824383
0.9764546240330683 1.150124789980153
0.9245720150265804 1.083080108145006
0.1589043486473323 0.47605188537545673
0.17873938827977148 0.46265680422848854
0.2544583445022103 0.34684718892132316
0.7619260597372792 0.6738638165188826
1.953119068290904 1.0131161310352532
0.20790284952163082 0.4172378165601368
0.1884943413078627 0.3865403904488559
0.1956195981039141 0.22951606199436175
0.2723966355935038 0.6024901133137482
0.19599045781520713 0.16424679167019451
0.2868421787426767 0.11840830625198753
0.33797844172105757 0.4890025287626171
0.8381544851145724 0.5839323904668237
0.32831027684089525 0.7174521871542681
0.1876825812716722 0.3079373926168174
0.25964343320705463 0.2310727887181428
0.24145210111335552 0.17383179076157562
0.3051333963534706 0.6295424377431137
0.31150551363051576 0.7076556107444232
0.6468193431228988 0.7133234178329627
0.2659251165450416 0.11075481038557639
1.0810517695631496 0.5039818799651331
0.47132939964606 0.5269271737015941
1.1342731034788178 0.7833915617857257
0.12793652522981402 0.2793825287582094
0.23681347504729308 0.27180959262932586
1.4606411675029538 0.7348847006456729
0.1358788512890647 0.3075621900118447
0.4647895477527544 0.3927488939442077
0.18520275851098505 0.3053925325508754
0.2276589795497968 0.10496487473718727
0.3586592121208448 0.3296031500167818
0.13542002791715566 0.3215588205336237
0.17148702383841358 0.19412306037627924
0.2519018350173181 0.10921446529436482
0.23209734738325508 0.3053908190800406
0.2857629052987125 0.2322108567389084
0.40896969328408306 0.46959803105530185
0.5764039269516903 0.4562817758376336
0.12862461899605804 0.26900428126119275
0.11103575130190953 0.22579588315673876
0.5504501089769837 0.35862154924950995
0.19133330796030631 0.23088323817169082
0.17469877572243273 0.12546028632939818
0.1282475643543481 0.1650130550087893
0.29780778286729426 0.15734517083707647
0.8894622313650431 0.24313251121499857
0.1903780120102428 0.24608721954702678
0.4350717720967566 0.2963667008922972
0.09432373494437733 0.1900013345721951
0.13491708214560558 0.14416862818435117
0.33823304025542805 0.15026274262571526
0.1474699691612617 0.11859830114046378
0.16825894407624797 0.09553450363843413
0.9596343780544787 0.24920672686472556
0.10750553133728698 0.13203304505142557
0.1793320303084946 0.09413270777205063
0.18321320718966072 0.09825322422764027
5.958302031903508 0.07813357876112047
0.4349374708137131 1.1898400840077663
0.6039429105175065 1.078557408148873
0.5943852629766557 0.7459184384300481
0.867449957630936 1.0629927958302257
0.520277661411431 1.245399741809598
0.5514333160236229 0.8012309017877619
0.6855265201744631 0.801032253599844
0.952136103781611 0.5961068695956006
0.7588309976209294 1.4395236676072676
1.3134267220689866 1.6127195099565501
0.7558166008200999 1.515102447842763
0.4967978309162863 0.7359550637146556
1.3069060990197932 1.5020407002184697
1.366991181936598 1.7765879790236587
0.3445862549319545 0.8438256077621764
0.4376715965439245 0.6684561563876577
0.5878804757408151 0.6005637074133399
0.8173772756200652 0.564621505445893
0.45133816465423005 0.7493998870091245
0.36926937960809425 0.4330859486193994
0.4648972937256807 0.984438662867366
0.7672271581629531 0.9761143625808558
0.2195509474800221 0.43494667578184937
1.0251703959141545 0.6409728537393897
0.6079175228745195 0.6494224389653269
0.4052971836003577 0.3543018222350872
0.6568815309287483 0.4747275855418532
0.45628034805609086 0.3085340929028415
0.4643898533027054 1.11190351673093
0.7309693209230297 1.2374014889239124
1.167293184328131 1.19106702627912
0.760052910519234 1.2051281287934152
1.323837859271472 1.5014958645431045
0.4925019235020078 1.0081424469590314
0.9714791269301868 0.9114148034336432
0.5798207099199522 0.5754282153619015
0.8010924057121606 0.6303359155878294
0.5411123216658398 1.109232721862401
1.0248913256492602 1.092877202965211
1.5954673683792717 1.1113323862338083
1.081943764748805 1.1924347252619145
1.3451372653080234 1.2512730687289557
0.8187859827667512 1.0120770711483302
1.5209786655006727 0.899946209178478
0.8316155087198472 1.0884100516639932
32666.35148230994 1.4372025702024032
0.17916037203651727 0.4842756259211474
0.48622126415668954 0.7343866618878214
0.14392179800133634 0.3018252304965374
0.13932940530320015 0.23550712380405786
0.14231314053075067 0.15423606990204836
968.2428586633415 0.07891988183998871
0.4413722687385808 0.8390076359222347
0.3743004175500821 0.6263684075103658
0.226616437916572 0.3256802680012686
0.2532092026997268 0.24370785200789147
0.23743898392214866 0.1551220879091025
0.297555538910782 0.0986293871397562
0.4789256314121296 0.9713228193987806
0.5742756558609259 0.8057854686107637
0.2172006386000685 0.15985798626133482
0.7116059362638548 1.1289663451254581
0.8701366991627938 1.070980991974101
0.9720587223917456 1.0636112528229509
1.2665078072087421 2.289919548690612
0.31103448913456494 0.42366625753773834
0.26954678344346894 0.14408937855321363
0.8667809787599108 1.421991924238214
1.0791602448178146 1.6388740057830677
1.171383772577915 1.5531133103537735
2.285436297214339 1.6290892772785077
0.56556479175444 1.1097973509474777
0.5006576298647301 0.7229660577257901
0.28099337673829566 0.13062995794881843
0.6819095261230674 1.1919436074409697
1.7365031947127676 1.5030213659916534
0.5957373634201812 1.0740639872383453
1.6034957355492288 1.0774842339005852
1.03131416019114 1.1917522460975198
0.9503615052484987 0.9989179560199452
0.1616138665206839 0.4770898643790248
0.19864670029734827 0.4268077081142333
0.3750767018829429 0.5646199219846089
0.7790366812219816 1.0358349245235785
0.21487799745829209 0.3898816259343273
0.1936686015683738 0.37559810874057264
0.1962444502925056 0.24320908622115572
0.2923416375710105 0.48533437158885817
0.19835707557632026 0.16441387083524464
0.2998328173405344 0.11821295597869133
0.3587407534611772 0.4313711676146925
1.0208741033161184 0.6867721518509888
0.18880206343844133 0.3115098950781131
0.25316265536824456 0.1586088731044461
0.3819612722968942 0.48186410152654374
0.31207775363789747 0.5119201278656482
0.26598284776073566 0.11080402332523859
0.4984809226233539 0.5336445687831
1.1432209367413257 0.7760297529027291
0.12889333390313634 0.2720030565899341
0.25355723601927416 0.34745066127861923
0.14235048418970814 0.30865926698749807
0.1968480651623582 0.3161307462442654
0.22986904145416198 0.10726838542251796
0.3763321223997182 0.29434609859809846
0.2032133554846164 0.3959790869557561
0.17186019135073466 0.19428377958703533
0.23533709802323965 0.32414043418417177
0.5768355417804897 0.4564224317626424
0.1361325472017083 0.26985232315044794
0.13125037145081608 0.20995139922003142
0.5788299244705912 0.3282917879272435
0.19631465912328394 0.22582517422768175
0.18438647976009875 0.11915516776081747
0.16158409504751237 0.15688887386190672
0.34222369965437094 0.14684430874959162
1.2291428340308963 0.32258501818308494
0.1944858961651465 0.24826370349687127
0.43701705284664705 0.30589846843350155
0.10316118539054372 0.19246087030077666
0.13602008491464201 0.1447648818060764
0.14995200586189605 0.13246735997083056
0.2355373506662769 0.11779854878181485
0.1113141807007654 0.13197210357772413
0.185642119072504 0.09688237898308275
0.19726429136644952 0.0981942618594967
7.770133091531249 0.07813960700737003
0.4365152024802026 1.1881545186688942
0.6069116994474341 1.10581736138094
0.6290397553662326 0.8436986859162605
0.9692239052981148 1.108667078133402
0.5255045596014498 1.2294453881778924
0.7095846631571108 0.7688701175694821
0.9595314135098784 0.5958778708618746
0.873815866749758 1.386527019200259
1.6134632861046905 1.5389148611612142
0.7690789401484379 1.5698943477184897
0.540108618787728 0.724277605374247
1.3764475751960699 1.5036449236721916
1.9924813985538452 1.6059423513001319
0.349100179877302 0.7782406169648597
0.4379859245759254 0.6680760010425475
1.0367364493106297 1.0723608072123245
0.8211965322071868 0.5640639357524195
0.4704266622788048 0.9830156817059499
0.27152273922357906 0.5560878944343521
1.0804903956532297 0.7033834025484134
0.4666806840581881 0.3846431474896092
0.4751570577617311 0.3611300259804614
0.4870024391676339 1.109294431406617
0.8359625862780293 1.250932665675846
1.1882213356066966 1.1908248356211986
1.3545044845509446 1.595300654211032
0.5039820489153286 1.0077292679539085
1.0010175162520971 0.9440123281535561
0.6121603594692359 0.7429729107019314
1.1044104085493482 0.7199605061950891
0.5490827224196079 1.1117990545852323
1.4913453473776133 1.1040531424912567
1.6122466035803158 1.1051269458599136
1.1681196257344857 1.1610913965812732
1.466560592412135 1.3006981680374965
0.8948891848701807 1.1618729318672738
0.851440130574307 1.1087989524408133
32816.12544802253 1.4404341520782815
0.18343354064028045 0.47828798543555845
0.6193186560992543 1.1078233862475462
0.15898188691740273 0.2860303804646832
0.141160886850785 0.188701641776716
0.14231798835941026 0.1540829608471116
969.8907896037005 0.07904928822979768
0.45495320949583457 1.103761509700334
0.2402746270613509 0.3045093938360119
0.3163760350948283 0.4265382419334808
0.25898728382783176 0.13670316314390252
0.2983771654013857 0.10032842465539858
0.4879041536649299 1.0589022182055967
0.6414302403122625 0.9424955848158263
0.21760091237763157 0.15517610272662088
0.7253172493654656 0.8358535448614363
0.9258815337159094 1.1278085085046827
0.9873147824140465 1.0729293794444779
0.31368576170333523 0.42528662743668966
0.272349146610386 0.14071939465002392
0.8721699667093534 1.2600372584795634
1.183876315063595 1.5531118365468057
2.3025376656607985 1.6815337935295334
0.5721217137138771 1.0857948159634008
0.5055325520454287 0.7255327984150958
1.9433028651084072 2.2577243913703553
1.7406953482171437 1.4927402890950994
0.6553370167743313 0.9881921370793194
1.6384329567906406 1.0980624176619829
1.048644835484406 1.1685015197315987
1.0554352254641288 1.081526828736644
0.16532772340074503 0.4770382583326106
0.22747180261292574 0.41804118823538455
0.43119531592157334 0.5564153927690971
0.8386478701525698 0.5682335052671477
0.21510358382177333 0.4422874099008912
0.20346056640641458 0.371667288237402
0.19770526238673738 0.24430960935424392
0.31834797427545225 0.6037077760721508
0.19986570497379563 0.15977969658638028
0.31327978829823677 0.11820853983567034
0.39700947450500124 0.4706197811052515
0.1890157620967351 0.3112355070639462
0.25448066588032137 0.15859899203343725
0.4580053836435212 0.759770470736653
0.3291820552986653 0.5264022967624726
0.2660006613010149 0.11085277444152486
0.7238909110849852 0.8101739149019851
1.148059733357993 0.7782605251631527
0.13487177967382705 0.2721737316136538
0.33455912296868495 0.2680508331368957
0.19846195695082444 0.304622141029248
0.23329727216421928 0.10781648646153674
0.4223919038954217 0.28657987953022007
0.17543699867997947 0.15952609170685794
0.2578470556120633 0.32368454706258903
0.5887315044266067 0.4798034363175961
0.13819774208266894 0.266492503658955
0.13485977751477007 0.20487269204757483
0.6125743934578398 0.34428913694661034
0.19110685463736504 0.12071554649374952
0.18678482743680663 0.20680548705943275
0.45575494270303135 0.16892492583104923
0.21451584610030605 0.26018935543439814
0.4408330977454156 0.305797035285564
0.11043934954468221 0.19087627995975281
0.13696822125699254 0.14430095356044545
0.1500309758697696 0.13437722648198966
0.30914858888190583 0.12815070702881512
0.1258446567348953 0.12714574120992375
0.18587520655145795 0.09632399748376141
1.6417394170691164 0.22480103344522676
11.967892993505366 0.0781462591512202
0.44528712438757784 1.1943723751743573
0.6415845010477794 1.0850386874518048
0.7155118847044304 1.048052538609784
0.9777622163126507 1.1698214801513551
0.5469452682936926 1.2229413508605604
0.9568479524601758 0.7982710731044702
1.1652300500396362 0.6050450407437407
1.0752252742579782 1.505645672572299
0.888395899792341 1.5782865867735534
0.5418119188855952 0.7308135247866043
0.3507946035635271 0.6648583038048781
0.44705966589208024 0.7120022854740465
0.9317718718436934 0.6677889109209686
0.47340019039455405 0.9815419021102699
0.2759087254005227 0.5609336465146886
1.140929516909279 0.7378409981126591
0.5010250186504431 0.48175989157958543
0.47592996404594823 0.3614970094243047
0.5091477619761228 1.1007196203508993
0.8777146195926682 1.2173460924578767
0.5355756885189227 0.9923927443707299
1.0014128844150456 0.9440394941715982
0.6158360333084336 0.6233459188074932
1.1353540339462471 0.7186477531369868
0.6365124023140355 1.1110656707918611
1.1743641841079597 1.1752742980222928
1.6387371120672891 1.2927138403008527
0.957365340427879 0.9874204307518752
0.8655455993417837 1.0884287205114007
33053.27535156043 1.0550370038804875
0.18437276590574148 0.4844523497427366
0.6418580320385421 0.9913770388314513
0.7016181289537025 1.1259205489580277
0.14846279663583686 0.23439712564420695
0.17980058148067893 0.15157508943904482
975.8513490665002 0.0789642406490691
0.6325851492846741 1.2928729869932938
0.4203249861662009 0.7504639072287936
0.3343111366491812 0.4605955227572035
0.25907795766863534 0.13665561652758526
0.31824337833191474 0.0874106481066055
0.5125930446489704 0.8294996694273971
0.8362187510999941 1.2348765938904778
0.2176637704664185 0.15503464383741836
1.2006377349012607 1.2211430120303686
1.1824623586297196 0.9763237988937112
1.03778395446555 1.0698483929460783
0.8730928571674399 1.2601757534600144
1.267745611465866 1.4660625279652466
0.6158605901224681 1.1026344279816056
0.6265654096626313 1.1870577986380892
0.7047732972919138 1.177782098194222
1.6907948502383987 1.0738199576471372
1.3013773611608412 1.0920697354815232
0.1853763929177788 0.4685879956924026
0.22787745799977174 0.4460491594210003
0.48993447083362407 0.7505013344266881
1.0132250448102087 1.1911961852830761
0.22026793063470418 0.4336256674487794
0.21814170318841442 0.3611255121825989
0.19785480258455124 0.24430790191509652
0.39815559788660093 0.6655730001423913
0.20255798231921085 0.15754076477585685
0.34807652980036463 0.11781504188556666
0.4557466685692134 0.3735830592168128
0.19119592805321317 0.306113317959157
0.2555650451709794 0.21224658165736238
0.47873627946497144 0.6893525666169728
0.32924274346079463 0.526406566682074
0.26662479450981297 0.11095352042563406
0.8848790078223404 0.707080136647039
1.190935225886813 0.8074122209269092
0.13571660854914455 0.3509619431647979
0.3437602822942235 0.32790053739846314
0.20583055981453285 0.31303087182223294
0.23452086079170592 0.10765153317846454
0.4636089563006174 0.27324636949697145
0.1756252132713243 0.15964395578078694
0.6008784248592463 0.5001538614239585
0.14673244372262267 0.2781971438666365
0.13507415402717315 0.20517835637377635
0.7305184289937313 0.2733238022784318
0.27078759622148296 0.2492354636157131
0.22788007178335645 0.2551571450296244
0.6276413365983274 0.29801847521198754
0.12269660580657982 0.19547772843332323
0.1370288137181875 0.1441621796593939
0.15072682663123568 0.13405165226678306
0.326779606351581 0.10468061595776862
0.12609839790558802 0.11363980258592259
0.18687840584126436 0.09776179927639009
17.521678833940733 0.07815041633077303
0.45552608358925867 1.1884170049553626
0.7229501348094427 1.1077303779357137
1.0012118660487201 1.085109072402936
1.4941259772596338 1.306528012361516
0.5989230951541152 1.3633896646410533
1.2454961937422047 0.5638818361626062
1.1470587641291237 1.5417579424022527
1.0706065200008585 1.4665426224598535
0.5440542507906578 0.7200292762495768
0.6821156752244668 1.0618034551185969
0.4506431030918965 0.7120036237925969
1.0431672309452307 0.6411986317075076
0.3185407502326465 0.5883420031392278
1.1620294582230977 0.7179083998642877
0.5477817000536181 0.5656489181271069
0.5259150760331077 0.3820214445302727
0.5412231261910927 1.1297042959234616
0.9165859844278414 1.2073623708653731
0.551271135789498 1.0135755896893728
0.6171493682491462 0.7478999108981789
0.6372670166106376 1.1113250654315274
1.2213614417673142 1.163758961431198
1.1734816192666417 1.1601320153256618
1.0160767372604989 1.0980548740026628
0.5714084443047093 0.36284023977642815
0.5558370447689548 0.40676173842588526
0.415816366426104 0.44574300731388405
4765.712829137659 0.09117001919889195
0.18426042460229808 0.15143573115160824
0.6765612289045823 1.6075001547828631
0.26007933024668206 0.13023680817982236
0.1372652553246944 0.1394373267522134
0.7319062287965122 1.0783472321120542
0.5618225557684704 0.8970587833601142
