39803.285350762686 1.8711280660627518
0.2501653246308174 0.4373602734685997
0.16764185835125056 0.35337575642315866
0.11622427209179567 0.2449654553908039
0.15874236703508712 0.17172897903242657
0.14367929922777356 0.1321581943755199
774.503397826167 0.07899960665920547
0.43713707947805236 0.7070972858567841
0.30305820588070703 0.5514813052535532
0.4556049511256657 0.45011691579595986
0.27195912386270726 0.33530838743824665
0.27865696412523777 0.1810428412640604
0.4392163572092447 0.09781933352785348
0.5306841216082911 0.8219632598099962
0.5328417245338362 1.0079065730292163
0.9002650118031879 0.9144454380436113
1.1694020854729028 0.6526806411910544
0.6553205085981808 1.0664233490840385
1.0553760624876996 1.0868422013759136
1.1419242774361975 0.9699480495314926
0.5118553175498475 1.1547495952412163
0.5213561741061115 0.7238485560580356
0.38665245111992125 0.675940090078077
0.5683857256407574 0.7237164792039561
1.4265650259981935 0.44187298798806307
0.666534196790062 1.1811049397188693
1.969703494990416 1.3249430043041037
0.8214088584111265 1.5112515622141505
1.8620222180095478 1.5478160395924756
0.5318461485735733 1.075177873572713
0.628249003485473 1.0516032686006527
0.7341381086289764 1.05658435690619
1.200941432911364 1.2764546630698876
0.6646869700815736 1.0747991604640381
1.1020248717658165 1.0485831491709112
2.0725577683265954 1.090374426483657
1.0105711964455302 1.0832439358642154
0.19385191989915773 0.4524785719143476
0.33904156815115327 0.7078674909936742
0.2071111719097544 0.2570209586861056
0.8547172085706551 0.6427996544105268
0.22660030297627082 0.43289468012578064
0.17330730858855548 0.31581902452013105
0.1790383462007846 0.2230071071709185
0.3932142630695772 0.1546988315980121
0.2955784464897233 0.5165481176453546
0.5013421972438047 0.5962717843535819
0.22550749163453765 0.1672410954238727
0.26542932454537066 0.11997348761919643
0.5760315509256968 0.6396676451039501
1.0214860079033348 0.5274896374049447
0.38907033068178315 0.5200037967823617
0.1917014744532965 0.2330466486474056
0.20860229182709156 0.15980236334214803
0.2392134688910945 0.09507599591687305
0.4381717252118916 0.7221836233644557
1.621531215699064 1.0328565285168745
1.5986672588811799 0.9287550191230933
0.4369383205115419 0.8110832605268651
0.874904889519682 0.8888803500382876
1.1540825130210242 0.8480301570421959
1.8367901889005696 0.9833840223293979
0.12450607052853602 0.3166597736190287
0.15628352021980219 0.26255155244579387
0.39660263106702387 0.47371854836212157
1.1293946994281832 0.530039385101202
0.21648564608587723 0.3849910085031752
0.13507165498651227 0.2383567493453843
0.2317894284156481 0.35196382471552656
0.4416974049854321 0.30525220986507584
0.7612455493631655 0.5097927664917548
0.2726200520301554 0.37626342078183994
0.2653323720755225 0.39784926049672453
0.21008157687511805 0.15542656338555505
0.24416880373235006 0.09977397030016572
0.5099967830793862 0.5330494242417185
0.5744046577983828 0.5754311369619327
1.373681085590921 0.8101726304337257
0.13767608690948785 0.24330792023249492
0.13551933121380233 0.1846917977274081
0.2852991723559356 0.1805289578717944
0.14685386394018446 0.2297846688827314
0.1596261738471228 0.16870288320046817
0.24048133673933886 0.20354812318632276
0.2574888002653952 0.30919279101801067
0.2812083376399257 0.22500933448222477
0.815826944987645 0.5166412519950498
0.1412761820659591 0.16915909098305276
0.14021028621199594 0.1398776230948365
0.7475497515143459 0.2226845186813135
0.14213136411197153 0.1378720633828328
0.4237200794999419 0.1304432875078574
0.28445160201705355 0.22330063042495554
0.13915376840864324 0.12126220088142062
0.22307538752384973 0.11096352737715914
0.19648162469926228 0.09769227751600687
15.836897780040747 0.07836035531101987
0.5479880130689252 1.1556939084590128
0.5126439601414898 1.0836807232602175
0.6282098610142213 0.8042444780179154
1.1711049039749972 1.1044271546105402
1.4809891155457588 0.7690975019676323
0.6408089020121766 1.284257543588787
0.6265195961770662 0.85073199755347
1.0684380407513694 0.8767617817912874
1.6401382343344508 1.8807557408686977
0.8760615334358783 1.5320567779110574
0.7834552930331321 0.7006403382183868
1.120259860326861 0.6522163570045615
2.095199701907567 2.035767348456046
1.3378595073990105 1.7735422153184561
0.39185297201309666 0.6121279610056929
1.7813222827922108 0.8151132938254604
0.53692727556292 0.7570870107030617
0.22919862541757613 0.17966582351358035
0.3674663215178132 0.6164786425855371
0.7182243265259214 0.5299209126608215
0.3130734510492119 0.4530440366822777
0.8887398987807521 0.4978579155479782
1.4596203257824005 0.6710402002086063
0.7088994232158574 0.2890846755008524
1.7884827344865337 0.2766856949081481
0.531049678399421 1.080080415137822
0.668676038692297 1.0779673656395818
1.7959107383232797 1.0580205431357825
0.7677529954657063 1.2029094427032065
1.7315882316526299 1.0767817465563607
1.6668464089777073 0.9144433847149425
1.3431340461785846 1.3111773746797004
0.8708472285134965 1.409045834715896
0.7582313824669359 0.7517571335929952
0.6350884332981067 1.081935722285012
1.8974964657745221 1.081462031974983
1.1178611946783072 1.1915433275650824
1.1957723931008184 1.286932270704288
1.210428832372544 1.1128871721571918
40675.51723078761 0.9362131335762727
0.35362241707912406 0.7046938113776973
0.1861020660053178 0.3603035660719902
0.14646081958415144 0.27113901769246773
0.15894145316476535 0.17238689878769792
0.16051645584618135 0.1256462185420495
780.1061900807296 0.0790459792358495
0.44256487763140073 0.7535034904228843
0.31548170854615765 0.5504737783934974
0.4735584082169836 0.7097921880079001
0.2990208439188181 0.36682541547323444
0.34744734818711287 0.21758533791490117
0.6430784012904094 0.14956103470089013
0.5308034764331846 0.819987175362008
0.6176400069904742 1.0485339248126184
0.9459728279926722 1.0128036163115848
1.482390146291599 0.7942487175141768
0.6553510142902141 1.0664115115699704
1.2560928151801545 1.1340036236147144
0.5142995158226189 1.1547269976812446
0.5267071081277767 0.8191394816584332
0.4055915961285652 0.6837104634945207
0.8178517002946113 0.7299617796802914
1.808612414424534 0.9244574376128605
0.675002245780507 1.1390641249305202
0.8744183724715329 1.5427551331509142
0.5441235432202447 1.0667668421198004
0.7278740927577609 1.080198172142306
0.8254206457746005 1.1177074244839613
0.6696780801520179 1.0856489210068765
1.232433074465726 1.081589663369066
1.0310515379915848 1.1134685772389576
0.1962139911704623 0.4494633878883886
0.4020791822805444 0.670514564616418
0.21445428102504444 0.2944912535700123
1.2442208498761316 0.9210136766919913
0.2623243012109326 0.5587562681854643
0.18244008174460777 0.3158756062997798
0.1825404716106097 0.21586438120749799
0.34890255375264123 0.5031494316570846
0.5052427826173355 0.6145474093199877
0.22607262676725248 0.16544653358731184
0.29244739371082307 0.09725071431324864
0.8308247116143387 0.8671646240026696
0.9735103517128971 1.30338007996005
0.20885936160984153 0.2478033171600474
0.21061576041112573 0.15793091660119496
0.24048055571166105 0.11199020895612695
0.4597395605351548 0.7489182019256124
0.46446691302791104 0.7959389181197308
0.9423425552374911 0.9676458244064507
1.159547013534245 0.8473171844677919
0.15131299434912412 0.32586094889713557
0.16264676132908823 0.2620623311876495
0.8969499722595873 0.7455011783961369
1.5390386077761318 0.9067581722532924
0.23697619566074335 0.27527060742190956
0.18560123652030253 0.21864631171877158
0.23785757437489446 0.3545110250045068
0.7625230185907765 0.5126780460703304
0.27295846987708916 0.376159081671285
0.3101340155240648 0.3849275912343055
0.211015739868601 0.1501080017540034
0.24510720114054482 0.09833717994857488
0.5858467401204289 0.5026697419630508
0.5826466424407346 0.5834133982332805
0.13873710335373468 0.22586649027841812
0.14853688146926902 0.17478049177799826
0.4021198936815008 0.27674916921317955
0.1672976716477203 0.21683166106777396
0.16112743876039337 0.16901083789391685
0.33206965121349596 0.1971498426887929
0.26574593853363115 0.3125245724315266
0.4108991052275689 0.3096192371466141
0.8743538095551349 0.5712637941495344
0.16480433878334685 0.2034675409398037
0.15840820938806116 0.12610119091299554
0.8601290294703547 0.2323423470450398
0.1426904908276289 0.13225574978820964
0.688058768999946 0.16958108482904183
0.29130226697541267 0.225903776137117
0.1488287459373021 0.13946857990919587
0.2424676981027527 0.11322265893868538
18.317891771821067 0.07836681386361571
0.5940452181860928 1.1721416890911402
0.5202635711436384 0.8103771265195266
0.6287141529154692 0.8228603205507133
1.1776340750793146 1.0964458715114587
0.6958812803831385 1.380600952214858
0.8636899431573388 1.1714861203908429
0.8876022706359199 1.5251294747027075
0.9156002124596181 0.6716643517489342
1.435550987133459 0.723518140590543
1.36389047099289 1.7734826103432342
0.4438773580385059 0.5912015105492443
0.5869007605574784 0.7189035512023554
0.9711534257853626 0.5948968305003588
0.5356564903806866 0.6118773844932563
0.831752543756102 0.5127888959380558
0.378316629798748 0.33965838110876445
1.344044945524404 0.461028807493036
0.764465516839305 0.3706936818116028
0.5701902514866127 1.1153271637259943
0.6819240695268953 1.084679342154273
0.9394804263215959 1.2532103398532084
1.469484546534535 1.257148675529026
0.8773035729649331 1.4100174859944212
0.6841898214910174 1.0884140153993613
1.3508623492853733 1.1654593155977162
1.3178749453692258 1.2797364287599842
1.4152727344721954 1.1241014740763435
56322.229186463235 2.09927615347447
0.36119361331521843 0.7498981542721896
0.23743916827471248 0.40869554317775847
0.14835357561066817 0.2685570876914981
0.16626762715762666 0.16584416221713827
0.16715167890491966 0.12105365948324404
817.1262297298002 0.07909553070416825
0.5076195040457895 0.7809461534096009
0.3508038088073488 0.6251642605637384
0.4989446436381628 0.7904252536203655
0.31988714178936256 0.4122532954945069
0.4108546524512477 0.2078971518842813
0.7212142197439992 0.15052767878238757
0.5309063002632253 0.8223512081142756
0.6206057037149105 1.0483942317554318
0.9502565758005854 0.9516578220582192
0.7345738983576275 1.0700256675653828
1.3018001685849632 1.1382759683640924
0.5180157181070635 1.1652759224533988
0.541859611363095 1.0662578865368852
0.4234198207730206 0.6800093773631397
0.8692315744845762 1.0021638705851115
1.8286907802380519 0.9385586019392009
0.7412260187415506 1.3107697942490355
0.900225908753143 1.508580936438096
0.5482861564228702 1.1077444338857712
0.9197127624915546 1.1287442024516396
0.8335643102013601 1.2435399346622076
0.6954813295115062 1.0667892953652864
1.2656277979979618 1.0155053655755995
1.0656138231919663 1.1215293351717397
0.20174146926467892 0.44904896004326644
0.43449537272680294 0.7607693637399225
0.21643218761220645 0.25695155368309125
0.262594967291841 0.5586989984706103
0.18319289056325117 0.312869957998399
0.1868350100323054 0.2218626957373798
0.3647567420613087 0.5614460708035237
0.5656919733961551 0.5764065176063293
0.230257861133493 0.16542160032173822
0.29276761578743493 0.09720531820933451
0.8577723526675884 0.720639534788449
0.21568762278809045 0.2556376682800725
0.21070586906283084 0.16255418780055375
0.242735929464519 0.09982211521442014
0.4663537667234944 0.763446165919173
0.5398541851209118 0.7931713659989801
1.0343249475105378 0.9999640271470084
1.2723017862273123 0.8564972321843588
0.183502225615672 0.28480432150495316
0.1644472431261274 0.28596663384950877
1.6409414124700503 0.9470248346184231
0.2373747070616334 0.3230159172623211
0.21475088540581452 0.20264478074014947
0.26320384048836526 0.36823192814355976
0.8133316117266629 0.5201833164357574
0.3263178276528199 0.48466473242491726
0.3114845373511494 0.3424993131858852
0.21120015715885818 0.14969186944861357
0.24701387782339435 0.10380900891888423
1.0726993570497652 0.6938749918032421
0.6854859858516005 0.7071696099551119
0.1468070648816012 0.24163168041464728
0.1498755488536845 0.17475157911712916
0.41007693368830433 0.25374815795404004
0.19864807383758337 0.24525105666903807
0.16172986716483706 0.16895260020540454
0.4920117090028219 0.18827005980189687
0.3276413304605944 0.40711541343156377
0.4321494068293617 0.33365139713343905
0.17518774536158094 0.2314544770092264
0.16284300057229756 0.12816936435759688
1.0226468033590783 0.2265999371887955
0.14609952144381985 0.13104800185218143
0.7004829918943386 0.1664101307622642
0.3004567946851251 0.23221124847878152
0.15255325384870858 0.1474027750518107
53.61818823632431 0.07844961456585954
0.6285111022495035 1.1484008895542726
0.520447157479591 0.8511924313586199
0.6289261529480105 0.8223241907155135
0.7598582739188863 1.454516730526589
1.0615422020261773 1.0860712410981646
0.9339046376220598 1.4857281212149216
1.388628744179262 1.7262686031426302
0.6134251952883829 0.718794312055149
0.5693842945849306 0.560760629711461
0.8471346816550355 0.5997685176871776
0.6150831795821017 0.5259537768717912
0.5733219437219771 1.0836036071009496
0.7237130583382151 1.0846918530377174
0.9649817866324963 1.2253218182893444
1.636489509260381 1.287489255186114
0.8783478378343608 1.4031929099786682
0.7851739559849398 1.1253968380281716
1.3614695496286733 1.1647266240955716
1.629549723731712 1.285105185945476
1.4649315703829755 1.0926335784577121
59070.073371291845 2.07768440665272
0.3681255745488087 0.8980289526678198
0.3894250664401608 0.6927066648146074
0.15460044367417408 0.2715184755510581
0.1672933329871419 0.1659377754463337
0.17344762743779998 0.12102116764314497
824.0597926486666 0.07921199934813455
0.557423460279107 0.9229902193073105
0.35713247912679397 0.6323408004519694
0.5036718267804354 0.802718859544227
0.35132513593474934 0.4104970433761452
0.4171239397446183 0.27465574636116163
0.864671769076022 0.1453099541866079
0.610387205279536 0.9036424380226991
0.6211919351383812 1.0560384477013545
1.031444103427368 1.1484253921798073
0.8241345074722629 0.9817852915120306
1.3253597084874786 1.250987161553674
0.5210994214215763 1.1687607774344224
0.5543115900384235 0.9152335677198717
0.4292919857808807 0.6826000988148193
0.9462459618234231 1.0762748167503615
0.976845297617349 1.4353022067339567
0.9258664181144752 1.4971404886198014
0.5568111252848823 1.084574577157302
0.8583004312084743 1.1578170435541555
0.775518709954672 1.102716163343396
1.4474285484042126 1.104581356034953
1.2141005462278844 1.0527134534254114
0.20223739043288375 0.3918126626761742
0.5609114686490375 0.7647467563338455
0.22810966311466258 0.3105850657937141
0.29557770437076897 0.5954121016641332
0.1833152150831993 0.3010313527292941
0.19045195191427822 0.22221064026948129
0.390613795883876 0.444565566423039
0.6569897516080274 0.706766785028067
0.7434497206792641 0.5275284030299627
0.3017893049045881 0.11879481990043625
0.9141636921460583 0.6197115219872491
0.28549570357058696 0.34812516444536046
0.213601441827185 0.15929037948807273
0.24350485784166404 0.1020348643846275
0.6414964510019548 0.585706410183733
0.5593877331011508 0.6993699949932081
1.1223250078981026 0.873931915411426
0.22808348978962778 0.36849294073308675
0.16623768177702733 0.28830554876387343
0.27463531518506556 0.3437998022538892
0.31100156760493536 0.3141698101110235
0.8612334561725499 0.5423571054507461
0.3326107374833319 0.4865286422787328
0.39206797751751543 0.374528724170769
0.21126989277816755 0.15085667189060714
0.24827679324533344 0.10306400359964263
0.801339903803183 0.7778206528596595
0.17065462328848777 0.27140301507026554
0.18567949728114336 0.18859510416281583
0.42673777703499166 0.26758126379163016
0.2093045026249516 0.2598748986065043
0.21607231867451623 0.19781623338207172
0.5416180964584485 0.3003980725463236
0.42313537385508315 0.37840144782632285
0.5915129173140629 0.3351337774164338
0.19012041762047918 0.22938356009457733
0.18670320481325753 0.17169278264148957
1.2622986778479053 0.19607733822448098
0.17849842057170454 0.17029784480501634
0.41024235140895354 0.28109654288859165
0.15905868891630265 0.15100473090950522
61.80641805958061 0.07837173222137991
0.6300477087569225 1.146438823823172
0.6357099608726368 1.1760585662494047
0.6475264121197213 0.8028103649311629
0.7801425403035596 1.4851014135700251
0.9604402809282899 1.5978580409933767
1.4875274497978328 1.8070730895292717
0.6136035231392862 0.722878416452897
0.8821661311638361 0.6002197829425706
0.576042672764023 1.0844790890980933
1.0769012191776757 1.085173925407386
1.0328608457618143 1.2423451587520076
1.0135784794569256 1.4311769405274657
0.7858827102081517 1.1246640247206152
1.6632729064233276 1.275177838295234
0.9039123441873018 1.4780015600020229
1.4667551749342498 0.6510237706771496
0.7393780919710911 0.2306444820036858
0.9358239573451732 0.6116010295484977
0.6300616719175982 0.7085756850660042
0.6515056688772014 1.1437168103928643
1.300394477347664 1.2192848397302782
1.179522279338416 0.7998067369794317
0.4139464297685991 0.2901049616358704
0.4926113857752314 0.6385271290893316
0.5615231637406801 0.7138931686443911
0.7227604181771006 1.0983263455849477
1.376625625761517 1.162743607226961
1.132218392125924 1.4370086229726966
824.9625529947301 0.07921660715507456
0.8750294320164786 1.2556380303180088
1.140159167789275 1.5579135541897042
0.573694794246473 0.38900519480121093
0.5772320076563233 1.0779517796632567
1.2292478082358511 1.3158924070154703
0.927102512275916 1.5046069685876486
0.1792781395076754 0.170496864712415
0.6648325034837765 1.0817965186668266
0.44461144596523355 0.645686907164756
1099.5721592010893 0.07974073828471898
0.7513624932892854 0.5202164918289982
1.3263469854163517 1.0109263004353988
1.0782912205314334 1.3553581988270966
0.59312784587943 0.2826290769437969
0.21609133515108575 0.1590201499593179
0.4476139077593855 0.5717624868356348
0.6174112041496904 0.7936744297185396
