21351.763211827332 2.219504614703299
0.26646927150677757 0.42811061388959887
0.14798300042134171 0.3530476136265218
0.1392798091700509 0.2603669127027706
0.12703759879856374 0.18274764847607605
0.17623899743582527 0.1525391820786403
81.58497434153729 0.07838265855250265
0.5179500329518936 1.1032602869153723
0.584691679562438 0.9834020231132228
0.4724802045283555 0.6545921341808066
0.22397070629563126 0.17878564761267288
0.20806022964137066 0.15217534925837353
0.6597046333053804 1.1534779944708227
0.6974164269935068 0.9572023689687879
0.864980623934539 0.9690140677850252
0.8504841692382572 1.042157245287715
1.2978891153879681 0.947008439712132
1.3764958858421954 1.0141303782713658
0.6071526811282147 1.1481702715827975
0.5034735082620143 0.6917602841634356
0.45781593536054305 0.6067074122780902
0.5834088724651129 0.4903659606654516
0.2505433980498648 0.1734410802164218
0.28299898903760373 0.09372857359953851
0.8124304441410666 1.2921321750887171
1.3395381912057052 1.5021566248216018
1.117041582409251 1.3614583882457612
1.839012116098629 1.7312823766600194
0.6422380040746865 1.1166537660884313
0.5928748319486145 1.0480825111869405
1.2779763858700348 1.197920699511736
1.4185935351931693 1.348785741710835
0.8155893813282613 1.1147482187312359
1.442141640365867 1.1230677508535682
0.2527417568799333 0.46992895052288286
0.28873027719085054 0.3773236988158935
0.24164347646873996 0.28836532578113094
0.254498967401861 0.24951847994439613
0.3542785689307012 0.5297975753169213
0.24595281770124136 0.36734523887078424
0.19548388362541697 0.23995680088941393
0.25665199068874234 0.10422737801878282
0.5023571312660404 0.5632349282769784
1.0350574173620457 0.6590187480413062
0.8212743303030785 0.8109400035809946
0.4909054568146446 0.6663229590270706
0.4433416990783219 0.5925738131629619
0.1981025887369206 0.16901092284797364
0.2494140400991355 0.1049202255405276
1.0352458840455683 0.9991076985791618
0.6779035080024086 0.9317812500894629
0.9994949791681377 0.8591344967300891
1.0303696611361848 1.0794048919456123
0.17814424704763268 0.39862526286831707
0.20659773140953225 0.3461086607127073
0.37388337009872363 0.32942546488767793
0.5485830696316099 0.2532792225266782
0.22051271309060438 0.3449381689163886
0.18283640141014706 0.24774730161393166
0.20709025842086048 0.16534970759127937
0.27251106173925665 0.10302955359321433
0.4033372100956567 0.38379201128027385
0.7773096650596418 0.5156636436112871
1.1002148608006417 0.6361393672759679
0.6344162100789222 0.6239856378483273
0.4620256473666191 0.5405290625502448
0.8687472448313374 0.2114097715754379
0.7346133939864239 0.7542288448747188
1.305497380752086 0.7437997975964985
0.8033156271668912 0.7101887022024388
0.3020495953792863 0.35600148847386687
0.20400022315953886 0.24392530354459135
0.22583261605540209 0.1715040540193337
0.2646291995879193 0.21291135345913373
0.20158043410916476 0.16466594058759867
0.4562285215552241 0.29467904962764857
0.43020821556966826 0.4946990297708804
0.5798884246857685 0.372426893900733
0.30376213280959974 0.10635482341461455
1.2974588967650766 0.7179331903055168
0.15248734770576505 0.21882391680969907
0.2501809337206839 0.19596544520695047
1.2563607782905895 0.19043337097138058
0.24955832668439765 0.1848745559361392
0.619504755315015 0.35028432775690893
0.19468552195833916 0.16081178281652156
0.26921573079963634 0.104826215898747
0.30551317863595817 0.123963804050386
21.192656136263135 0.07824286352560902
0.5389229534406094 1.1011447038434192
0.7122773720194797 1.1163071951160328
0.6129610583168685 0.696477115840096
1.047106942070588 0.7354317071766815
0.8386995295766515 1.3352177815209445
1.0782793140126674 1.3139120063527416
1.0259030516765457 1.4124719760986295
0.9313412322247685 1.699442621857431
1.291619168588114 1.4284594455212645
1.0128127724042062 0.8138554187884637
1.0770236158038942 0.5928514607582265
0.637070395137618 0.8816873344105862
1.7729131422188367 0.8209391825430639
0.5505423039675708 0.741216910265174
0.8921051839907588 0.8484692082896851
1.508873391205864 0.7257857247431501
1.7369149191115394 0.8109816379621922
0.9459199772490157 0.5037552028573252
0.5962342358492472 1.1089604933292168
1.1215263788499894 1.1065871322995293
2.018670382436085 1.04987774116918
0.9014031810116953 1.1745964224534056
0.9354762621996447 1.3196493883668459
0.8422665263650072 1.0574284047540594
1.1310847575691256 1.0241066470945577
1.9718698012543128 0.8208782463935024
0.7316486410774616 1.1698356837521617
1.3180727843752562 1.082423361568628
1.5519292230068884 1.3204558016988006
1.2670310721876807 1.1136587607021056
22130.13450080242 1.5244601622309841
0.2740568218509754 0.4865001038948019
0.2523576812631384 0.39472144576598567
0.142954032688945 0.26256197526619723
0.12922610631273243 0.20169829214589718
0.2089453490675332 0.16669777310512993
82.98834549564323 0.078385436660662
0.5209230097032617 1.127568621577188
0.5882830928975534 0.7593392135334474
0.5885564974894844 0.8600988492445952
0.37269212056954726 0.425303495671681
0.24576235438378358 0.18308363796066554
0.6799123052208006 1.0988212070031014
0.7296442787908358 0.957564080690743
1.0541842629517595 1.0120960141898858
0.8759809762636825 1.0807874629573495
1.3259237123212615 0.9699683743843676
0.6164103492388748 1.1440174213138063
0.6760932449907994 1.0866395644582032
0.46055474368837096 0.6072276266411316
0.29897713157287176 0.19306940673787606
0.31731706557059003 0.11223360591172127
0.8642740972756203 1.3295775825214944
1.2560985380436014 1.364348468935141
2.1102864711303915 1.823043206794312
0.6998296677634712 1.1563182209516802
0.7366774803068606 1.0757907665575475
1.6651245470401093 1.3871032416711109
0.9629744544483444 1.0678292810127967
1.5458815996015594 1.1449517050391682
0.271588372756369 0.4616056713178321
0.28901003678776893 0.36407579055787975
0.24438428304431606 0.2709478520623537
0.4104233675571428 0.3593372388037542
0.4195344486150554 0.7220296387096943
0.6196508011663826 0.6542226047775498
0.2006933985755912 0.24885381869654616
0.2599355669694018 0.11325129726890483
0.5274587269896851 0.6830404491066369
0.8664675300514768 0.7402996660483213
0.4924089598738669 0.6687100774476626
0.1989250449293372 0.17011025813014857
0.2507188129497329 0.10656679307381425
0.7569065976515953 1.0203040923858961
1.062442048296979 0.941819607148722
0.1782097022320861 0.39858835188925434
0.2409497578706215 0.33401483418110217
0.41463285520189463 0.275517033594107
1.2791628526095935 0.5659066936528934
0.22226374143724506 0.34474010505499564
0.20204650170309812 0.24009401066099195
0.20788708204351142 0.16754675401303595
0.27285756202148903 0.11165109524613405
0.4213905317758089 0.37898374849171845
0.866826508211237 0.5413445059427926
1.1261804720986965 0.648032143451376
0.576458457634176 0.5665731541436061
0.8150549454465836 0.8148959799397286
0.3163802667319658 0.3558837598635547
0.25091300389712323 0.2656897577083403
0.23434593600158005 0.16417408235051692
0.2694536680012328 0.2701568824502908
0.20335235863775952 0.17215088788906144
0.4577161588946813 0.29467843379133485
0.5844017745188176 0.5629535684426559
0.7098633610778546 0.31641917037149725
0.3038012981313605 0.1063332920681126
0.2017503679931393 0.2446939919496194
0.2505501554843024 0.19603016235815868
0.2904492385558256 0.21985682394547967
0.6207673490478942 0.38184721709778113
0.196952550718685 0.1617065755587653
0.27326130125582304 0.10422222540901854
0.3058075182694544 0.12411293315269202
21.897513277495076 0.07824483636681806
0.5599074232739223 1.1516366312583042
0.7339334721792452 1.1056380107636934
1.0597921099412342 1.1846479701941033
1.0474543918809862 0.9602890377043776
0.9151856247330601 1.3932097714105642
1.1893562825663486 1.4294159977502363
0.9471678943383364 1.3986000087056631
0.6372978387777419 0.8486355354150754
0.5760126599191321 0.7310128567876908
1.5438088382258952 0.7257855572484784
1.7592543165375898 0.828163124563898
1.433722954690574 0.737758966358796
0.6338000642720549 1.1386963852397274
1.1270169029708283 1.1085859080056215
2.1064972778554143 1.065389019454214
1.107513422744324 1.2566700942932079
1.073742504324387 1.4466157560099402
0.9501080189633093 1.0241404697219119
1.1472872139527035 1.0443313196471025
0.8452269437239189 1.0981504969434122
1.454389024226502 1.1036794937500642
22305.876868639007 2.2194507461131217
0.33097343837948834 0.6277001454852367
0.442587945616269 0.5655601295210673
0.14457330627326215 0.262901018244461
0.1469312664152214 0.1996643008531069
0.2409339657753196 0.18031601382715376
368.6224199312301 0.07900414791775723
0.5217178333574524 1.090365597334721
0.5899112254335412 0.7562080930497914
0.5920224398304913 0.8441988499482268
0.45441542364624743 0.4579670494237995
0.24889771263212673 0.1838447687745382
0.7210811919109275 0.9629706844930472
0.7651937036167089 0.9712468776612219
0.903054824115057 0.9386600364233744
0.6266322018651106 1.154651515436111
0.6855600244541813 0.8872347227534347
0.48495928192921933 0.7482279373253489
0.3125232476799986 0.19814073048578523
0.8727250682498155 1.3484343100716796
1.2950093457181455 1.4856626011308027
0.7112034245628662 1.0308826398983801
0.7560755139034008 1.0711960230917967
2.054847531683342 1.3950331408257048
0.9848455269306722 1.0432299398569804
0.2724301986827161 0.46245726987271873
0.2921438045570873 0.384529575882953
0.24483006514917602 0.2685224881705262
0.4107704002989694 0.3598823479694332
0.5307380906603576 0.6921525617846334
0.8008011335475571 0.7424839233280843
0.20095500447458484 0.2469791298277767
0.2720922744654595 0.11224749875644754
0.5340131308156626 0.6908338311481533
1.0878798236179192 0.7885903313711778
0.49462961708631215 0.7463228544234768
0.20030932465913143 0.17056797422408587
0.25090306245400545 0.1035148410056902
0.7760094339957988 0.9230525261294575
1.21268681402817 1.055642757519505
0.22764818736972134 0.39303115427974417
0.2811243589937321 0.3886714421344311
0.4324917766992855 0.3707264462944001
1.2900268216495476 0.5619980782599414
0.2238203146120003 0.3521739931852178
0.6034656985400253 0.4590745433270876
0.21169941526693561 0.17546913944706993
0.2736245860073694 0.11137358705978674
0.493246068424247 0.45022205134518256
1.0749106164639033 0.45611947178570444
0.3332346016386491 0.35884256690306826
0.2578875406758297 0.22240208084629726
0.2456999874149854 0.15708726252661656
0.2977411634968264 0.23085065869093707
0.20384849531102409 0.17008680172044183
0.6138695318717017 0.41074503523276834
0.7315605318268728 0.3153405688019548
0.3068854431490502 0.1089674098479958
0.2111620437828473 0.24278509413848198
0.25093536458520294 0.19371289806058917
0.5053410512426083 0.27979066333243796
0.6219310700376022 0.3834790581383727
0.19763856438540844 0.16106256518174264
0.2760342012424126 0.10505105680722739
0.3179100996683996 0.12782766309702787
25.672034080922177 0.07825277641127781
0.630609104540142 1.238509378281027
0.8105844979492931 1.142529744636128
1.2271404918931625 1.0900430189123362
1.1305106585534064 1.0799441011011348
0.9488784026163298 1.359718980144675
1.219555959416655 1.4412269695672069
1.1358669175329377 1.5966246734618288
0.8209417726546098 1.024236773059419
0.6151744199052641 0.7411972942757884
1.8478102616860304 0.8655385881027915
0.643197280192693 1.1813083717707322
1.3527939223633778 1.5120302258355032
0.9574273754077185 1.0241200947770643
0.954599352984882 1.09722299886467
1.6539098147195883 1.2383998066622937
22321.550876108624 2.219394551615171
0.3341993954661564 0.6143897366551405
0.4499352980686969 0.5409284724798167
0.17165479234212105 0.27610014034765173
0.15044314077835394 0.20834040274696697
0.242486692182497 0.180971454478773
15096.203163172006 0.11060631939685434
0.5401078596056015 0.8012556302465741
0.6607110059856989 0.8340263771949319
0.6740698567275185 0.73462000395526
0.934735317611675 0.9115671741176525
0.27448498070716837 0.17573462994469094
0.7429573420321004 1.0218304835403478
1.0071461566739883 0.9708193581235077
1.0050458813649747 1.0148666798931585
0.6278683270981061 1.218443945086526
0.7020085902130385 1.0865757698387908
0.5012545131030249 0.6155545367714303
0.8745196033218343 1.3490707560311959
1.3352211304853032 1.5512357789466096
0.7305414839969665 1.0366020570611176
0.8392714856082009 1.0884187397906628
1.0810500317461982 1.1637586103251254
0.2728271477726401 0.4624072058355057
0.36119863000146013 0.462943462688702
0.24740486808468992 0.2713137505789816
0.42172879001831987 0.36008750615147955
0.6196042894474596 0.8304419675528574
0.2621310231540932 0.22042562541972027
0.3087834580805444 0.12515642776786295
0.6023253858007713 0.710170499872204
1.2197153025414236 0.9519685710991636
0.5054814791658633 0.6427443491071009
0.2113688255966436 0.17755318369515194
0.2514642000099514 0.10727776222282714
1.2668732841764616 1.080574690114262
0.2815063932885889 0.46109350063034216
0.5388913830950506 0.5282714049137879
0.49096261727990054 0.43050268384749985
1.302064297803263 0.5619805301053751
0.22404882324344538 0.3539983695357242
0.6488621638585133 0.4515953399772448
0.2129314338038832 0.1722982737886146
0.3272966940059514 0.08060135168265482
1.3227947981193215 0.9947938755030501
0.34747897429933555 0.40318797976534165
0.3088012426987412 0.31274314007257376
0.28306496553053967 0.19701582374427976
0.3830987144848259 0.25356503881962
0.20510235766812057 0.17084094498629204
0.6816339868077692 0.44056767258852686
0.3078668706218978 0.11087001061353521
0.22928039150919813 0.23988165321542537
0.25429745659108777 0.20075475168260684
0.6396102059783457 0.39116527357024355
0.1984574153668441 0.162244471193997
0.2891475717883468 0.10925896115552136
0.3220187103456836 0.12803996913116034
31.925414330850835 0.07825269074276914
0.6519303247740577 1.162585614488775
0.811982211056596 1.1427571825099903
1.3734112765013577 1.115416813748702
1.2435082976454936 0.9733052146270795
0.9496471709120513 1.360729576675847
1.2496268513361974 1.321911800205886
1.1588475549599506 1.6137186707038649
0.6176204826476384 0.7769564079334959
0.6635689070843734 1.101108566464906
1.4035558432254618 1.516408635361327
1.050035670946135 1.0801460020901132
0.9724186213474298 1.0789113160455692
27586.11288880498 1.4747856465897238
0.33980153432497007 0.6342495157454147
0.47855336821033767 0.9023058436829241
0.45453587103423215 0.4368525062936383
0.15055407097537798 0.20834825062847334
0.2598109387399702 0.1180145862930107
35140.09815445403 0.14563981812319057
0.5813424285630955 0.8535918416225106
0.7022121607474746 0.822408347325474
0.7577509377051077 0.764481398238734
0.9378144149788231 1.0438413330827951
1.0189054841664245 1.0986958224461825
0.6290544584819726 1.1482682751464226
0.8178521863900785 1.173089369088392
0.5061670435236915 0.43995496621981056
1.0874201554616794 1.2197862696575061
1.335290600841958 1.5512688327892155
0.7467712487602003 1.0800568754715416
0.9049213328581901 1.0725985165700442
2.2868126046656934 1.9530875600258057
0.2762407678646695 0.4868447243658078
0.6731221916173971 0.8589986693892655
0.25690773420452706 0.2995560445330531
0.4217300049531982 0.3600859613627864
0.8735900670875572 0.9667443297635268
0.44098668853089107 0.4141281862020008
1.03973965727234 1.3703917684400175
0.5103843882429063 0.6913163815789476
0.8522202225217836 0.2237832227997762
0.2717540085622748 0.11930507412514757
0.30069754191421594 0.38987101616373177
0.7145201595193136 0.7689674178943801
0.7328852377726554 0.6248664212592918
1.3808968491781315 0.5190094789589292
0.30637795013211494 0.35063875147714657
0.22794840469691552 0.15010881157146194
0.3766362958707315 0.4719753349641352
0.5806829304978461 0.4955353805503221
0.30946289178640896 0.2168323897949021
0.3834762829135695 0.26661561653172994
0.7076938473525629 0.44749170025359153
0.23424095082508772 0.27280397670498496
0.2561366398560041 0.19399843384055276
0.6461701854630144 0.369890160040959
0.20029425983363955 0.16110448112157907
0.29942705112901036 0.11183981476216621
0.35470274330712737 0.09758613106838351
8724.055054113072 0.08980094102005289
0.6522798698804565 1.161808128643022
1.393656857536013 1.112787988177093
1.2470631277747537 1.0797329966008542
0.9497659029215043 1.3607334155812314
1.2527560180863495 1.3275867579654888
1.1618755853613978 1.6161361785037096
0.7018093599004325 1.093010459486802
1.1856015730526126 0.9958156190197842
1.2389554029283039 1.1338585380507242
1.3378139650970788 1.5031249856020228
0.5402611401250358 0.7973439114914987
0.527564909440035 0.7355202878600613
0.5285067176544415 0.6347457133319159
1.1621268530194522 1.6337196536049219
0.25786626060049495 0.14507920194753363
1.5643625251910398 2.2426113189207117
0.5901089083222479 0.7145861630730317
1.0372234703331524 1.11046755060464
0.7343204595671702 0.6199968684778004
0.2783220738103337 0.4623764351750748
0.8743778209854661 0.9729013691719492
0.7598976270920061 0.8039543915993239
1.4418412205340614 1.1042680966665313
0.9653069287081761 1.1063249618411481
0.3840548079547705 0.45808094201771293
0.982250649679792 1.0334021063518137
0.6669942298760589 0.2820825399024819
1.2831594068662706 1.4104915941568197
0.7218897497830914 1.165479564939643
1.30389848680761 1.3205659877390252
0.6526531204104613 1.1623682600047347
1.148602511688144 1.348457860139618
0.7746760352908939 0.7771714426054965
0.32342605407105585 0.4510496916534054
0.29410687527963286 0.21937952281363882
1.0355659259737005 0.19515498771695158
0.8281666263336118 1.0954473787918886
0.7293842735219124 0.5860318186676972
2.4691035079102557 1.978577271830301
0.6212281425791005 0.09833023247809719
1.365634567016929 1.5367146827303233
0.8392033618747103 0.6590905762894347
1.3173620581886083 1.0534358447366043
1.4276368363734484 1.3500677724127264
1.7330560657386767 0.8566583747169327
36749.51023754473 1.389268052012099
0.773115196941801 0.9285488222351883
