50640.13441808043 1.3051151000951204
0.3349509573485984 0.7881504022828392
0.17967900891223976 0.3234288385571456
0.12498414063023376 0.2543850945090972
0.13282289674286443 0.17825503702373663
0.13882025319551944 0.1440349592672973
161.50897995339946 0.07843224360448942
0.46561955114461 0.8406583575123399
0.26986001028835055 0.5095251477312556
0.17408520853576848 0.29063715717192057
0.14620002257695344 0.20929353534563894
0.2133182246569541 0.18046013374604886
0.5383490191647861 1.1188973002039784
0.6391644001478669 0.8965423817904778
0.93053219324631 0.873573192535124
0.7440649915770847 0.43139754139607717
0.23305304713884234 0.1027796743235588
0.629155865651328 1.0883589588769476
1.107530759082136 1.0121606333003301
0.5474460862838171 1.1686866889446401
0.43861342055613317 0.6603190252309825
0.19475918061219744 0.2660739079027918
0.18785387928457659 0.1840766459535968
0.23501514825597386 0.14947349345129118
0.6623270886150654 1.272432522936758
0.9306610988444255 1.703015184876492
1.7673445156245648 1.5489715111448774
0.5230248546254284 1.0806600158772721
0.7293415631777893 1.0027266773113026
0.7170724486271877 1.2319655058050532
1.3412226537201448 1.264965070646317
0.7167572589958404 1.0995058618975138
1.1832086628553782 1.1710176523424278
2.1061379006922127 1.155066102632142
1.0078232567584264 1.125011237616523
0.45286455733135594 0.8283550400231909
0.2764704256662429 0.5834355101076198
0.7009145993084822 0.911145594486547
0.33847977099381044 0.6563993334570999
0.16665005185021717 0.3444397463375089
0.2642106481884202 0.2544767706953132
1.5730800587512046 0.9539614596933803
0.36849171243465184 0.5981189057064916
1.3895599903491451 0.8351985365291033
0.6373023206550206 0.6675680563638466
1.5115200479426398 0.7850009638669756
0.33178827691806256 0.6803104882374331
0.5309535871524732 0.7600237325855606
0.1791749202884988 0.2461492216596119
0.19499063485245038 0.15548255841208092
0.7431379436896821 0.14020905529929556
0.41326400463491475 0.5398073324652595
0.505656242504145 0.7776040581505754
1.8234325270532468 0.8565923214539457
0.6611309157865733 0.8911984740916616
0.16145908781717344 0.3836575812060304
0.1772413478563844 0.32616075181942855
0.8702080095590307 0.8498123261888593
1.6959615512552306 0.9051344785975934
0.1878933762981186 0.2952748151284764
0.15713987294099774 0.27183098514738013
0.23259410624730803 0.16274342391327717
0.2737453053493135 0.3136693551504478
0.2343751143809057 0.10294321540439964
1.135784950914233 0.6689997154945769
0.22541004267073372 0.4367345748848156
0.3541122878554753 0.4154449070895454
0.19632930279546923 0.17461702424698658
0.42507738521899574 0.4139544945278262
0.46443792153288466 0.5595547354356696
1.2179733881358272 0.7953222339734581
0.12564829845418102 0.25700323176728623
0.18692694398834286 0.26602342833603854
0.16673582984466206 0.26959080808985825
0.15197631134173514 0.17155064771917114
0.2616734672886364 0.21764390777959836
0.29407916408083534 0.10476263844740424
0.26111092635642835 0.2784237487960433
0.2760761549487014 0.11535506228949963
0.4694586629132951 0.3035458352221318
0.8872335753043115 0.5455524682118504
0.17406873057306343 0.17714076344091056
0.22109355157856087 0.18905584539417591
0.26450843206989416 0.10982069144010893
0.20323185391049625 0.15447981945850972
0.3003835106583703 0.1091847377638636
0.7176669967630885 0.19782971167146052
0.3447498514418405 0.2599688605322374
0.15194425417364804 0.14868474582500546
0.2610092850686596 0.10504279363836723
0.8640504936099556 0.16224575521555673
43.33145783579433 0.07853612040148078
0.5560736897642888 1.2950048674274575
0.5615404332986358 1.1041016866177347
0.7675185114138134 1.0769731908987623
1.0464197746194734 1.0806139143252373
0.6076263052548305 1.3610539384877054
0.45995589919636043 0.8833277812756831
0.6152634091934 0.8769719335802209
0.985887257831877 1.7495201990524039
0.7848286430834897 1.6146410581437705
0.6050800371540457 0.7903975914780219
0.5998982397810988 0.60377685978722
1.289639921658842 0.6632471641373423
1.2930292224330524 1.8036330416657804
0.4190189711811898 0.8257487674901618
0.465117950273997 0.6815336833419343
0.5256657468101051 0.528943059759869
0.5705688971012158 0.7015259239337239
1.075725249672065 1.477444385745187
0.23754281166787364 0.10573061789227861
0.32931718553739814 0.5615443372412572
0.4385270185371969 0.6965146664681247
0.7263616001766626 0.7156879779978693
2.139545624836116 0.9973827831809534
0.3285239281807964 0.3929071689947724
2.355109428201425 0.4117516136838264
1.0231322774390441 0.6160026325877539
0.7414274343760148 0.33128957443402934
0.5482115055475902 1.108897054234096
0.5847657550498668 1.07834100858189
1.0534326023206078 1.0793887712366996
1.7699027523840134 1.1057102715247755
0.7875221460449873 1.158145298483538
1.508506377159791 1.0232849376173991
1.1853586473702051 1.3366431260455147
1.2270289352562473 1.4527448634046265
1.5210863407833546 1.6626947711852664
1.2000116965411063 1.025948214175314
0.8207310687595192 0.7479869681480067
1.0684065314126938 0.6730723923752864
0.6105658041276952 1.084383873346883
1.2041965673308128 1.1151913723399343
1.021162310033884 1.2087903395413573
1.134748394456822 1.397742881534303
1.1751553581118572 1.0981209045469993
1.0893830811854255 1.1237685402322373
50675.8331314796 1.3110914796559134
0.34257401421917616 0.6339372014410374
0.18003293683130847 0.3285858393134828
0.14995701775881487 0.2405950169806811
0.13730737566266848 0.17825462558369132
0.19189451273393499 0.11813384811600813
161.97459805585748 0.0785158630004153
0.46564725654710304 0.8402181427488771
0.27752774511087935 0.5048079093277843
0.2158941454688894 0.32261294070841284
0.15307445098860922 0.21217452514653867
0.220426832971068 0.15452278806486472
0.5622316136533281 1.0943039529481982
0.747692031749958 0.7553704799314563
1.0180269048523525 1.003173948913427
2.416287413389794 0.8254281773150685
0.23441068266461557 0.1037895659395077
0.6507399195055723 1.06138292599714
1.1641360146245345 1.0051064208792746
0.5575472026362178 0.9774059319254904
0.4634216247691712 0.7609458738619035
0.19507406813007339 0.2626880930056113
0.9880050817585031 0.8634832795000674
0.6944149637562065 1.3243430453627807
1.2653564479007593 1.743850408581924
1.8007292327059998 1.6361136522821103
0.5318490273571552 1.1290892715806147
0.744734456390493 1.081013063701616
0.7327142289801116 1.2511011343555594
0.7647064764117214 1.0859976246869447
1.3316758122931867 1.2061349000361425
1.207874278732721 1.0175254781067093
0.47688909073444113 0.7731171470805255
0.28058784921758306 0.46211593219200314
0.716515510034788 0.9102718168822306
0.34533571670187135 0.6604126500126808
0.1734960679380993 0.35055797844600034
0.28002237288034454 0.2719981904280806
0.41108522528638736 0.5553744699627503
0.33240835941517394 0.683871382264865
0.5764506079457331 0.6740387710434932
0.18933211721905366 0.253318115600023
0.19838832968403874 0.16435771684967515
0.8678047788062709 0.1379234604033439
0.43952943850320897 0.5558914878571455
0.524809668118265 0.8349400962408726
0.8798168727017868 0.9765080231554887
0.16430991923032373 0.3809811864753724
0.18777444732566856 0.3198237659561363
0.9357349111476606 0.8698988578218048
0.18925665396388136 0.33814403555149614
0.16873636592064978 0.2751121661793703
0.2327460030861038 0.16438585127649707
0.27821079984243924 0.31450392431926566
0.23723660292252444 0.11091283025743899
1.642469371726978 0.7436691881159279
0.2388435507737312 0.45542333378720873
0.3783456650130874 0.3509925120025487
0.19825001663533298 0.17433061672907843
0.42609800525047326 0.41533163909994875
0.4694296474198085 0.5480450262067745
2.24294114791997 0.9247734457656911
0.1324930127219309 0.24840442188397882
0.18696813857786013 0.2660545364643867
0.18776447789883494 0.2326106087513583
0.1526772273414736 0.17197646801070102
0.4920879220122373 0.2124444255216189
0.3032996063539475 0.10738313412404109
0.2662087710825363 0.2720574972756617
0.5845727312463249 0.2981316380697773
1.1729529034211708 0.5991824696379009
0.1755516138368437 0.17592706951019363
0.22484280923749356 0.18637056684202508
0.26468163708080644 0.11005454116033171
0.23584992639788613 0.15424029412599313
0.3065741308976253 0.11003592102229304
1.280100480650559 0.26087000040867947
0.36164622524388623 0.2680647133268432
0.15195799020656908 0.14870703231416713
0.26110204459499453 0.10509340562081708
49.141803914863026 0.07854962741667075
0.5645892465410176 1.1861474486186463
0.6076668812593672 0.8239100636570063
0.7795280621009324 1.0738317708931937
1.0465939610965052 1.0808916811781382
0.6312053763003825 1.28959786916105
0.4739083044469348 0.8926450630792844
0.6945477297277931 0.8907141031623756
1.0004058817585628 1.722010353125538
0.7972708784393819 1.614402236739573
0.6562397212588787 0.7845338789720093
1.3139437774416458 1.862218373459839
0.4207217536242458 0.8293531894383503
0.48773172143232335 0.6413890530168336
0.5622065141175929 0.5678492708558125
0.24219488096177771 0.11826962015628872
0.3377811704441067 0.6476162530796128
0.6207533688020959 0.7015164864039138
1.1893570905714748 0.8522725304912661
0.33105884269817715 0.4175634756658232
0.8529289725465738 0.37687626444370437
0.5483354056029157 1.078463674629672
0.7730696482584967 1.0767528314402952
1.380988218833601 1.0450936358878793
0.8128019958967929 1.2133445441208286
1.395476910552805 1.3358364939554435
1.2274759032306286 1.4526763270869587
1.6991636722581185 1.6141967662906351
1.1519472986901653 1.0273002212022035
1.127248159930908 0.6675700485062481
0.6140632646715027 1.085044306088033
1.2852743293500843 1.1254247986416674
1.2218382594402712 1.1226965044341346
1.1662671468559918 1.3998111050765552
1.3313805415291524 1.013679137402807
1.126891737543954 1.1672258168148006
51500.191414706605 1.3348562187135165
0.35028933774858845 0.6362507773044881
0.1826549414091484 0.327922307534033
0.17228532488675036 0.28058936211120417
0.15940316402083982 0.18550759550777346
0.20394331272363503 0.1254553336198873
171.8036305976176 0.07857397010380113
0.46782642714793765 0.8403194666628087
0.2797551938632227 0.4874093069390627
0.2191440687013483 0.3277037408966204
0.15466798197007156 0.2081170707513761
0.22132344619122524 0.15542200326484765
0.5887135933943058 0.8018895898955649
0.7633284807776917 0.9625021631067522
1.0495444691289548 0.8681800470611892
0.3376426967068511 0.11369846129765174
0.6657092173317689 1.084306926312224
1.4085329446283419 1.3209842072465372
0.7918513869771621 1.767531741499744
0.495501709162416 0.7730763124486519
0.5182292804463132 0.6631015042961408
0.7076819553946687 1.2050334475903306
1.299127266363517 1.7245528982060219
1.8910960113965571 1.6851920644901681
0.5372491877305539 1.0698028300659925
0.7559439977854878 1.1360960105622413
0.8511705836684358 1.094348898657957
0.7904905892266447 1.0840505516722554
1.3454116818398596 1.1442057293313737
1.2116976621854365 1.1313620432342317
0.7593929239659332 1.1469284461765008
0.2976444452668846 0.4891378541227789
0.7168044499027467 1.0605730584812432
0.39040507727399265 0.6990334682352815
0.17442918699357624 0.35444258490938124
0.2977102865723852 0.28066546843178314
0.4165520772833297 0.7470414108094784
0.3941618021779333 0.6073163722345595
0.6244211920759034 0.7711560883044223
0.1944097781152249 0.25550781182372884
0.2008222583737932 0.1636922572278663
0.8680415227605955 0.1391460640213808
0.45562653236227024 0.7787137985163135
0.8680182695575871 1.1821744823843643
0.9226109331379135 0.9535448154784663
0.165952835939799 0.3736017370546854
0.2309557424445189 0.2576471727776913
1.0042972918792454 0.9459635057374756
0.19008514954415273 0.336946791833279
0.20310586972952982 0.27259270071117586
0.2343281675624559 0.17004526699175376
0.28293705259847873 0.3138759053915057
0.32093750280642475 0.10280059075168678
0.24339218513992855 0.4319686005443662
0.19838623652801235 0.17434478347733434
0.7247625048494971 0.6447154501661196
0.48968675109745113 0.634303286667329
2.2525802891614606 0.8074844861180108
0.134584866742172 0.2482680018895915
0.19322271866881208 0.20425148992978465
0.1964778292312926 0.22910357520869823
0.15609474032902448 0.15089520755370237
0.5041686293443987 0.2753671202150546
0.26827794175164776 0.2719980121643536
1.3366485944576187 0.5977810212418777
0.18024816308174918 0.17624440577415665
0.24220228011294814 0.19802732749562335
0.2639272375949261 0.17977025776877475
0.3906880895918117 0.2686993551507678
0.1519958606018041 0.14869412004601212
0.2716724325473589 0.10566851546444453
65.65543940308396 0.0785890273236644
0.5654797619766025 1.2481318485719761
0.6249342744374484 1.103882723574676
1.0751544200725545 1.1103068456130814
1.1258577767992708 1.1053033362054139
0.6349687001171073 1.2967665601518072
0.5017328138752016 0.9218884677188113
0.772466109287196 0.8916704693827531
1.011268529353034 1.651520678838506
0.8531024571039707 1.5208966854783386
0.7457255304744073 0.7405837753125345
1.557714487555042 1.699554912109131
0.42213198906060767 0.7861265598364195
0.4984126558441845 0.6638641365873889
0.7888828587654976 0.5589046062537988
0.2462509835665465 0.10565299862167055
0.3436846638078175 0.5695630529516211
0.9325185647383238 0.7000884209146364
0.3312268069818071 0.41573357256797516
0.8851963589053995 0.5286754202820729
0.5510154694365251 1.154202711440797
0.8327915252422917 1.0758490651857167
1.3824093445559802 1.0716761911775274
0.8211409808172052 1.1412350883845281
1.3514191456522333 1.2973237663219674
2.5498830662315757 1.6120776375550736
1.1413368847745153 0.6982128447050491
0.6345656511815514 1.111796818726636
1.4276513502200214 1.1250792277552564
1.5835922568969631 1.2380437014902492
1.127913239469462 1.1289514055322711
52982.78911972006 1.6940415501660784
0.35313439916915607 0.5760244763557697
0.19024228885894162 0.3184219538983919
0.7097372703005849 1.089706583459002
0.16131430398098467 0.16569234701885388
0.40366526352316523 0.16853825287185553
195.49010704588164 0.07874336762898249
0.4696527350382024 0.836193696674473
0.2810101876043379 0.5062465556436249
0.2223875327451501 0.3276331173956394
0.1630565469009899 0.19238115406379624
0.22341329375075236 0.14212644713346326
0.5982276416654166 0.8053317984874433
1.0752525324541025 1.0030052717321358
0.6697493101134075 1.0152581886218657
0.9000445813822763 2.075987918293364
0.527362562766587 0.7961033906702313
0.5536286347583754 0.6891517874103548
0.7151728864421403 1.2392459708180072
1.3067332424373521 1.6260603119644257
2.218688527011511 1.3941205458958246
0.5600978444540955 1.0547969061212332
0.8357387846592625 1.106345636501946
0.9213422253263235 1.3339411531406997
0.8315598771444818 1.1445760068304032
1.351110733313921 1.228947166709438
1.243210458773707 1.0906114087998087
0.3019119188322854 0.48225124751723625
0.7345518347065793 0.9034850255765027
0.1805229854049701 0.384282586133039
0.3056995470155597 0.3282229273156314
0.4183845040234403 0.715536533931556
0.3988794566965955 0.7936989702885138
0.38264004959948067 0.3162494133231283
0.20097057370477178 0.1641313077066061
0.45658628585037286 0.7787408232718194
1.1157850799603826 1.1590763667530548
0.9713774480042348 0.9017002674856713
0.16892263882741804 0.3497739426938671
0.2316395311334613 0.2576350450922826
1.158361897606432 0.8169636799368252
0.22998266640713094 0.2868687417056601
0.21747037277031625 0.23898167819953975
0.24384383001259147 0.17322618344309904
0.2925333524399697 0.29441083960355036
0.5464331953982948 0.1621279773146132
0.2851574741985199 0.4777087210595165
0.2006160393840123 0.17411266454236782
0.4968183965746299 0.6346883780707211
2.2800348189217354 0.7157161598499275
0.156131877991775 0.2541175325153912
0.19478500319435782 0.19389845943798534
0.20249512330706104 0.2261379744232714
0.16851297506121996 0.18058309688417082
0.9564319605849947 0.37436146343322085
0.2799775477853081 0.268482233030797
1.7262916313804315 0.5981726904336269
0.1998696871052965 0.2472068775579922
0.243543224305981 0.19248578266744287
0.2866401953992384 0.19881390291312806
0.3914746698427073 0.26845730835843573
0.15210700435494873 0.14922618904485369
0.27205421109949546 0.10589616500195514
67.02784438048597 0.0785933021466712
0.5899419338963087 1.1475176779246494
0.658841664583065 1.111576297159169
1.1596360628974143 1.070323648960552
1.6569645850962722 1.2016481294202848
0.6502206646419365 1.2848363706233876
0.5842061603124828 0.9821787362508831
1.2560546333458504 1.6705684319407852
0.8562282294219241 1.5543070802405046
0.8368733612780321 0.8314560256559546
0.42395134441935395 0.7857464263241382
0.5095938143356025 0.6477664578160633
0.34969228032232375 0.5605912130482336
1.0994177358561088 0.7576199835477778
0.35321346915558927 0.4238394259842813
0.9555219079311514 0.5336919727534758
0.5719788309259124 1.154595614351277
0.9338273915460713 1.0795341998367927
1.3953224304764105 1.0451668047784812
1.013413739484968 1.2569725625166213
1.3554873628054325 1.6075751187916878
2.7307915160072636 1.5891214890417316
1.3847463151650212 0.6354055384196761
0.732191433762176 1.1800436700541512
1.4448219660739756 1.1251162770035144
1.1348102958993898 1.0894729079431837
0.16944773617875797 0.22347570288033253
0.20610577895124152 0.18934396818902838
1.5181696915488738 1.295854528266457
1.3368370649134795 1.5982501351383502
0.24909909835159294 0.2355449663264692
0.5404945492533665 1.102736631134293
0.1713112253115232 0.38230747201298904
0.3977211982158955 0.5595174902816702
10100.62218447901 0.09799769236185399
1.4072750339721243 1.776290673092996
0.4349317654646387 0.5231690904478186
0.4400388089088262 0.8126962981097785
0.9210473188119495 1.520894908670487
1.0057320141872963 1.2125936008739238
0.37881011633364836 0.1116587204975026
1.0489621495869963 1.1096630852700498
0.2843540640401301 0.4507030641362641
0.8925111090006448 1.204839251752795
