2.120607642872832 1.0463162278530596
1.3994553287704594 0.45325065551799876
755.1090825719629 0.001777437886258777
2.5904438453911798 1.3101590006673962
1.4973835809253861 0.53893866285477
1.1490954505989888 0.02533549552922571
4.872776479014146 2.7250469501888612
2.6726692176429157 1.3214658476584447
1.58096086427551 0.6233920201997922
1.6414601605768997 0.18651252980187458
3.602153641907709 2.0440813643177664
2.49293527163628 1.243271427174546
1.746551958343828 0.7933836957526945
2.142233272511758 1.0584615094898318
2.0097574415359585 0.8837177593298235
2.64586067585467 1.2792833180464114
1.4991637307198094 0.5499491616979364
1.2439594984605098 0.07358700072036456
2.9716376420071526 1.5075015843214747
1.6464415582459058 0.6875216988663422
1.7377787417418973 0.18628395316272417
2.991017514741195 1.4072696213974996
2.1810019275542096 1.019440696156665
2.6307602764528117 1.4622347924304684
2.760721765789204 1.203812262364304
2.676522034075199 1.348471331212146
1.5860048682174845 0.6214959995748609
1.8214645792415827 0.3116655462644907
3.2280493356580098 1.9129139073633197
1.7752350652441937 0.8425111599005589
2.6927481005744487 1.347624769732652
2.233322214236773 1.128492875569799
2.736998712097453 1.1801702115916266
3.7130667149714225 2.085713292008366
2.495589388334845 1.2745404214306864
1.7829963690035329 0.8320608783011646
2.506666499429974 1.3170312695193602
1.98449517998186 0.9679847104117221
2.2923168744839417 1.072453547737032
2.168392491873926 1.010075426122818
2.0838819818849323 0.9498210972305051
2.194498995448741 0.9877571480114278
2.460723287317963 1.2385038543241627
1.9544183496073644 0.6838837802862486
1.6456051714161926 0.679842275737899
1.6848026538232115 0.0961350650007195
1.77637380817064 0.5998427774907201
1.4690916121620798 0.1268017488133526
1.642537859612147 0.6558232319100297
2.0005463185849592 0.45194064041496385
1.6179508254510055 0.681933160255631
1.6408771922362033 0.6365483222758657
1.5845862337138614 0.1199567889994202
1.834610418080206 0.7648723856019175
1.6556427634432076 0.17782895716915842
3.3873522416552726 1.6008386167953617
1.8308402936826733 0.8519520735967108
2.1831224318372087 0.42695517545901807
1.9129445318882823 0.8947767643293028
1.7160664619089734 0.719347498604241
1.7725960465220463 0.27051682039153285
3.2327623307359366 1.4051063761727294
1.8274509451654746 0.8065358327886347
2.145059206833711 0.4745311004939304
1.8207549539375987 0.8844941859667849
1.6778499165397127 0.7466623040291107
1.745380284649336 0.8139545821662902
1.8287174896322804 0.8248373580234934
1.62076496438564 0.6874568096367515
1.9093022561324315 0.5345062392156309
1.789838466778757 0.24117831276325605
2.137130965384142 0.3205268183485136
1.3507731910998897 0.13016108264202836
1.6756776220693168 0.4545808713390697
1.6902968020193896 0.32204247531659513
1.9073643585141797 0.5605629623152671
1.5214287085340708 0.1841538707919726
1.9752629846463416 0.5820803526047861
1.5363530786902129 0.2050694279980584
1.753138022153394 0.6372183746453124
1.8747403003818104 0.38568471146978195
1.7433884140652176 0.7097763477106195
1.759386902385806 0.3068241577856281
1.7409942469202941 0.6763829023543328
1.9930255104636263 0.45212975871253097
2.3063947735114505 0.5803831215536814
1.586342010917513 0.6285299133769614
1.8037369706974808 0.30916335776058196
1.7282041696705188 0.2644228993655881
1.9542685913015048 0.4022452506449454
1.3171968913109156 0.13427418234987076
1.6731953107440611 0.515039359147046
1.2133195102730276 0.10424357188898543
1.46862907554573 0.22864232088840347
1.8048519440293416 0.5348316756894747
1.3129272305981634 0.1330322197363734
1.92349704702156 0.41284198928240323
1.3931828236218997 0.1843237549961233
1.617704151982713 0.2882522344774819
1.6917494743662478 0.415445369336188
1.6670007983599495 0.3120182538277546
1.7826256296599998 0.362142336954827
2.0130973392731875 0.48076657593841515
1.2590609030985656 0.11544620385957993
1.0211679210250877 0.020029993066719032
1.1456974075853366 0.08452858007649339
1.6800622481437726 0.36812235775574653
1.2452086919080796 0.12226363154243779
1.3220533332528581 0.15908900587104458
1.5570813025620995 0.27004935714740835
1.0272305487736784 0.024533296977111985
1.0043888039144522 0.015435879721250106
1.2163439778356324 0.11706874669382196
165.23259613104605 5.597277659297156E-4
2.6403210094275913 1.2562155486144622
1.8491609615529394 0.7435477154949778
1.6524584216327804 0.7169994539818548
1.855812868309912 0.24418380413051488
2.986233527908669 1.386665470495425
1.9537217308899568 0.9622698972489341
2.700245077374657 1.583414034175795
1.6637252490588308 0.5854231420399421
1.7902458464555635 0.23978650350034864
1.924343727344131 0.955253757249801
2.156616791999353 0.48491679865469034
3.1322440040756763 1.805049220354675
3.0817656957524315 1.4644961758247816
2.9876322186596447 1.5529469561000533
2.287386513066696 1.079584555916123
3.0835053256403904 1.7574601944721744
3.035650636597759 1.5063270388706922
2.943565273409389 1.7679058916225916
1.6516159196165132 0.7207729941825647
2.0435556365760865 0.36491899325031185
1.84212383257502 0.7525482468872742
1.791607735783106 0.22382308208181062
1.8902645096517026 0.9238182714103128
2.096355869044068 0.3454678168203703
2.2692240161456265 1.0411099686505378
1.8980187572356688 0.7039757801739258
1.521448615784459 0.18155252493727986
2.0274971708115332 1.0383623643423363
2.0967541764085773 0.3525670805844346
2.4467684038256636 1.2346062491471022
3.0650029497131275 1.4546710322770353
2.1503975301438123 1.0834745263219294
2.457249200959562 1.2400430894490175
2.6260789734781564 1.1496068808818662
1.7537655430796986 0.6758605292874493
1.7926393770127138 0.3078000247155951
2.0285825983753223 0.5147634417488375
1.70766417950599 0.28103577097524607
1.7095632191801244 0.728684912529173
2.0896980370017335 0.43013543829344514
1.8480247084732144 0.7363528627327893
1.598446708687694 0.21105556989580476
1.8142488778840593 0.8167857528222376
2.2551091194053554 0.4799840582628422
1.845189536890811 0.9119214424950061
1.6967516719363642 0.5572668588526672
1.6232746982611999 0.2620566008131741
1.7062463595577266 0.5316786499303372
1.5895799218010755 0.26277866778267933
1.8822199888891005 0.3613410950100469
1.6302137848225338 0.6179003635872113
1.8539866304941965 0.3544566539018907
2.073840638649421 0.4584666531995018
1.501822450121893 0.4998804265494192
1.488908152009167 0.22385270664946205
1.54930505037017 0.2403692561098731
1.7702289976264276 0.3290739539597974
1.4038217438807163 0.19232728773311586
1.99350781430002 0.9474829628464891
1.8137613077059327 0.8853868801623442
2.6979677679301064 1.3010024227141392
2.177816056564679 1.1115309198481134
3.0673871855870853 1.4098074765635595
1.763671114528391 0.8236846587054796
3.535615038104191 1.5988092030170935
2.234501093068836 1.1805311009945627
2.894965584347255 1.4141643653771374
2.731250346405089 1.5002515167752857
2.6739771346013113 1.317724954553047
3.041294569408344 1.4812557909339503
1.81185767458183 0.882251016858515
1.8372418759776514 0.8549621090935107
2.1331704076523006 1.0823067938191662
1.9700519231302795 1.0110388195391316
2.2407295456659084 1.1940216981554208
2.622166134585287 1.303073693652009
1.7144811124580466 0.7354194723181832
2.4577275240640675 0.602756391607845
1.7259080634187045 0.7835041050113368
2.464671734356539 0.6687261059893802
1.8636913221122768 0.9279209897321173
1.57496701138085 0.6108738629795469
2.1876649303675775 0.5418844128010329
1.974930983601563 0.45987194478396975
2.5632634423824037 1.1883557765278727
2.026575308637299 0.9648847691705069
1.936241494379611 0.9581021313403091
2.3412161021042044 1.1233262191989484
2.5252343685195417 1.244967699817209
2.2026384481873444 1.0796499716693044
2.461451729528397 1.2045342631454994
2.8994977434274842 1.359905289431058
1.9078536941933466 0.9317953228548159
1.9895487419219164 0.9862943135532927
2.267513647150757 1.1186482324415628
1.7902593322756304 0.8456051009955845
2.157399748721625 1.0105416241748746
2.140592450893217 0.9768271622138731
2.224398713823248 1.0234700247389141
2.530543160412816 1.151304659756383
2.112137966279094 0.9703791447805088
2.122927224510077 1.069625272281225
1.3995407527822539 0.45416195342052096
756.9626519791129 0.0017833532492696202
2.61106453991474 1.2172875776011591
1.4979431165056472 0.538131068367387
1.1543428345464215 0.03335921375209661
4.873031411093141 2.725316577660476
2.674728713966516 1.3163012280847095
1.5817444038079147 0.6307625699518355
1.641640240071878 0.18653031121186908
3.7014383930007453 2.0951265906143135
2.4937941872760465 1.235863488056252
1.7467666349252058 0.7920667035120477
2.1425323718558964 1.0624640132783754
2.009981500151218 0.8842585381754839
2.6609454459897393 1.3214238020309632
1.5077945549096392 0.5836307721788352
1.2439632958175642 0.07380145989160564
2.974619210331606 1.4609773699647106
1.6518042183569939 0.7193237871408313
1.7389446857596043 0.19944061439938676
3.0115979640989137 1.4837428202851903
2.183997124213718 1.0195972400200217
2.6320324330321823 1.4641167234690478
2.769939804255005 1.204180024714034
2.6765390291335978 1.3500733048217184
1.6012242060059223 0.6534489694995081
1.825563692813883 0.32420606729120177
3.264196357333025 1.6549520712855226
1.7755884147649947 0.8435515820099087
2.6938571396787365 1.3426958295038922
2.2343015756726183 1.1199257575002126
2.7382647819396784 1.1809466813778002
2.495596735186393 1.2768497986399785
1.7835666390179683 0.8326469203564304
2.5067819969096297 1.3096356020008204
1.9896266059132657 0.9789779873216152
2.294411485736168 1.0743062813881488
2.1859694342269895 1.0954726380793307
2.0844689960302016 0.9502687319120948
2.194942401109163 0.9874967974937584
2.4619477127422846 1.2540980764970937
1.9548348936421949 0.6887558291292816
1.6463365238399925 0.685669889137392
1.6849529622718933 0.10490241334606887
1.7805814065065615 0.5993750434013791
1.4691925737905365 0.12638687761040102
1.6432722885586055 0.6618426752852249
2.033208959387847 0.3307940035668245
1.618526428187107 0.687986961335163
1.6409848935009115 0.6369041310793009
1.5849342264416473 0.12857170045430466
1.8373622067372855 0.7560047062526389
1.6567265767096524 0.1947678696062592
3.3877224392645866 1.607618477162315
1.8314026899508449 0.8519344194375185
2.1831305851763827 0.426934235807563
1.9133179327259742 0.8947568703713248
1.716806161376053 0.7194999845469708
1.7726774585421565 0.2705437657351158
3.2996255304726856 1.3664418896061676
1.828869471741373 0.8057916237725271
2.145479727875541 0.4747127079406509
1.8210331769664267 0.884840995346464
1.6778521956233856 0.7466627199853386
1.7454128939568843 0.8138553315527021
1.828861681649256 0.8249995705128507
1.621853667903499 0.691851633945803
1.9753271745861687 0.41021548925551815
1.790089143693656 0.2403534239915514
2.8097705289784827 0.8678405642726162
1.355334999980484 0.13322973316931805
1.6837783988273023 0.6471398179507732
1.6904175008089999 0.3220950706085535
1.9181933666903905 0.5423850357485767
1.5215236882262286 0.1841477816948185
1.9782647366522528 0.5775937035644526
1.5368613095311505 0.19887249651749977
1.7628746827482167 0.6232103621733606
1.8767816877760803 0.38405383138459637
1.753257372457346 0.6952970463747254
1.7595108885594324 0.30675076816464897
1.7447881560559497 0.6738750614716384
1.9937796008331812 0.45335664192821695
2.513009295789534 0.6616935906491266
1.586807526579877 0.6357743809066885
1.8192129066697174 0.2979251816308917
1.7282775180192196 0.26446958430230644
1.3191682389712303 0.14272814590550656
1.7117336670978058 0.5212777832805969
1.214729766548501 0.10283037793598465
1.4687464946125641 0.23061065088766614
1.8746954715518789 0.42080314588341255
1.3138375536130584 0.12914183040189292
1.925223427862368 0.4082200122590748
1.3936716199825883 0.18176246630369736
1.6178296546386677 0.288315201817897
1.697649843107086 0.4034269865887039
1.6676742647677856 0.31236042213149956
1.783582957580798 0.36177524634008495
2.017927431165323 0.4840820246021146
1.259137098180519 0.11721545247265996
1.0217501711045744 0.01384375514675601
1.1460519418230652 0.08479411006050758
1.7446331309483716 0.3717978976681981
1.2453554601306918 0.12234413929690643
1.3223570473294946 0.15878699791682074
1.5571930909817961 0.2701480528552491
1.0273564981260228 0.024605259611364227
1.00515523720087 0.01532682703571059
1.2163823080161902 0.11714216594397299
299.10432360518524 7.774967903306756E-4
2.640728867911023 1.220677482175116
1.8503363136599509 0.7463502894535398
1.6528789624265996 0.7187899101970355
1.8574377805149447 0.24404994526010249
2.986431471716447 1.3865814471349025
1.9587294979980856 0.9782897734094365
2.7008991710243837 1.5803437420327895
1.6691950209537358 0.5811321692739962
1.7903108440656716 0.23981014671169515
1.9247575924964753 0.9529959362343525
2.1571518016407096 0.4824318721351385
3.132263636223308 1.8050995055372812
3.0828493320430237 1.4642318197522908
2.9882435443036623 1.5597891395964365
2.288459058522994 1.0802526472653255
3.086540229744846 1.756385014652238
3.035662451020575 1.5044478966499168
2.9442741996147372 1.7669980069770685
1.651996553634378 0.7129727412889955
2.0438088293947425 0.36927241803794736
1.8434940275685618 0.7458412079724194
1.7916148994873753 0.22529694507847925
1.8903234892150276 0.9254027186598703
2.0964268372058013 0.35105561527997264
2.2699572472965546 1.0416149203377234
1.9024559182962248 0.704983388176496
1.521470721169433 0.1810943727293105
2.027519323839424 1.0390115137091716
2.0968021300347344 0.3529855524965277
2.449826883446905 1.246805903428535
3.0770890073373156 1.4583577624067763
2.1507482652681826 1.0890303639213208
2.4575078633965983 1.234913790388383
2.626101323405698 1.1496191568338519
1.75440638772043 0.6745875472655001
1.7933671399322066 0.30161958292098545
2.0345950607216876 0.5062035317114386
1.7080456099815735 0.281220440215756
1.7095811722103973 0.728577604820269
2.089774920461388 0.4301807914002703
1.8688525532616178 0.7888929203672534
1.601580333679946 0.21415570648804036
1.8143112044637841 0.8160489820893791
2.2568338061240527 0.4933623862026544
1.8456216593212362 0.9123099935047625
1.7018755800475986 0.5522004834869119
1.623410180940361 0.2621460727571027
1.7082723438928578 0.508376173829776
1.5900990803617199 0.2638664627198642
1.8822882722977674 0.3613728012533838
1.6409050088768047 0.582882206380074
1.8540047691935375 0.3543778733644312
2.074323787295664 0.4585854402548712
1.5038298691053633 0.49782226354822623
1.4891923178041866 0.22432190342459313
1.5493184061240952 0.2424255690538448
1.7702600142957703 0.3290921175594029
1.4038725819157052 0.19243432967810836
1.994630160736195 0.9482874400557082
1.8138532874468267 0.8853856988957687
2.698292883873078 1.2994855513851427
2.1892260093889364 1.127004035199019
3.2770109492485466 1.3591158892348036
1.7638573865416876 0.8214340091932684
3.603944414093496 1.7045860674753237
2.2346781088426875 1.1795540244990477
2.8950391705434195 1.418566009521351
2.7321915748977776 1.5019971647239703
2.6743132035248784 1.3183605028004546
3.0535048741120314 1.486500563166898
1.812687784999735 0.881436215291789
1.8372696140538984 0.8546404738025324
2.136827282296904 1.089068815548629
1.9700665384111324 1.011034284031446
2.240913232877614 1.1907348009095735
2.6249231383799225 1.3123339549463835
1.7153951219733399 0.7414404155121609
1.7259296861188052 0.7835886652336507
2.471677067461995 0.6707049444684529
1.8637550835720385 0.9281578470715487
1.5750941308128314 0.6146105357992995
2.1962991895959583 0.5535530591313815
1.9767728773965254 0.46316881935039866
2.5663209470503356 1.179918965148569
2.0266009407654337 0.9649098468459578
1.9363619803684955 0.9581825433188842
2.3420898086107105 1.125362698228645
2.530705880668477 1.2302540870355752
2.202717489889035 1.0797029856082199
2.4618965228148495 1.2037914356062176
2.954738267389814 1.3824604058430983
1.9080793504302453 0.9320194751378938
1.9896803037503938 0.9862593750985624
2.2679214085594124 1.1188635750010567
1.804375949972214 0.8487348315641241
2.1579704487259894 1.0052841940502066
2.141336912262925 0.9770937998819146
2.2246787069865954 1.0228457154645603
2.530564372322827 1.1512668243635023
2.1121418520467317 0.9703500333971182
2.2027514063667777 0.7821098614816419
1.672650431442046 0.5654640376592412
2.1395613738941313 0.5998169497168213
1.875610983241648 0.3584200319280967
1.624837911484913 0.27668654160586326
2.2078749487179703 1.0136422934338003
2.1920324612314586 0.9677897790166692
3.2033983286172036 1.5452502896275677
1.7720303519060883 0.3607662300490245
1.0649003630160196 0.028009560012917406
1.9999934202492373 0.9856093402332591
1.8901049578715945 0.8681327821610453
1.714157738760613 0.2957767658824218
2.1061971139954796 0.7953328576973737
1.8820508259146165 0.7969494992298276
2.3119581034840557 0.8346382186340042
2.90456321246881 1.4572033707572927
1.8450731947089647 0.33592744596462515
3.035665565956127 1.5729608703593025
2.625491658789489 1.30937757168793
2.1290240287496105 0.32122086107988895
2.944637980144859 1.4120731220691987
1.6230925834388303 0.14033894902998661
2.5862141428116248 0.6910063963591301
1.6825009684884784 0.29646579584391264
2.8398645738666195 1.4798477063830355
1.6620095431087196 0.686794832176504
1.652856567800399 0.7206766752006316
1.9665983850334807 0.9748511433755993
2.55294404203182 1.1121117400811797
2.474907466792729 1.2642358117994883
3.4073260434413744 1.6283142013480716
3.2743054923632426 1.6855682407673664
3508.663526305804 0.007778041749488552
2.1829202526982296 0.8951895287525952
