3.5692637083876857 1.9815712272523789
2.145997979264922 1.0025527414389366
1.418109921547409 0.44250381119716337
1342.3305346820089 0.0011009213993322664
2.4929356429294844 1.1991731063948987
1.5153975060672713 0.5284876081379151
1.1651717270445057 0.03591147871750054
4.757820127572023 2.5425356324553565
2.691584245951825 1.3557498382906592
1.5937802638236276 0.6150526730485917
1.6749217109557866 0.16620312304822116
3.696698015543178 2.1003720386740703
2.492091607320555 1.243926194123943
1.759343414648222 0.7846350780411029
2.1387332379285455 1.032910612980723
2.0330283808241565 0.8810290353896176
1.5147562485805337 0.5247023772077927
1.2638963491519233 0.05690833272092316
2.986695537990708 1.4684172366387878
1.665452586559027 0.6890858081191642
1.7507639809931708 0.1931582751150821
4.777388152862111 2.6074820053325007
2.9807033097683275 1.4575645196236318
2.208534013135833 1.017548852766378
2.6410424139160633 1.4631471574575812
2.7003209926653264 1.2852618067501618
1.6009266024144162 0.6111332990181655
2.9889622721926896 1.477359735274938
1.793273241901921 0.8450466601577032
2.6920332339901942 1.309450191836414
2.25256713009975 1.113869248567869
2.7970764980238116 1.2041082481461005
3.567748406732053 1.966856777363227
2.510057757044405 1.3205174702689753
1.8017912034104562 0.8353432848046736
2.50372950989002 1.2519017092439637
2.000634668935862 0.9665858896334742
2.3167614986496936 1.0895906451251451
2.148778579084733 1.046799541629954
2.126482403173715 0.9604664218899341
2.249954553218384 1.0024046319354705
2.4873042893981587 1.2475843092472525
1.9758483510047764 0.6659942693545899
2.25488395692682 0.24318443007319102
1.6626762169314302 0.680754854560049
1.707082925830072 0.10251176398903011
1.7740517609871604 0.6096754027423326
1.479373106385062 0.1194549264685885
2.660268592485761 1.1163194600103552
1.6444957792012707 0.6328442941457394
1.9958057421157611 0.45268432046087226
1.6195243638331371 0.6829013659022027
1.6541877152797946 0.6585634862051606
1.6051502151490848 0.10452307926907678
1.8454210511595361 0.749896413581743
1.6744156420970877 0.1794965555839092
3.215044585417792 1.4494194393040596
1.8321079644329124 0.8257699966871619
2.1944126270084574 0.4518781114455347
1.9160046853040247 0.891076518437607
1.7265365280066156 0.7134054045936268
1.8111770766200357 0.25872009044418826
1.830884284292221 0.7876943549554988
2.400734800383747 0.502176356986245
1.828284034661602 0.8902004216925014
2.649583452946376 1.2271477974394398
1.6857618871186175 0.7459828981878445
1.7488142206128197 0.8190964157322694
1.839893460411891 0.8210573510320398
1.6238804991758236 0.6574132886312332
1.8180713846029346 0.5423176504828011
1.792761280590514 0.2476856106090653
2.1284604017420192 0.2661091097399228
1.3542635873969442 0.13493451746850518
1.5922784384819406 0.5775686525868633
1.6987793240678868 0.32131242555087747
1.8156024933764765 0.5601332030443316
1.524389123432246 0.1689566684943764
1.9668366296379882 0.5565326232525639
1.54430057717851 0.21061283556028582
1.7220533916735987 0.6770850485587934
1.8775388387924834 0.3784510477560005
1.7367894036655702 0.6481403056336656
1.7671248637739003 0.2967495927103705
1.743133674557428 0.6400479290136966
2.003643520432404 0.4498665442755826
2.3270546442806044 0.5847735416389792
1.5826510633366975 0.6214555366487119
1.797881551827233 0.3231282179020011
1.7248949331557897 0.2533450074892325
1.93635955289023 0.4087044745687039
1.3143588268405684 0.127507574252626
1.6428526363024107 0.6028792665886794
1.2166117449580425 0.10068481229787302
1.4684254850770042 0.22686685940872187
1.7788866320852013 0.4673858669187882
1.3215185163247116 0.13859152869731245
1.8056458156585977 0.5324139319085928
1.3973956945724384 0.1875905946395132
1.6177335576088505 0.2931206986448737
1.6421860095146252 0.4696770493292976
1.6700156933124608 0.31021670247092037
1.7833104190542226 0.36610981935228576
2.0451682371626947 0.493536921614773
1.6660156032206044 0.3764563223679258
1.2568268617864193 0.10672074899729557
1.0207890488123033 0.01797319516419506
1.1452843435788849 0.08498680255342299
1.7386731468486558 0.44196904581915997
1.2453548446897567 0.12276258684562166
1.3179769166098851 0.15960443225228585
1.5565919321143977 0.27097412162375945
1.4572906016239071 0.3857353783067661
1.0347497580065772 0.026169667690880468
1.0034959427156593 0.016603103613715017
1.2127540717735559 0.11703373186099418
412.96800025804095 8.617063730896644E-4
1.887801474088966 0.7744169870611822
1.6704943378861867 0.7002342034514871
2.1842120396681928 0.40761515923041763
2.980831489006162 1.3830855779095992
1.9837405442023341 0.9317068878643822
2.562455389531208 0.5186890600939078
2.715026096150238 1.5811527130216034
1.6625286561195354 0.6434086770154742
1.810334636143402 0.20390751525173828
1.9457209669675277 0.9673787514549195
3.136277099729479 1.7764302088070798
3.1204238213905082 1.4395452875765482
2.9918812021392833 1.5518348461450318
2.319134677418136 1.1146521406499565
3.0879016341527037 1.7538414112172371
3.1546498406920014 1.591704312805513
2.9618471560530226 1.7648714858592285
1.6646351467905032 0.7036866407708764
1.8825121770862714 0.6589892322607519
1.8156062853770254 0.20938158766768888
1.8932978044938062 0.9380073490987648
2.1198639063238223 0.32448863796582045
2.2828256282707926 0.9949804901441822
1.8670527129489158 0.6963855162342116
1.5414639883783292 0.17228540052588398
2.0270764498265184 1.0192125265914025
2.123077607763186 0.33671936637028294
2.460111274820853 1.195734544028071
3.0018401854565786 1.3579889248600014
2.169180805034224 1.0640448752877945
2.4691585801473526 1.2197085589603642
2.8333183975333736 1.2383002096666094
1.7529257051603484 0.6627097450639187
1.8030302641913516 0.3068093184892074
1.9575555195105623 0.5896199503154962
1.7180087161828617 0.2726520589878231
1.6999017010079644 0.7282106747097716
2.0998897503822356 0.4262905309966384
1.8324835471471703 0.7289897192711571
1.6191207765072804 0.220757246959167
1.8020216206978519 0.8102651207827004
2.2681452367652555 0.4655088235815996
1.8442553693385395 0.9049528550939803
1.717296631658092 0.5109766249844009
1.6280820682211705 0.2537114896698617
1.6920190046131016 0.5279217732577175
1.5991002008079829 0.2651698426476804
1.882310852725462 0.3667792947783512
1.6155634210538175 0.6109052345968866
1.8614714036104467 0.36642592026894927
2.097194243891159 0.4845943565105286
1.5865874468374077 0.42924468644033287
1.4876076342794926 0.22073189172938112
1.544205777801389 0.24417831985199184
1.7701094117801375 0.3223701093468757
1.4035477233992664 0.1826294162653978
2.0256675003310796 0.8951112327373736
1.8289185047125782 0.8743300889145507
2.686710312428481 1.2894171450131802
2.2014890035266306 1.1055278772930146
3.018406981709021 1.389550289908722
1.7768818704113756 0.8204999553556631
2.9791857241801205 1.404375928197911
2.2540111465712687 1.1820166998544903
2.9203988035996145 1.406202357991289
2.726017833993393 1.5007042373772845
2.709306817461395 1.3061946521721528
3.1195394651625667 1.527819695305114
1.819563430355668 0.8835585080501115
1.839173810710698 0.8467041534490368
2.143782855814524 1.0899340201125682
3.3947147456819584 1.6473765244062237
1.9746584007427894 1.0176770892456355
2.2524510932267754 1.193547422087569
2.6398204358528656 1.2958473016423453
1.703235008741544 0.739889527500275
1.7179741578234862 0.7885885405353155
2.521740989250723 0.692313411574831
1.8621546292144593 0.9220799427526218
1.5586605506159934 0.6110943346333269
2.5352201699985883 1.1541124593517291
2.0463685459783085 0.9690180915741506
2.551912530520031 1.325925207765282
1.948316752050163 0.9577304507633064
2.365505265894644 1.1183780344739693
2.4871618903967647 1.2321619936002848
2.2248253297494527 1.077067411042603
2.49329127298676 1.2064659509800428
2.916421816801047 1.3461380824059153
2.813916530203467 1.4493966013645585
1.9192925287211255 0.9264417643076759
2.000493563977008 0.9860468959163022
2.2821434175107047 1.1100323265617458
1.7954869677711056 0.8428854707801363
2.139683329454934 1.0113326134008205
2.1662050181486707 0.9818822984766962
2.2448072599695905 1.0240728083446613
2.508166844292778 1.1271627583467145
2.1397434722725284 0.9757094235641451
2.151544743324928 0.9779675752301016
1.4212839078438952 0.4582457613341688
1517.585119902512 0.00219941496160575
2.4951146433769886 1.1841881553443732
1.5194727579112421 0.5730210106356746
1.1657415190141236 0.03703634440742519
2.6925953803341374 1.337224738423062
1.5938923265874294 0.6142988565216678
1.6751908829175086 0.1654495188164381
3.770508675613672 2.2057653394703753
2.4929353231563773 1.2354409873550944
1.7593660473121286 0.7846802832381145
2.1394505878648102 1.0381731131846217
2.03391286335009 0.8814735327133942
1.5147754721540505 0.5245794107100441
1.2642461879252944 0.0558960505808162
2.9874635270453402 1.4602305502922532
1.6657024379610834 0.6868957249888905
1.7511629857823454 0.19035702126040388
2.9812885479680444 1.4492079505524136
2.2199303994627435 0.9831128145087535
2.6416989538955624 1.47582962329342
2.702934926950477 1.2960989517755985
1.6010189178010852 0.610568283846798
2.9891452827283036 1.4824967558201076
1.8003013181470997 0.8251196889242678
2.6972828568362095 1.3484879328307695
2.2547597495490557 1.1161351842159015
3.0210878440571736 1.2715653717118665
3.5705544964336484 1.9458168657900596
2.511867339814061 1.3305081813483988
1.8046626080288668 0.8379829155513007
2.5104556258964115 1.2559448637023702
2.005615908680761 0.972764835876609
2.3229150317118377 1.0771195152222648
2.1495360699827515 1.051837985177095
2.1408338874334114 0.9559404461729091
2.2521079875251777 0.9859549738029921
2.4875848071918814 1.2486605817630552
1.9837796101840066 0.6734893706418329
2.2589341787933512 0.2523234713293643
1.6631531172794263 0.684278323313743
1.7071402584779163 0.08872875098174587
1.7768085496416601 0.6055987178986547
1.479998637371359 0.11692195818339984
2.7549895247528395 1.1889401872255279
1.6446083666747475 0.6718198191013041
1.6195328381442473 0.6832535256740796
1.6620703435901827 0.6034705037995272
1.60516355485915 0.10552108117544146
1.8492298671144276 0.7317274372094597
1.67442635846644 0.1777114410021291
3.2151321833686675 1.4344984846244215
1.8323246812442067 0.8281999653188766
2.195780106780183 0.44999175189922147
1.916224578336792 0.8912473552860489
1.7294877223476859 0.732277674833691
1.8118190224720552 0.25914701515733946
1.8311570902320793 0.7875845461893609
2.4009777780316925 0.5112113613849607
1.8285609100549622 0.890114954769803
2.6511310824946053 1.2328515344848168
1.686763098057091 0.7479138976272596
1.7542666074171034 0.8258481800148625
1.8400262883095304 0.8210511185361513
1.6255354403457623 0.6546425977406611
1.8196666475373138 0.5361556525001433
1.7928919734051787 0.24104013507893846
2.129034715699696 0.2657611568904604
1.3555194147248182 0.13629459083186762
1.5934226457799432 0.5730479489198166
1.6992383205629928 0.32161508993731225
1.8158829731549844 0.5597170903916597
1.524412340649337 0.16893868155337294
1.9702162922925697 0.5491977978751474
1.5452072215283947 0.2142598388459111
1.7458189469034968 0.6042486765868986
1.877701727585205 0.37839592542610057
1.741201334478026 0.6478600100184655
1.7678665763934025 0.2971968175491912
1.7572773545763658 0.6114068231339677
2.0045208743741543 0.45154977578290423
2.3930688312835584 0.6218848522484486
1.5897967244437377 0.6289847398893373
1.8185482272231752 0.3151775317750671
1.7256547873752281 0.2569291370342702
1.956520015570463 0.37850243848557696
1.3144635003467422 0.12719307283165332
1.64322323844207 0.606954191001161
1.2322311790872573 0.10965569554675535
1.4751339307426896 0.23357101332750727
1.9127449799366125 0.32270567172149206
1.3222897971197678 0.13732739224599755
1.8220393114388775 0.48463976817379134
1.3974307405170037 0.18754648405034752
1.6196803499994976 0.28596885817815154
1.6990595054829007 0.4427407781982131
1.6700481424288354 0.31017897859222393
1.7833773600354408 0.3664702412524739
2.046019070374645 0.4939070994548152
1.754162000730171 0.38610506994725774
1.2667618424630205 0.11614897854512048
1.0218216944857217 0.02171601460142933
1.1453252740223103 0.0849188310966544
1.7458738450179476 0.4005748702077846
1.245547892191461 0.11960478743157771
1.3188796367490772 0.16712246794456567
1.5575472042592315 0.27484273749608173
1.0362727207366782 0.028447643010115254
1.0035562687625876 0.016657298644257815
1.2132770788359013 0.11754460352776462
429.24253535930774 9.242410733741901E-4
1.8939734805682298 0.7776751686099064
1.6728344402984443 0.7006074778090686
2.9913833381947263 1.380228753390322
1.9869733792667232 0.9314090636390123
2.6288907597493143 0.5554983092294269
2.715046543315915 1.581236752638415
1.663488526529075 0.6352078615290373
1.8103714237535313 0.20390233120668194
1.9457230791828775 0.970223022109455
3.1368573853678865 1.776050691965675
3.1271064590652093 1.4167391818822155
2.9932855695386413 1.5586319024742499
2.3201935155563747 1.0827843919645703
3.0885297175115642 1.7570202150681167
3.157234736611037 1.5890936924562982
2.9619953014821685 1.7648756487733712
1.664719222879843 0.703659965475826
1.8860204707668602 0.6543433052703179
1.8172194424153523 0.23810943817805053
1.8945824830129845 0.9385705360837985
2.1204647140730883 0.3220418459279601
2.285952871905354 0.9970080123257006
1.8818285953524234 0.6754455286994918
1.5424557090584776 0.17551145120172146
2.031343781820637 1.0413447626649228
2.1243659357406424 0.33658663459201216
2.460391336587738 1.1938832142709268
3.0028048933648703 1.3525706800115067
2.169637962779965 1.0629498962661137
2.470960280428917 1.2195614794982774
2.8371307453279533 1.2314727534590737
1.7548239991000574 0.6159344799498766
1.803035923424378 0.3070356988134824
1.9628158091813626 0.5829150504622242
1.7193870287680593 0.26966631224237325
1.7001340712164315 0.7204470117176921
2.100101025037753 0.4264111648249909
1.8335647009210165 0.7311334792811884
1.6198645981873736 0.2196610962825925
1.80261145126812 0.8101438686848786
2.2687256908313955 0.4691597358091122
1.845480460076256 0.8976765992935005
1.7277729813226133 0.5872167406971717
1.6294413783058421 0.25337537175049824
1.6923359140563483 0.5188645045088243
1.5991829526096009 0.26496237662293287
1.8824618435669902 0.36642462200823256
1.6162775288529576 0.6104316240402281
1.8628591755945596 0.35788272038879065
2.107984289166861 0.40263539364962425
1.6059824984434827 0.3944448636069745
1.4881304591173827 0.22099451411319265
1.5582805516206184 0.26897534231321457
1.7702021165964705 0.32440251390048597
1.4036610145127983 0.18262947060701748
2.0261423570791113 0.8953711585469575
1.8325819429446115 0.8743117381184173
2.687072767551551 1.3050520196949633
2.2033407257286446 1.1081853906800279
3.0222580434534567 1.3869405949918576
1.77720628950755 0.8201541831813197
2.9792183966355723 1.4259624328072291
2.255420416853583 1.1782544857321045
2.9205279578563452 1.4063509570622843
2.7394934993807967 1.4773344253710228
2.7104891893147096 1.3055463645782364
3.1313436687750187 1.5324864057888086
1.8199135353237914 0.8839183504916203
1.8405456053661278 0.8508872121548843
2.145627455421144 1.079740887577417
3.402035115807128 1.6501606414633432
1.9747812723764253 1.015100526369201
2.2527657683420816 1.1969044675901377
2.63991928480256 1.2959473368387653
1.703259345432215 0.7396484635477436
1.719295902544554 0.7909935897155437
2.5231400361412497 0.6931092009905493
1.8639532814697075 0.9342278983964187
1.5587122028166795 0.6114651885732758
2.5746528970101012 1.3512576014743667
2.046642442781973 0.9684198907661887
2.55194124958948 1.2731064126533016
1.9484923356405306 0.9578655557338087
2.3758716137546108 1.1149608710604113
2.4882418691527444 1.2104900973735628
2.2492008530208527 1.0405613141471919
2.4953067511460696 1.1975546650545779
2.9381666712257166 1.3560143577282098
2.824712165250169 1.4066883841601951
1.9193126067290294 0.925714478520145
2.0005254027998665 0.9864133800938724
2.2851289599926923 1.1162627332503738
1.7955844221616526 0.8457801807634004
2.14222733324345 1.0315117805802427
2.1667424063311307 0.9844876750964042
2.2450724723282995 1.0241412882846448
2.5094505342064193 1.127702196707394
2.1399835931820888 0.976209063627713
2.03408117501407 0.35069988314354184
1.8949221136396308 0.9395901688511387
1.807469783547912 0.8386015046954178
1.599343519937332 0.2650580960214476
2.749125587150302 1.6321255122316216
2.151754948096849 1.0877339949098708
1.885607819307699 0.5073431699005689
2.0116365617291803 0.4519556521238268
2.326828708613304 0.6276330442985633
2.0653486762040365 0.9918766352574191
2.798168441281592 1.2251578304271293
1.6210442885383889 0.6917129787916253
2.8441266184717273 0.53095126906139
1.8421612460180978 0.7501632355491266
21180.194156776917 0.052052948101641294
2.480307533468513 0.6355759841749431
1.7575267135169683 0.6658132692670438
2.206262820845555 0.6515923768811703
3.144990007835676 1.5216720850347316
1.6043319827776186 0.6452406841974233
1.9746700253657945 0.5386397727083052
2.3097215112613245 1.1307245281859852
2.2173888055553115 1.1134551329076532
2.636285156533762 1.281224027553281
1.4805343650988645 0.5515607016350215
1.9249587650267317 0.9241967084003544
1.6194530413993928 0.6520704838311644
3.201876991576995 1.9018976881397665
1.7260389081614935 0.7905682301967458
1.830435374159586 0.3930935516544229
1.5157931612222026 0.539490857168943
2.4964857398227815 1.113502771521563
2.7323142992085003 1.2840812140893447
1.7678297479412004 0.2870251393005393
1.727885728028754 0.33456388314407903
1.9846503702028189 0.6159142122476153
