3.4542513085548325 1.8961833979944096
2.0780254041633643 0.9726190164399984
1.3780669229439997 0.4314665571612942
828.1851694804947 0.001887766617940434
2.4181314411097055 1.2613010902065662
1.472275746657342 0.5344595467337334
1.150712648175994 0.03327984465983077
4.8133060564512276 2.6029752959210377
2.627432259908998 1.3533221885744875
1.5575560516505724 0.6068071185073639
1.645806089675994 0.17078374598244556
3.5816945226109906 2.028827936832393
2.4543846773382554 1.2372398256859354
1.7542416807558034 0.784173838297832
2.1156510746989774 1.0541033462870693
2.041295321422049 0.8834159613682537
2.2303084776841047 0.8911507705571073
1.4805623873202713 0.5580919986716363
1.2382113818589282 0.05453237565601754
2.913399139780468 1.4182903258788306
1.6230105662324357 0.6780955642506279
1.7326888766453115 0.18344728626538392
4.548987848876667 2.463464355240169
2.936437526730046 1.483654948352134
2.2030048507091724 1.0079515262490217
2.6306615970211515 1.4737728276655586
2.838883837516568 1.1713405930731766
2.6560779182521097 1.3628919564474864
1.5713569699937344 0.6266187948988055
1.8391713328276817 0.3339778600933301
2.9705902832974798 1.4845583183906652
1.7785088231910267 0.8485540779954834
2.6755588377277952 1.3140801943766232
2.2797147708971526 1.1146522130840788
3.0519958636089095 1.3427358184091516
3.6090784677935277 1.9708725257016564
2.4988868867841756 1.2734242587192035
1.799021281400058 0.8305896240230766
2.519620012813279 1.2247103760671343
2.0185380502772166 0.9776028606507374
2.34615812626665 1.0806481463599245
2.1556494744693615 1.054025128792055
2.1282866974423147 0.949365516904748
2.237228436368694 0.9906225709237582
2.421635172289524 1.2515456894588022
1.956375340530985 0.6800204123925072
1.628457823918793 0.6831098754756626
1.6733752968139068 0.09266961591705694
1.7237317025732994 0.6565081543727691
1.471514158614885 0.11130948019519286
2.8407970550735575 1.316556300202121
1.6279590109881719 0.6488875177528344
1.9718395785907796 0.3742717229839033
1.633274603274239 0.6847500233164125
1.615503099267258 0.6167597268957752
1.5875569186474707 0.11680141750820794
1.8150144863551985 0.7717925028249892
1.6621849787544596 0.1835844145154174
3.197328096644208 1.3633820806143875
1.8223730082496168 0.8383266590755382
2.209842741728178 0.4284810557121341
1.9493543410362804 0.9068139909258548
1.7101682825134503 0.6960359284867257
1.7802547524368904 0.2786148912429396
1.83199037194868 0.7937267466770577
2.1735501333117595 0.4756746061280448
1.8469620656115233 0.8831170149233796
2.6043885612485616 1.2742384227475931
1.6943854876252775 0.7533113440569192
1.766064545421426 0.8155550929433782
1.8691652592599879 0.8240345456859757
1.6366406892899965 0.690795155508761
1.9469272855175217 0.4075365496942884
1.8122986839120816 0.23488870189232594
1.9369352460571998 0.5875334514894719
1.3699120822059014 0.13221599519407534
1.5971502033986043 0.5897508779004723
1.7384529911461568 0.32523770832293375
1.77694872675391 0.6328970417601265
1.554185255711761 0.17466806314677336
1.9280427422704567 0.6491500937351529
1.5583960775290864 0.20120923265972032
1.7516406685798893 0.6262367186789695
1.9243730825115541 0.37080075084447417
1.7921850197090303 0.5617631696404871
1.7851377560036976 0.30479172977429625
1.7418357704188032 0.6718933570559673
2.043657287078301 0.4570475220846676
2.3568885843384813 0.5768407206468041
1.6035200221975943 0.6248577609440892
2.3884391390789124 0.6160687063829924
1.628504098665453 0.5439587024671452
1.7772287260977735 0.2628180607112733
1.9471183500471676 0.3743219275898752
1.348147021273525 0.13155286914478254
2.0496966130056684 0.4949320540186662
1.2464960418262734 0.10841165157410257
1.513813252348951 0.22780402956396392
1.7762942445163588 0.6319535604105251
1.3399768609800244 0.11992824387699172
1.79804950350589 0.4674504257877968
1.4290823954900709 0.18852163439692327
1.6660351400755866 0.2929800549744742
1.6173839415728646 0.5750341429303218
1.7082579853554378 0.31143298143812065
1.8332153416093393 0.36522325012232454
2.0845747270018657 0.49238013154985755
1.687119501357804 0.3665735149042507
1.3053372427869532 0.10903796832791943
1.0539833727865675 0.01873472364056812
1.1746376924829376 0.08607393558167142
1.613029021875946 0.43414944494198615
1.2731446888480842 0.12323927983377092
1.3607508128954449 0.1596141833780838
1.6017858805644216 0.27051251297232715
1.0563880262891405 0.024585997740477396
1.0319228645399372 0.016524460220635313
1.2481182746796744 0.12032700046413274
160.83378776003812 2.3409673731951769E-4
2.4726724058127028 1.233538887861479
1.85438891248801 0.7035127189160149
1.6300408495388798 0.6975801271970358
1.8419661109124414 0.2027746464682216
2.942541489735882 1.3706627039938242
1.9573633719453962 0.9526391325462086
2.4276007035157057 0.43511753035026424
2.711689122565744 1.5928541691219313
1.6341409868363375 0.6799781657460924
1.789453463009803 0.22343769942431763
3.473096022785408 1.6404557509171798
1.920967154994591 0.9757890091387083
2.2014878941108544 0.46913741253307256
3.1332460456037525 1.7906914595825707
3.185418888255672 1.4608427123469574
2.982539306741261 1.5478002625830218
2.2961589854441486 1.0932187535764455
3.1005911942472117 1.7581206985126703
3.1011828318102754 1.5065116667204541
2.9944826790142485 1.7666547960204229
1.6368189098136114 0.6978779838563054
2.0486930447035885 0.3474312484392796
1.8820583412865757 0.6260992346196869
1.7922673513391705 0.22379666819629854
3.1814366339854794 1.4631579266480839
1.901282262470281 0.945999258789639
2.1161003070366173 0.33470876613051725
2.324435826785352 1.033934550288473
1.8955173548135567 0.624843653911372
1.5335280323848441 0.17050321949130737
2.032861325208885 1.0435151584048725
2.1059331883713086 0.3275215356431633
2.512928015183933 1.218183578673168
3.0499478180414217 1.451169067430659
2.187623850632542 1.0979621250241487
2.5604752683422025 1.180102625494834
2.681060238844619 1.1067094144477894
1.7332857801496049 0.7192405796407244
1.8180207722605464 0.30400595121107193
2.0469850820150404 0.5386152489207113
1.7403953748239998 0.27552732553458664
1.7173711643441911 0.7248158085212301
2.1358093379845458 0.4247226678074769
1.852215233167328 0.7437077995297889
1.605718570282772 0.21866782029796458
1.8385503459366452 0.8222885217167484
2.3029413613307814 0.4641521333779475
1.8903414943743742 0.9228457389409654
1.7166812803443683 0.6604309016675324
1.6639145016326227 0.2558828063527542
1.7249248096426224 0.5159405972655191
1.6349560292893504 0.27117939743650166
1.9381057691411874 0.37007681017276234
1.6620339146371808 0.6288081356437969
1.8992961944658031 0.3501896146060968
2.132746752554965 0.44299824707461377
1.53705082905478 0.4693302399471439
1.5276956560782038 0.2164748813799833
1.5960390847460393 0.2543181993357819
1.8245379727187672 0.3441999656914999
1.4439958110627948 0.1905464051725912
2.7324118339816006 1.3037067768291002
2.0117698193594715 0.9229630217416644
1.81879683832897 0.881743111534577
2.67186143204715 1.304487035699656
2.223469803640862 1.1198115230437018
1.7543448184155728 0.8222910139579215
2.981206713094301 1.4054794845569833
2.265205587795312 1.1750773289251697
2.9671879333313513 1.4121766272314016
2.7343846870985944 1.4898090058339675
2.7307336418664043 1.3062709427475454
3.1697143218826733 1.48852014972162
1.8255089378369957 0.8885102701093627
1.8364196720432395 0.8575434791055014
2.182488227087786 1.0867642385081906
3.043968470348304 1.410647144895624
1.985346117094259 1.008427782484711
2.290735499556795 1.1912233908750962
2.694884248730699 1.3061640745702139
1.7290625497275383 0.749479259082735
1.7485379242469208 0.7840909304354635
2.542698168560747 0.6679813772435146
1.9059175001865074 0.9416127070608512
1.593992864175029 0.6180728287371364
2.3115286139071323 0.582658862225122
2.608442935693916 1.2318287421195198
2.064765556882837 0.9637347874803743
2.5340225323245638 1.2111512028931806
1.9695119127901646 0.9611892142422184
2.405691643102251 1.1321893432488246
2.4945665930087833 1.2230859286239295
2.239065246464056 1.0729197210738426
2.533562455896395 1.1918836023643276
2.932299462916208 1.336607930813535
1.9416087827922022 0.9307489512130647
2.030716669192792 0.9910351066062657
2.3203225493204154 1.1172485738408726
1.829679872092037 0.8509471934215853
2.1455688996805016 1.0119929365509128
2.189657221437232 0.9779556255747609
2.278166909429395 1.0213147131351228
2.5435167222428774 1.1257840372121308
2.168230117541844 0.9718979566658024
3.4582599077935314 1.9402235353938198
2.079040854332014 0.9682649803494117
1.3793350809200233 0.44434391118243804
1296.1748308882823 0.0012147223621883918
2.418218630277444 1.259903255648425
1.473484712774784 0.544074246315214
1.1509648379453188 0.03373244996232634
4.855081958854294 2.6518454170031314
2.6282553360266507 1.3591367254061537
1.5580796685812857 0.6159117768430853
1.6458880089893293 0.17085605765082557
3.9977168029617083 2.307697174385236
2.4571772753970986 1.2291875288833134
1.754538862063894 0.78552514676773
2.1157768039293527 1.0582180935847094
2.0414250385029944 0.8834659216226017
2.230793151654545 0.8906212638326595
1.4819064768041947 0.5610199189348785
1.2382307507310975 0.05468604150290329
2.915449756583197 1.4073705302489012
1.6244470425689976 0.6880493917004631
1.7340115477704665 0.1936052628685343
4.565035829988383 2.4428212251692036
2.936675866291854 1.480654640243363
2.205028849896891 1.0334031596520492
2.6307785864187827 1.4748086087102972
2.8398987121565886 1.1705072653529993
2.656210400084566 1.3642768178182432
1.57139483336415 0.6268632720990885
1.8418377896020415 0.3452177735191979
2.9732083577396304 1.4825551249524023
1.7787556154445716 0.8486439261091772
2.6761310771370628 1.3131091273343507
2.284759943525659 1.1208965623519542
3.1476826213748272 1.384638638817938
3.6344173352981555 1.9638065333239325
2.4989041329904698 1.2734103216065635
1.7994613825993189 0.8302555912579688
2.5208108160434683 1.1860073466656926
2.0186148106049635 0.9777796581684328
2.34833763252647 1.0816358883175492
2.1560971644402978 1.0512812889870702
2.1288006114880256 0.9490549505036701
2.2372336297759414 0.9906281359658038
2.4233624911200637 1.2620528631730457
1.9564687011312087 0.6812748420829486
1.6291992945374694 0.6895204962467452
1.6734282839690922 0.09279923917354468
1.7356997974382415 0.6247055359471593
1.474966762621364 0.10903500959553002
1.6280411217155768 0.6452207729962849
2.0073557796961365 0.3936232572892921
1.6354557115656294 0.6864171512140568
1.616314485683158 0.6154487638616021
1.5877291776544038 0.11878850978296107
1.8184351225737205 0.7998943954446854
1.663214449709257 0.18702529964021297
3.217442941151023 1.371967477419827
1.8225016426534537 0.836858230912094
2.211309530449539 0.4190197045441931
1.9506407093019784 0.911830604667351
1.7127851189851115 0.700014101778831
1.7802721917458013 0.2786340506869016
1.8322775000182419 0.8059252997243284
2.174449287319164 0.4756905055130051
1.8474102409582405 0.8832237545386815
2.6149412903854152 1.2247647012682488
1.695303322052407 0.753072475244563
1.7675376195592865 0.8229495080233452
1.8691669566597156 0.8240356002790017
1.6447940176368567 0.6871330274602059
1.9679066516947041 0.38193809296354664
1.8127030818329164 0.24247993082692848
2.515579192103961 0.5664616478680801
1.3774244774663014 0.1204338925426851
1.59715706010098 0.5901995401352738
1.7390492209466886 0.3242774377654843
1.7771249072178081 0.6445839917911749
1.5543807543454518 0.1753135767729846
1.9455547468543002 0.6277696890367916
1.5619937823623475 0.20612621808652637
1.7605248936146098 0.6258551341528058
1.9257605927406225 0.36232976200816625
1.7944643945569214 0.5634285707395656
1.785573614300234 0.30380828475483324
1.7418844834848901 0.6795822953301461
2.044311591430733 0.4532313897462476
2.36142035998054 0.5809512305231546
1.60361547132403 0.6205543872486852
2.390056977408463 0.6167781790854048
1.628643328574479 0.5378339295476136
1.7787523898170439 0.26381110664175716
1.9935469612754555 0.3376878294639148
1.3481496702700588 0.13227055623941714
2.0571216992065757 0.4016142978268219
1.2599895568935897 0.12356558777190169
1.6515531077580818 0.2088796568058143
1.777624662766057 0.5272293166781767
1.3448692552251773 0.13193226877978229
1.9409321598546287 0.3726107151321162
1.4293130357299952 0.1870235827847463
1.668304342319284 0.30081854593904966
1.6174534418443827 0.5751952407427718
1.708628784244849 0.3113121490121525
1.8356764521963556 0.3651327126102094
2.0859336963534356 0.49233922425883136
1.9010075926692362 0.48932851194527155
1.3062891274367212 0.10939095833526755
1.054188550392928 0.018661188657784503
1.1746916595683534 0.08619831920175441
1.6161593417631228 0.4502543176985918
1.2731776162068227 0.12321173243770775
1.3609495851641333 0.1636787436108889
1.6020998181322539 0.2705108422761789
1.0713548861245805 0.03544280885818024
1.0326320725513758 0.01830548508543257
1.24813275318312 0.12033488368393677
166.1286130764745 2.7509814668587676E-4
2.474080722842185 1.2384780764181613
1.8548145820399589 0.701124258773372
1.6308589758291157 0.6989561832366881
1.842400083519384 0.20103628813336322
2.943721449452288 1.3617102808416073
1.9589647718847731 0.95359921921741
2.428853867470313 0.4401114650022297
2.7117077437591712 1.5928715357443823
1.6346281734882906 0.6800789445273001
1.7895040981075163 0.22547101631844113
3.593234094007302 1.7066622432333496
1.921738786750459 0.9768665982436711
2.210749276849328 0.49403136141354803
3.133599620392553 1.793824216579624
3.1882169962823466 1.4645412165293878
2.982564167665525 1.5478044400349726
2.2965504252032893 1.099462868142282
3.1006204785015914 1.7581177322997985
3.1023346861327825 1.5035640990981816
3.003621082524036 1.777351201657517
1.6379994973840415 0.7102542147848581
2.05031614808965 0.3332165889279713
1.8881454562703994 0.6161516784116983
1.79312482788289 0.23104904844336568
1.9024131446339627 0.9467151315307158
2.118000999320213 0.32782686015010803
2.3258209358782835 1.0347382007841612
1.8990932321091347 0.6166690424482331
1.5335804789298746 0.170233995630709
2.032927205159792 1.040969534625248
2.106429456933322 0.3317542590489356
2.5138607048528447 1.2185391509578811
3.0501021959384373 1.4537970072890662
2.1914300159974673 1.111784934420086
2.5698388586265732 1.1732674966040546
2.6810858180067223 1.1067363314179524
1.7549676618254173 0.6045252929808091
1.818141336119165 0.30242871468658383
2.0730592366944176 0.6898948887970515
1.742038134404452 0.2759217675511997
1.7175802335304837 0.7154612246366003
2.1366407882753697 0.4229841017719341
1.8522615448382118 0.8210469846340842
1.6134140596844189 0.24047403752587843
1.838643274844169 0.8221750675629529
2.3040916691675153 0.46903036552115007
1.8914685099173565 0.9251520785011798
1.7205396768941754 0.6786704973708576
1.667894521170722 0.27425617898368726
1.7707385552817922 0.5557558458943858
1.6350706406220328 0.2712452042528794
1.938335056303119 0.36970047039949466
1.6623356789006294 0.6245983603010181
1.8996273757551962 0.3504148741831229
2.1369258030786558 0.45620815016922656
1.5566406676018252 0.43397270278122185
1.5278167501262938 0.21574132059516477
1.5992622895206852 0.2560047036081675
1.8247538391735374 0.3443042768742641
1.4440164345006798 0.19129886207820132
2.737013179819012 1.2832190753580486
2.0124323936830306 0.9226731199550622
1.8231746483438092 0.8930991257148955
2.677204056882813 1.2774983514435811
2.2239939509378264 1.1074701155486228
1.7546802155235155 0.8235642556314252
2.98125282522267 1.3969313852848908
2.265787649848522 1.1760770363138882
2.9682467978463594 1.4125480452439305
2.735185411837831 1.4918702131442891
2.732995610502987 1.3101116085081577
3.171220682151076 1.4891329441592875
1.8294089554084505 0.8931052352529354
1.8377646887360142 0.8542327211157007
2.182756785293606 1.0949307036045115
3.044304234640113 1.3986691883207518
1.985436122020173 1.0085260984476607
2.2907781973620533 1.1912527733460774
2.695322558119159 1.320686823392869
1.729622479947977 0.7500447497645832
1.7487520773230643 0.7969811024118622
2.5482302750448924 0.6773641530636612
1.9078564450782807 0.9325047713964997
1.5939934395019175 0.6183845720477469
2.32854195239954 0.5896215110464489
2.7395555292311666 1.2624698205218379
2.064867042294497 0.9632030934064741
2.5344625327802213 1.1834956472801592
1.9700448101962147 0.9620373556836493
2.406204522089774 1.1321170576105333
2.4949947312726795 1.2184870888237846
2.2391783368924134 1.0730258379592517
2.5416973750052496 1.194685240046843
2.9367318949507264 1.3383420472137744
1.9419426182575954 0.9306895653421079
2.033415655722341 0.9937457285053654
2.3210870343479266 1.1178396930623073
1.829682375722244 0.8511145740719925
2.146284334829584 1.0213684373075147
2.1896796010250146 0.9801924698285439
2.278181975931269 1.021418434265133
2.5522148906692914 1.1323101464822105
2.169332997416086 0.9757041390957784
2.249855289278255 1.1383987902219086
1.874319026591175 0.7169342518588179
1.845063450156875 0.22947107724741062
1.2394353328012393 0.05553929724925727
2.4230583872847236 1.139643563750619
3.039283667579661 1.2829989981377914
1.7716892205787298 0.5557201328336904
3.1073121141068825 1.7653741571644779
3.404503439611097 1.9110070358776146
2.5230818520624956 1.1268819819529665
1.91370058594275 0.937014989526189
1.816457831411356 0.5374832154391368
1.7830177439972352 0.6260408866480196
2.261975939549292 0.9914161682886922
1.5822913241417897 0.2606269614745166
2.158408508903647 0.9492661940346074
2.2113664144447274 0.41913253529083155
1.8578754668839497 0.3199663629002864
