27641.770131939687 1.3378292751605747
0.14515293755765268 0.38811814707483816
0.11378784391334415 0.3099608245201537
0.08862399205197141 0.2296543414673085
0.0972190245034284 0.16297403221240692
0.11746527685853843 0.1371858441003313
491.0136853347334 0.07906526277819032
0.3644800542456339 0.6138162224227148
0.43185524599988584 0.7227879292465738
0.15983107031860538 0.24490560253240373
0.4952554506934481 0.5740968883234281
0.4582382679270034 1.069542507183705
0.6141687406845973 0.8308218952403383
0.7292190250093327 0.48706458679912035
0.6583534098737059 1.016871674933306
1.5582207769573695 0.9207366880522101
1.393687146763221 0.9191856316786557
0.9702098371395085 1.0572541042734949
0.45452724952931384 1.1526435506232513
0.329132974698368 0.6903662227684904
0.2606633054598679 0.549483767136745
0.7924496376277277 0.5255489596028032
0.6597032599720531 1.3241104442550131
0.9168735574703171 1.3198436484542335
1.073069084157627 1.6848429340913003
0.48219674689815906 1.0984353735940584
0.618573377020395 1.0246317513964731
0.602883574599568 0.628742902307708
0.7315576997200228 0.48459036562908625
0.6636006696971973 1.3616570152422467
1.0087054531112067 1.2975447797717026
0.6553892804315941 1.0930883510495082
1.0251929312253405 1.0983569486276235
1.1473460206891375 1.1908295161106754
1.003630584863852 1.1166074676368394
1.9487201286524483 1.160043200415966
0.17603165567767745 0.46016040030837957
0.2339682233672066 0.4645025636496505
0.3241209632995854 0.4763911122334019
0.20293884402161616 0.46864618330205265
0.136511033995107 0.3205871706479052
0.16124738550255208 0.2158543518273016
0.17403373218578871 0.15649549505685817
0.3097199817777526 0.6200702810593599
0.6003252780671464 0.6707901485931145
0.7450909407360815 0.5666606863846408
0.20134895136299086 0.11809353522394138
0.5699191904516008 0.7444774261682019
1.6454446641122433 0.6414249064123967
0.2687139311739999 0.7039210483544467
0.23381639135808652 0.4854330008570004
0.14118267103310295 0.21198643107201398
0.1552254004386098 0.15861813848000061
0.3373580385461408 0.7441172153622586
0.6523644320594024 0.7369665976945545
0.7119631668933484 0.7210159145426249
0.4814096479733308 0.6376796840417498
1.598547121454511 0.8273652215328903
0.6759001611656774 0.8736101575494757
0.12699374599130178 0.3299894830768798
0.16228299903718504 0.3340435792659724
0.3985686981629699 0.44139826900557017
0.20670570860069026 0.3220354047242937
0.14832461601718053 0.2639981377598255
0.2473842111961692 0.19320824981387555
0.3102007120530154 0.29642593488681895
0.22423406145750202 0.1403019844582833
0.2234000584282323 0.11979953413605868
0.61728858190228 0.48298074130362795
0.25157090519047876 0.49792637503166487
0.21426228689302798 0.24111776922483455
1.194981683724868 0.7426318122055875
0.46050148337118946 0.5888331677593323
0.9596890523339825 0.6744821909460597
1.0326590477427056 0.7320214085845723
0.1232725649588712 0.2674475851245816
0.18080342365988666 0.2409046900092091
0.4935901876538825 0.33800553170287806
0.14470745063741638 0.23969116527858178
0.2049329013309298 0.1304108008145205
0.3247193026715598 0.26200403146514073
0.1911448228130665 0.3136532574386997
0.1932504986240634 0.1722179368892454
0.20497287597774555 0.11212633494629629
0.6491386735863323 0.49117544328667156
2.5453796288717463 0.6573239647824947
0.10190985910612259 0.1890585612674849
0.15125383264179365 0.1587632152549853
0.6905992749073789 0.207604875764614
0.16680246756926864 0.15399870553035355
0.2411053634080106 0.212741732425393
0.11922783108716953 0.12954133873787688
0.17400442222522475 0.0907136464926469
0.18764325756431216 0.09501813581939123
5.683161133144549 0.07829528568392455
0.4650724934755911 1.20651661029544
0.48135142752573173 1.0860101535187894
0.7392522050496093 0.9139494615711495
0.9725999680132698 1.0598579102890429
0.5405375356246217 1.302330279709167
0.4917283738146798 0.8837142358137959
0.6925495907368133 0.7173912294797775
1.3162120639667827 0.6464902245878699
0.9258841035237251 1.5839856342080987
1.6099414259980973 1.802960254703933
0.7678674040062249 1.369214644789695
0.602923653570296 0.7679949092436305
0.4708818438629147 0.5761802726987417
0.7909789798352174 0.5551974610259021
1.1012213656313052 1.794225015913514
1.2503856686524424 1.7026805687301254
0.4201433595482191 0.7449970732973733
0.386826025119577 0.5704792004274328
0.8818245439969858 0.6810617861134303
1.2615453401198589 0.6895805796467642
0.5519070123334413 0.7969520422138177
0.20895766678331096 0.11133743224934511
0.2935849634182536 0.6104531056456937
0.7627622851321285 0.5699781446262392
1.3086835150038414 0.740247621166157
1.6139391685676054 1.1306700066002813
0.4826363255943229 0.5795721124004707
0.39945077146146857 0.27077317290714603
1.4460703243945732 0.30743728253063796
0.4665230444719267 1.0841859176850919
0.6619296800898166 1.1326688306124286
0.8427126555594742 1.089018557135572
1.9612367367407628 1.0853152711940144
0.7631065117887454 1.1866604483177379
1.1414135883021843 1.3392130269580127
0.8240615725392053 1.3104967184573697
1.1113706592710666 1.0488496093989708
1.4816795361528683 1.4439513173766985
1.0796934985960662 0.64160494403827
0.6253852465551007 1.089658780003606
1.030188844347539 1.0959737125387936
2.0254760496692183 1.2342103489929217
1.2603738321963642 1.3853770834498285
1.0710820631514506 1.0880966951356448
28166.916473780984 0.8037501076729505
0.1540074488756113 0.3808826949360847
0.11955047573716203 0.30214629179687913
0.0913363495767667 0.2272698044001507
0.09981643788490578 0.16319626580996538
0.11946201957129411 0.13397469968764125
525.9840180313079 0.07921803878483552
0.3895578608701853 0.6971010528658665
0.49515078645569843 0.9741373748519147
0.1630822532528501 0.24385895135719532
0.5055881046142396 0.5457760504842293
0.4861721729611872 1.0664390728058986
0.6963371805249041 0.9932072072524546
0.9387799218885416 0.6554806458553146
0.786356390926727 1.1040728506157635
1.8566369770969589 0.9742505991776952
1.9191263733313844 1.0087409220331125
0.9711502197991843 1.0824000999356207
0.4546458984792028 1.1529495842390725
0.3318859412746111 0.6897837745355642
0.2611281768403119 0.5019680508619825
0.8132275318179092 0.6325547354895074
0.6634137297785767 1.4198957873628602
0.9194240967398386 1.3198131178056207
1.1024869143143239 1.732587341143994
0.5014654712597896 1.1447418095044033
0.6586909296918704 1.1164435400835044
0.6050279089668038 0.610568643814451
0.7719023132233576 0.5261615356606948
0.6646517428728452 1.175829666583776
1.2962873599181677 1.2844278193572631
0.679603672556546 1.1632271305616722
1.1954448907430693 1.2160944942073881
1.214210414780604 1.1948472524898381
1.052857500478938 1.0837698006898144
0.17961716718275816 0.4448454311573135
0.23498353168407388 0.4649424964366956
0.32733006609937465 0.4796920831620686
0.20499336062167514 0.48935918054140565
0.1445518660996465 0.3239706663853002
0.16349493376557483 0.20748975518650703
0.17717892175830857 0.15339826672602955
0.3285136041943493 0.6355562915407815
0.6012085816811656 0.6707896667390871
0.9224069974950967 0.5647061373903811
0.2075301133842648 0.12472424880056578
0.6012521353619957 0.6878617134243339
0.2691337061225406 0.7036700418425301
0.24701162885105593 0.43504260922615273
0.1426200967310901 0.21180164908846472
0.15636481933451613 0.15921080309175173
0.38228431677634767 0.7620959763521864
1.0467206525881534 0.8738821512901178
0.4830814942746713 0.632066538100712
0.7404224477415136 0.8910121846050372
0.13268104099149197 0.30456253382683796
0.1624142115683885 0.33405437431505736
0.5038504135114289 0.7073887275095198
0.2171193247942546 0.3728934671347652
0.15340019483658032 0.24410649965288767
0.3650733410304719 0.28359926686682
0.34190212502508127 0.2985274415291015
0.24361448123530244 0.15709963763781384
0.22901005433331967 0.12116807399842083
0.7104883086919425 0.5155442784942386
0.25641035179465027 0.5176601463612929
0.21499590847289063 0.23670439300146148
0.47118050036643944 0.5249067954505129
1.1487667812308238 0.7121827202261604
1.0895581041506728 0.6629612809140571
0.14764425259685604 0.2743610344774889
0.20326985455226093 0.24981181362029783
0.626892356545941 0.4306929967754064
0.14869514105337875 0.2405662583294927
0.24879673686775655 0.1585451009149466
0.33245190635537913 0.2724986825569465
0.21108828875461919 0.29760930331312574
0.19383352138863774 0.15834675805474474
0.6502312801910068 0.4891710931657073
0.10912134544773325 0.1923842282606829
0.1525064962630292 0.1586608431322957
1.0579425816726227 0.22557734140791164
0.192867795637006 0.15890191973742665
0.24223677707283015 0.21458314734786071
0.1267312441976773 0.12882802488039946
0.17556518542650584 0.09079465046656328
0.18765736174234454 0.09486788418593285
30.81945397290115 0.0783596212657527
0.46742307089569207 1.1885286892508526
0.4931572827712198 1.0802645946401725
0.8090157967092937 1.0746412556197966
0.9728481254099214 1.0599590010114477
0.5917329237430181 1.263061965066206
0.7152165209102954 0.7575397147206786
1.1229585867022898 1.6529504665676749
0.7912037687520135 1.384570676217167
0.7684507406393921 1.155161075755479
0.47210433198578916 0.5718558451083536
0.8121074868434104 0.5282058386267708
1.2900956343746386 1.6755448124986678
0.4205147559845328 0.7449866948472506
0.41150161735392043 0.6092996402065904
0.9374494599542496 0.8935954734996183
0.5540863720066356 0.801209840252411
0.20934797921090217 0.1112081381136189
0.3015268645913671 0.6050391541791302
1.614338945747026 1.1291324896425914
0.496249194300852 0.5594731998904074
0.4664321039511055 0.3031084355253264
0.47656538025951856 1.0826952536628145
0.6764950838054704 1.0885491538045458
0.8514949655644365 1.0894352239166496
0.959402404455898 1.2304729321442909
0.9756213122317539 1.331770309050872
1.4851737546912216 1.473220566197256
1.0832381812915512 0.6410536824767581
0.6266532269819455 1.1193496688604678
1.3625211852680956 1.2239039514510808
1.0783384360009287 1.081202267222214
32244.75937182155 1.6662263574884424
0.2061845993546177 0.43203246860503963
0.12553095090627958 0.3224043063699487
0.09376999019771241 0.22869879037998808
0.11426209649791455 0.15105812357436305
0.11954714243170897 0.13810450538907243
537.9369824320823 0.0792988608071683
0.3978291389709955 0.7430498431798808
0.540285993279454 0.8623471581146749
0.17034638135054786 0.24230518665503703
0.6135231952050902 0.7370694578495731
0.49547424016854535 0.9082781994319162
0.7070129158717607 0.9951745785892808
1.1534040613488694 0.7385972273185926
0.8414079707366426 1.075704148195164
1.9279537182446806 1.0216352896370082
0.9996321110927209 1.0814735000917992
0.46653776304123906 1.1955976729520787
0.4982180702460008 1.0167743232804782
0.26424861793386495 0.5312353613125548
0.7036407866081279 1.2837567452719836
0.9366119147736768 1.3191103721960644
1.1028408318873741 1.7325859853397736
0.5045278759794913 1.0508395237701633
0.6781233529473936 1.108343437701365
0.7914281715075707 0.5317058899693854
0.731617072329601 1.421575578863043
1.311552944790583 1.2763728658757136
0.6842190651160518 1.0758464922816355
1.242577073310576 1.195327940355964
1.0728679861594779 1.0856212252120372
0.18018824537966077 0.4608018512795279
0.2352269664719249 0.4650640386011584
0.32787272556523056 0.4799147878762827
0.2052570044505942 0.4684908648788946
0.14579605353834646 0.3121116581861208
0.18174951927756616 0.23170123293567169
0.1776841590378357 0.1548332647029693
0.3383178954293996 0.5967237782094458
0.20868153906937126 0.09043390845994967
0.6163610007856566 0.5529040507833994
0.27128141040382375 0.7042212145736471
0.2491300892055215 0.3954553478049897
0.14314725129692005 0.2128676396788597
0.15874120059204494 0.16163365008144392
0.40514989132257245 0.7623979485079803
1.053570138005374 0.8852319073431129
0.49401834258501987 0.6668997557379066
0.13269115310560475 0.3178251358374373
0.16306702695540437 0.3340889547902581
0.5073773146349619 0.6777967152580959
0.22732190945190772 0.3572575585498372
0.1534914563517883 0.2449721446458084
0.34377938040990036 0.2720116258353772
0.25129926518574724 0.19237355387039579
0.23866055061350025 0.11761490202716102
0.9006598493329369 0.5885927856641624
0.26668801069946896 0.5176541697803424
0.21517083717133262 0.24271539398475495
0.47868926461281947 0.5304109430802799
1.3131138421801964 0.7540754772189813
1.2871922334553054 0.7763854310326934
0.14786835223689376 0.27370066236083285
0.21240263701376633 0.2326317211874817
0.681199116116419 0.475248769529651
0.1511032687720846 0.24297789586442833
0.26069923864967115 0.21864526977417187
0.3392159639646287 0.267721984464539
0.21247139225378736 0.29745260284016545
0.2013149742754683 0.1543762702435738
0.6537882724267774 0.4866491677178787
0.14656470050017048 0.20870923249033035
0.15434703762617083 0.1582205038815552
1.1637862429868717 0.27040526261659614
0.19418477983334576 0.16034578051945814
0.24264034308954158 0.2117661627891739
0.12854986614724287 0.1388269948119263
0.1784250280550348 0.09233332659808895
0.18768088132483673 0.0948731541699728
34.90500977743519 0.078370494797716
0.4905137215809298 1.2642249044579779
0.5177330192837313 0.8149920348852271
1.0512384683159155 1.0633267944721547
0.593843271119445 1.2843891481824263
0.8062751442306073 0.9045746841853144
1.448859771611805 1.7076215739371188
0.8548648276110484 1.3382665028398564
0.48741311804003584 0.5307785886391354
1.291106708989612 1.675636060071029
0.4480178832325855 0.6700495178247627
0.48150706750769146 0.5467022257649299
0.9960004322019317 0.6620817702960672
0.5587243293781436 0.801560450139154
0.47852068752449506 0.13594185951027699
0.31556288550190703 0.597756967968307
1.694998867030134 1.0928390041143219
0.5162717768861023 0.6151044108108505
0.5019195094068495 0.3543476094451193
0.4853776178140567 1.091778281550073
0.6801887776868774 1.0815265480827576
0.8790229087875323 1.0869992237655608
1.0277306202199328 1.347346204161247
1.5141584581505456 1.4959248966326824
1.184022664464254 0.6751003321793252
0.6895805666859632 1.1074302873558168
1.0818441825847143 1.0821210193807593
34660.74502519972 1.3548141096587143
0.21895408233610142 0.4596118474104132
0.12793987660494274 0.3253199490034695
0.11261334617034813 0.2307930974082647
0.11445190321801392 0.15092750048961728
0.13521129556513004 0.14523784953043495
561.0006043839035 0.07924383197547513
0.39977482084549976 0.6780841778990104
0.540528107559526 0.966113963035319
0.1712579641208099 0.250127887670166
0.6742188944332363 0.602257512568789
0.5063639619521693 1.0546774962558563
1.7916412729234046 1.0060916450229793
0.8603848945559115 1.0833477026190628
1.0960678194881799 1.0903654860513028
0.4710028944222401 1.1849797361961067
0.5047763367028412 1.016534791589381
0.2824473601540912 0.578017644837034
0.7266584700204842 1.4560043365942419
0.99216147076072 1.3262109419179273
1.1063051967805257 1.7045683114602979
0.5121758603770823 1.0452040047649693
0.6946907470938681 1.1100125589449688
0.7928609740195538 0.5254582892468587
0.7688465854004372 1.2309049157366059
1.311906684670853 1.276400975528791
0.7041349559628011 1.034364717545599
1.361341415668357 1.2749608372423917
0.18644456545230365 0.4767557843528591
0.236804274190999 0.46590598816516315
0.39713815498465765 0.49368216535119724
0.20592370575411706 0.48894414697619026
0.14583853947522604 0.30920643497635414
0.32956606526141863 0.4078957534898456
0.17936035451535637 0.1648900228989915
0.4132586405970372 0.5472553167452613
0.20903856556722283 0.09652796224521451
0.7198005869558604 0.7894784132208943
0.2744202816372268 0.63712992580917
0.251586165389649 0.4265676035758505
0.14329139878218267 0.22101360775112772
0.18155463786239356 0.14061074737768475
0.5718531977510567 0.8773717428738235
1.062649557803243 0.8832422741443093
0.4953723806596599 0.6238637359726671
0.21021197125237434 0.38184622438366594
0.16576179412353115 0.34283295432477495
0.5181889836071016 0.689099820492098
0.2349257905261741 0.39467542088479923
0.15579040774031022 0.24602404802217726
0.3547952963922115 0.307018813030512
0.25065726531775107 0.11721402331311748
0.34948647809021416 0.5691961874862597
0.21730513089305753 0.23885441560240142
0.482362056721482 0.5321400914856157
1.4069762582429672 0.7546178866747604
0.17422397782627366 0.3044151329339587
0.254956934260885 0.3220511544770962
0.7093852656229312 0.49578456210662597
0.15488588337574524 0.24606783970566642
0.26638878818142975 0.22474467759659272
0.3401699627478395 0.2680939893357537
0.21253613292494755 0.295349169888098
0.20235616189238834 0.13687210394088392
0.8323862307923662 0.5718977977727939
0.5949118721848833 0.35114685067207096
0.17742994298788406 0.17368146829355427
1.3448672808970819 0.34555435071841334
0.19578511147239608 0.161633388486037
0.33656500974165426 0.2633178612141286
0.13059149951581783 0.14221872998454826
0.1790089936730274 0.09192872038526853
0.1878581353646526 0.09474740730925153
39.17711141184285 0.07838142925476456
0.5328180527537592 1.2819526997510153
0.5264141080625728 0.8317774191761276
1.0644771049773092 1.0744898006783876
0.6266874746564817 1.352807290062232
0.8439329661064833 0.9000631616688965
1.5569510696076005 1.798655351423269
0.8562014488776626 1.5917376839591548
1.3805637793401635 1.888619489406698
0.4658749409582446 0.6719707634965204
0.5588423965859932 0.8015098083943312
0.8251625047690516 0.11378727847143155
0.31909807623177044 0.5977720088082304
1.6964354117001548 1.0926528199812036
0.6636419256284558 0.670135527855368
0.5437389828965569 0.2990301262415478
0.5003851493490518 1.0840231075848525
0.7117637456686585 1.1080746816305749
0.9393909367062165 1.1168246102576052
0.7463672882179616 1.1290302164970556
1.0978657600760746 1.1584292602086879
0.20435459900803205 0.10965971594991966
0.7129908193407748 0.6595133699262903
0.21007958828613854 0.09389113651238153
0.42478865980961544 0.5540812309489902
