4.566530047900693 4.007898094522203
2.447791587772451 2.6488573146893586
1.647940406155565 1.9321192754182057
1.5827583976342927 1.5543438076842602
167055.78747884108 1.0218057455005254
2.997331448531288 2.9953527579025767
1.7622913282601802 2.0101943882300928
1.5711680826933196 1.5840887891768536
1.769998752574837 1.179896641836439
4.275842390241079 3.735970407188775
1.8775093628906634 2.0197562763855945
1.5922169870423775 1.6806673784138333
1.7891138912993716 1.2050648848381103
2.653499849082589 2.7382476293740177
1.8267430888831586 2.0408311557881222
1.6198926817095076 1.670035128582429
1.8131287377610605 1.2148379700480685
1.7482977587489392 1.956090749844185
1.6498561568910763 1.655152503408075
1.8430016042222803 1.230202697423763
1.70788646441037 1.5931417175418836
1.8806158897248202 1.2459641793743812
193422.47927745673 1.1137620439850022
3.4652573125324375 3.2626600977350337
1.7537238929407755 2.006398341346814
1.5677569823299808 1.6009916272705054
1.7666667811061512 1.1840889610048837
4.020563964291976 3.607572548983117
2.552904004047909 2.694799082610926
2.848647001625224 2.25352411390837
3.3346880704719157 3.1460068150134717
2.603669809154817 2.708478942967523
2.838175064902869 2.2436335474577134
2.662166878547122 2.6261364328834778
2.7775123547849874 2.25839472257311
2.9831352093326053 2.2519856335036126
4.473399148392083 3.95356864307972
3.5144005568485226 3.3680543750678456
1.8325353894602516 2.0505774968539443
1.576594758719372 1.6763343586290034
1.7719407779678669 1.192769645368206
3.2301772638660986 3.0721427995078816
2.5543537189730925 2.6823306776502065
2.7385939562917376 2.2526007858216714
2.6119603445685278 2.6678525654927356
2.6785058590711657 2.246865541819698
2.8819552936693063 2.27281553916937
2.42576105082649 2.6134043613028215
1.7482543329708187 1.9950198216896433
1.572854933524722 1.6473000094116983
1.7781631682303891 1.198690894492272
2.870602586712483 2.732324044925866
2.7660448910150093 2.2498973986234265
2.969403672913134 2.2441115765778767
1.6800610914966603 1.936768384248543
1.5863743606244793 1.6060404033555145
1.7908003437041624 1.2161001864900358
1.651113744963872 1.5769339924145895
1.8087415439773915 1.2188511845523404
183603.83846819837 1.0735257061411456
3.0233640158891832 3.050743844213773
2.6049021782550095 2.424797839301892
2.76957606952433 2.1438418414448925
4.061004884870767 3.6207860394042775
2.5539153454160433 2.6994297539442966
3.2093056057504823 3.093232950205379
2.5774782760141006 2.6861053096843603
2.676981219721723 2.2968992763047136
2.550318872820741 2.5555184078534463
2.7570487827768173 2.1955293929444384
2.826471072238966 2.180199144194839
2.5429005191539296 2.716233971915143
2.6725575681389846 2.2130162065038004
4.179542638714908 3.69576605190192
3.840376945722927 3.4719370018083033
4.011949019069478 3.211779963125883
2.915300784265507 2.8508843578059397
2.5270849152981585 2.6793427465326047
2.6200704905735925 2.2125081184968187
3.808732099128812 3.2358675582189296
2.479454167874007 2.530339270422467
2.6950267958696887 2.2337515312355327
2.74417299453076 2.124898214173969
2.926685677322048 2.9818373780652148
2.4931710559160374 2.609021203350089
2.6949430760488675 2.1804313957978287
2.934249195831208 2.9806024746819952
2.516972552636506 2.6773111606371995
2.6171461003624126 2.2247224402648293
2.5174950366814857 2.571639222217822
2.64159154911284 2.2564832267954618
2.730896764937148 2.185597398050459
3.680795080159515 3.3762066760887794
2.520766907415215 2.6929189074794264
2.611998161622112 2.2429198971857436
4.044641787099996 3.358177355182703
2.4925281637612153 2.61691209766121
2.630914368045587 2.208124976369409
2.680518012149997 2.15338417807381
2.663447606909952 2.892218607253982
2.512467778622508 2.597109424709738
2.715332616687175 2.1787222587683965
2.464634734052617 2.546300840360448
2.692124353484292 2.245938727587193
2.788627025172005 2.2600557004512076
2.4978394173653276 2.588931473377299
2.7621840606441888 2.163071346170679
2.6744376814931883 2.157135331638454
1.624247460456629 1.8614529477505537
2.7608524286325173 2.166486141510638
2.735598416119785 2.1786181866175323
2.828831797863372 2.1711269657751426
1.5718892025518971 1.559621206734383
164618.3368728856 0.9875940352628696
2.8944238956232295 2.9120162880161584
1.7597514183086043 2.0127955515651514
1.5713771597560027 1.5821246227610726
1.7688058983107298 1.2255147794016967
3.8653538325697765 3.5475283070674366
2.4908004737276146 2.6439282773857498
1.5714778435051808 1.6872754525753229
1.7697364826107733 1.152011665576639
3.0669674762872337 3.0067468283844314
2.4374851230359553 2.49024708509502
1.5957785229843915 1.7341594848062956
1.7900472785989188 1.2017685961673292
1.8430153494040804 2.055923480962756
1.623515487468567 1.6868832374527722
1.8242686831600101 1.1959800671604366
1.6914840499637558 1.6695307765681369
1.8654733450676826 1.2603874296350324
1.9281569570551325 1.2440867839325291
5.688499790015723 4.50160826451059
2.007595016458567 2.0868568382582615
1.5686510484981984 1.695372246981203
1.7672908254082524 1.2012187716295193
4.17927390860674 3.660018918457558
2.662314024629944 2.758282841490645
2.806368862390125 2.2928446527111896
2.6486329334858123 2.7497865593857913
2.9787830068591936 2.951942248122243
1.9673047381253708 2.0529849211312814
1.568107311556459 1.7159897808686309
1.7719440653078902 1.2079023395122512
2.609481648557917 2.7159821002903057
3.085066137579579 2.370073762741585
3.025496709970349 2.3864266124259808
1.7715380638231402 2.039508685777172
1.5774505090355566 1.6857064733619054
1.7880106665622215 1.2183706412754325
1.6302489289465214 1.6286478433721605
1.7975612297720058 1.1966909681087632
1.8631417864303066 1.234133981646647
3.6506871665847505 3.34462306786273
2.515588026495181 2.6755342427829927
2.8411575815628445 2.276717360464936
3.95383849411784 3.557449762113301
2.6330435403422374 2.802635894594909
3.0357089851041104 2.5498319327989565
2.5558439088410063 2.6692912784456917
2.8790961908247104 2.5221546749849355
2.688362577330496 2.1993544231871063
3.7767584406225554 3.500292643432842
2.609671968728878 2.760430505515311
3.003794359354746 2.44141985509974
3.9735106568455305 3.4539767583555028
2.509802377677363 2.667112996540018
2.8586944083008645 2.2964649202514176
2.632499606767999 2.170837291669705
3.4409909427413767 3.2051848792680055
2.503895040220981 2.6660335912764666
2.84395381593399 2.4059344878715274
2.5007604716926792 2.6462007008927984
2.7530203341878026 2.413411179951143
2.6774224982269823 2.2248331030504427
2.4977364410892537 2.638749405781101
2.8249996524569143 2.425708342065795
2.690746093930383 2.300439443671329
1.7383920689793286 2.0019110677761716
2.905989103639377 2.3532103125031263
1.5566336533916256 1.5991547365767267
1.7504200492640978 1.2027727816373397
5.355318349648414 4.3680369035237945
2.9130413609145327 2.962724520522448
1.8317999904989977 2.028751425925578
1.5630735029447314 1.6487265347000544
1.7666185602239355 1.2003268983388464
3.7697033883562314 3.4911861280502112
1.9919299233522954 2.0395350386235513
1.5683728989996735 1.7016584128551655
1.7702872503677076 1.1988540702928048
1.8857942612142984 2.091135615258762
1.6005910385250264 1.7340162399236119
1.7943214951766775 1.2079854225222106
1.6526567688512237 1.6790319829166263
1.846746910574041 1.2758508474976866
1.9136017006794572 1.249874970305887
2.897509771291954 2.9262164120138987
1.9702290722720124 2.097543322248157
1.5611111190478608 1.6952658925847504
1.7623498185405748 1.1909782197746575
2.625391915407981 2.677067390147907
2.8990026717793485 2.3748275808762895
2.948187080617756 2.371499640616827
1.841579289373758 2.081621428446639
1.5720129603438486 1.6900042883239543
1.7779288790257537 1.1864418719666292
2.7998250695994984 2.2815056831176026
1.621130300094873 1.6910065413280555
1.7929002177452098 1.201888669159303
1.8608411091116686 1.2311892364878556
2.9776823895166933 2.986806046692863
2.482082672149234 2.644226130109064
2.9418424046565486 2.4773279311543894
2.497699433160233 2.655370621840091
2.8661924642566277 2.5463152640397717
2.630860800681155 2.1450559214562124
2.488829258593781 2.6359219335052284
3.1819798419268754 2.481400134371054
2.5804334375903593 2.211398870237386
1.8216946227669732 2.0361506011331834
2.8314168671787834 2.328597515424103
2.63340179645461 2.1859078723220335
1.5573118745189678 1.6552057372852649
1.7572923581041417 1.2087225863550939
2.2719314600323504 2.4230054692345213
1.7510208766461202 2.006327382169555
1.5607650288745796 1.6391293726547462
1.7695263768334237 1.197492581349594
1.7705245914187588 2.0473345055933176
1.5667572795669444 1.6817267279423251
1.7694153640281014 1.1690129242449931
1.6260789341163178 1.6849819905160164
1.801407918171426 1.2228401248331844
1.8845152152731115 1.2189011096955784
1.7634822315322616 2.024972431480763
1.5700166132707647 1.6843107629956604
1.766463137801051 1.1899123343058204
2.9962152105480406 2.328273557131925
1.612278986821805 1.6742748437468151
1.7887046360826264 1.2101135745799705
1.854480674967641 1.2146503674646647
1.7404139384559767 1.9863559264312074
2.982215689031003 2.294544108513761
2.7350803507629053 2.171632610233928
1.5513240228471794 1.6221983117103758
1.767548723046135 1.240057538117149
1.630772007398536 1.88108894990725
1.5620360626833287 1.5871991944978072
1.757369913250938 1.184880102861582
1.6027913845854795 1.622931194234763
1.7574123868829101 1.1617765787561707
1.8463859625154653 1.225283856585302
1.614090887017579 1.592713699811147
1.7842854070681358 1.2296755019171957
1.8499498894456978 1.2261641078148475
1.5623802860072566 1.6009721784883142
1.7577041723522822 1.2014646186685651
1.5792811009585215 1.5648447760190536
1.7569051854746327 1.1823956914112668
1.8130027190782492 1.213686258960884
1.8401159813541372 1.238630585380161
1.7583282404186313 1.211950826070309
166450.74230696523 0.9930228217601206
1.8445531281568828 1.2303611719876173
2.9496617017009057 2.491885755343343
3.2569852102799137 2.547458386571976
2.6300984457023318 2.2608527902135043
2.0145309782784233 2.097627351109676
1.7143973208235055 1.6399796726412956
2.014148842663902 1.9499437226170633
1.7369785161681708 1.7235736100024301
1.7742724363216607 1.2600306870919833
1.8141648207976957 1.2283869918847594
1.7139597776873736 1.9577983909261514
1.5684880047868104 1.6362082341333857
2.699752737514146 2.2958979552713887
1.8609050138769783 1.293550654892843
2.706909518041587 2.214687887548488
3.172919272822236 3.1528082792173375
2.48893961060944 2.635600615366582
2.7136362679979142 2.9232630618930706
3.025294466465774 3.0547905952051733
2.5748890895797687 2.6675902857701765
1.857145180299122 1.2315692628429566
1.8881429442653697 1.3131477611727336
2.3959788527431245 2.6080907082114084
1.5952276431241645 1.6491569099606482
2.9090796863249704 2.463142956966801
2.457784810209062 2.4582749151359495
1.8407602984975577 1.9779476242614882
2.629593303340527 2.6120775598269472
3.6688028167726143 3.422282798525819
1.8466448853173973 1.1966028996737892
1.758547610267959 1.1987610153383952
1.6081322291422138 1.7513226806938884
1.803538296948262 1.226257795475108
1.6218494067493312 1.6844334805804275
185810.26480885726 1.204544283595546
1.8077705643278978 1.2524864727151122
1.8563639975591606 1.3491607416838405
1.8498337444956776 2.0958482351200876
2.511020035362039 2.6574169936991736
2.572100323309093 2.7148597979482227
2.7195834260809733 2.189684721551663
2.500781662615387 2.6458461583869255
1.6050146637062779 1.6231893079482356
2.837409304415509 2.6988808797230877
1.6740510921485106 1.6849169150661871
2.9008278016516025 2.269774305873148
2.632425808396718 2.719839431056617
1.5660200560674409 1.647522557537904
1.8731119526566324 1.2753909974239381
2.65204835048084 2.6435164395012443
1.7736370624735946 1.18795343072899
1.899520795105481 1.404254836403144
2.8626747214077715 2.2959532524456643
2.90502324312064 2.933203456853769
1.7096591741349227 1.5929823217586334
2.800985333297487 2.7305262656921214
2.608137287845386 2.719775161651417
1.5513566098627416 1.6228515656729425
2.7708866392159264 2.2515027416527484
1.7814355389566021 1.9464337364464332
1.8879215552652462 1.2102179391421066
3.796960702945683 3.5975105904161846
2.519293959852207 2.6839380346104273
2.7660379576179857 2.5525692935174833
2.6884317078571773 2.2503685991397955
2.6873367737884775 2.649306294794358
2.1782584903797066 1.2386386256799704
2.9676657385843614 2.451635393455753
3.249291895895293 3.1290793672199926
1.5588072300535847 1.6638892796594587
1.762378314515264 1.1917442652508707
1.5815202223994822 1.7027072125936296
1.940195202434806 1.421187402820916
4.051282289657429 3.4241614529224247
1.8237913379074886 1.21856651856613
1.7606120158183822 1.9283172640872113
2.4546117236917433 2.633552387654963
4.14696624229091 3.7780293453204994
2.588212849762076 2.724548761837157
2.771095136220121 2.15995002566465
1.596415116963628 1.6291596898212692
1.5808638897216418 1.627232457835929
1.8007503490758725 1.1973645676426574
2.983274103487636 2.680049307517619
1.768424758557777 1.1909226785030729
2.8362297895885713 2.121393673774458
3.0589601684474603 2.4543107981447108
5.621761106867845 4.521711965285003
1.6615499043483297 1.4419261903123788
1.8364158868369043 2.0520752103805577
1.7630332936230009 2.011150985404893
1.865084483845405 1.3000742128471454
3.983607439113868 3.4700943109913833
2.732951657500121 2.1942814158779598
1.570497886751295 1.6954687220873108
2.088084289573575 2.1464330920284898
2.8733274433358176 2.3301982851613134
1.748701061589823 1.8134543222736645
1.5686983434962651 1.7188826441524656
3.0210182950677673 2.343836249520609
2.837565031579844 2.081819362309192
1.566820539362277 1.6867900410423557
2.6849366804429016 2.1462221926658867
3.362103620266131 3.1900571908667814
2.636149261833844 2.110907794655308
2.9283867143769844 2.975033812260487
1.7736090208747348 1.2059258022245436
2.5271750460286944 2.584708306682514
1.788303262440773 1.2225889307033357
3.6585866375883063 3.344491010376029
1.6190349024200894 1.6669114694139575
2.6667659965384676 2.4388232247687114
1.8201634339153179 1.2470794343155878
2.5566017530015155 2.714401537382699
2.8703724627191427 2.345987262586557
2.8436531567931373 2.1633032954446416
1.8026131750861554 1.2537611973688234
3.8094061897545037 3.306283837082187
1.6458439208086375 1.5317283680530878
1.562587013229298 1.696976528400396
2.7784279228740196 2.25104908261098
2.8797790532945164 2.3582758611293464
3.197964802389295 3.142729785242981
2.6394296937788515 2.7753236785367585
2.7629452816562985 2.188735387187089
2.6648309227589797 2.771698444856722
2.7931720259659296 2.6047700924749186
2.6885165308723873 2.175788516221398
1.634580967051342 1.7046378338682249
2.7162137925849534 2.391801692587736
2.6490396732375014 2.694504534559874
1.6353053472969354 1.6210419529690503
181125.6158752755 1.1437033107938193
1.7620997435963932 1.2059809256146024
192858.85805230017 1.1674218230928433
1.5681323189385648 1.6014649115265611
2.8460603624359018 2.2493256695781683
2.8116106129876446 2.3223735753774624
4.12410891524536 3.5359413607551406
2.756441757590916 2.3377697797947192
1.571135825724837 1.6896290667234473
1.7616701021406183 2.004444228957606
2.836659032150395 2.203267377614361
2.647031347091343 2.2693584066616754
1.5799605689442986 1.565545724898793
1.6540864977659893 1.6798059688371048
1.7916160088619888 1.2160606502404507
1.8777108595838865 2.056396779741674
1.7997869389443122 1.7421434915258258
2.8616444231654645 2.1496853156522078
1.657519770918668 1.591075292334481
203775.23132965676 1.1838728961492415
1.6372557737373092 1.7930599145007164
2.5535838977304093 2.7090413535149045
3.856021683191456 3.3231264946146304
2.801596006177049 2.1673759058668853
2.6701755727784677 2.5824703650285423
2.7378033818218412 2.161945005519136
3.0725876978736153 2.7145195672164264
2.9896111023333702 3.044125857570137
1.9338125567597264 1.2899876757000561
1.5727550769401977 1.5620878754559189
3.0860592518415095 3.0545614509466916
3.783520338986805 3.468105845797975
1.803700052552693 1.4393263204578273
4.230728066426747 3.8763273315228473
2.93574596218987 2.569335151262623
1.8497914310097063 1.2274336810424544
1.7764899339898208 1.2283955688235242
1.7704444069129894 1.1959695187365786
1.8925627204480073 2.1155256628001315
1.7414910930470624 2.003298609051084
4.6600330315381875 3.9733870381117797
3.983283130083622 3.6235492516619026
1.7768277514542175 1.7326869409184225
2.855550225484171 2.27447899859384
2.8350907696735845 2.188848030412077
2.515297866325581 2.6538594954592947
3.004114104881374 2.4560066145603443
2.5456092577029494 2.60093134243383
2.8298565157691353 2.18609211280919
212765.38537865007 1.2470720957507981
1.8730528173249479 1.2749403616606538
3.8707283721997117 3.5045706597871567
1.6243119293148465 1.8862623715938218
1.7802448534138984 2.009924819309623
1.6638228291847803 1.5899838972599525
2.5679525537707937 2.3916599830557383
1.6417165242925873 1.4665991577349349
1.921296838658037 1.257604261259298
3.9496304198107004 3.640623730832719
2.8940804546053154 2.2370288377278444
1.7550020964430622 1.2001097404050303
1.7755846425356931 2.056784317498923
1.9521329004228902 1.273963229004191
2.785237267535443 2.592152073625156
1.7947682187044809 1.208072872022363
1.6494149105513145 1.9323752066801805
