6.0365416418725425E-6 4.074583713286963E-7 0.0013196099807863614 5.621629200948981E-5 1.0005588545873625 
0.023770188495902678 0.02986077567138987 1.1413078893867529E-5 0.189320959940914 0.9817676463958201 
0.023900000418892963 0.019085177293672193 2.6028180105443138E-5 0.45078486855630095 0.8925231351755372 
0.017267593501550303 0.03967877429131946 1.613333189728267E-4 0.7056124198178427 0.7077583891352712 
0.0027128440404265057 0.03880043922819329 7.72901167215926E-5 0.8940854497464964 0.4474588588731463 
4.830690701898418E-4 0.024550568173622157 5.402896151294392E-6 0.9785452275811645 0.20696766725859597 
3.115040081016959E-5 0.02500534242659951 5.5856147874867796E-6 1.0000796055347867 0.0028197172494712377 
0.006796248361346796 0.00729070559468231 0.20761889256370109 0.0010961940807073171 0.9789885174829766 
0.00503122474078529 0.007323358981360392 0.24096327595833347 0.1926159532301272 0.9515908058494851 
0.008150880156381416 0.02429061918915421 0.2653495758334242 0.5242579198836702 0.8093441632591143 
0.009809423544853665 0.08207218825472669 0.2639286196560684 0.7943800685123582 0.5415879874537519 
1.4443629724805734E-4 0.01104898967057502 0.27462846837302796 0.9308383827925711 0.2433831447819657 
0.004760887386840921 0.005240303549153528 0.21611042980444378 0.9770113814918869 0.0011576227231997094 
0.005169596902557349 0.022046331712652186 0.44360635826670475 3.805922445236713E-4 0.8963857765518809 
0.011520950061226864 0.03455210609444508 0.5176212526372408 0.2704335048750217 0.812103355856341 
8.581229707505081E-4 0.014516463236222717 0.5579389277371517 0.57929317900204 0.5950813715847832 
4.7410712733326284E-4 0.02909204191389525 0.5343769400972961 0.8051540901251956 0.25823554526634124 
0.0016806494077620019 0.028265973569490076 0.446907910990012 0.8945639651000783 0.003964058754472156 
0.009372527688061308 0.028777060473661707 0.6645675650596965 3.411829817518528E-4 0.7471889955530523 
0.0019455315027632537 0.029623202710286935 0.7900618887020444 0.2868936468376025 0.5417153141710697 
6.062158970197705E-4 0.025072043976197892 0.7961010231630243 0.5389632173456935 0.27578498018728814 
0.0025145688795552533 0.04381774858614626 0.6927105069172521 0.7204204731693753 0.0029257589538775075 
0.003341219372336525 0.04698721235966285 0.8982475763812512 0.014460535545760198 0.43764362833895015 
6.676200759991077E-5 0.0031345247520432225 0.9420514357996375 0.2323942730899256 0.24379088447109512 
5.4479926791897765E-8 0.01950537407413398 0.8977949076404298 0.4407225593473827 0.0024715851941958795 
6.470391036958322E-5 0.020526632252602914 0.9801036472648276 6.035752711730017E-5 0.19931423755086772 
6.856160322966787E-8 0.024547017532261257 0.9798060243344071 0.20003136119489415 0.002458284804118365 
6.998476224032345E-8 0.02505654921676308 1.0001442268638188 0.0015375405836540012 0.002937953309246665 
0.1179015868263748 0.14805196170970064 0.06465363470646963 1.7442516175759178E-4 0.9806558263938365 
0.11348772223136845 0.1717803795580878 0.06414517083367918 0.2768407066047993 0.9368790694046818 
0.06642513769032378 0.2629275881269245 0.001125518830786581 0.5129009038306213 0.8150138422269174 
0.025943327960429675 0.2756470521167987 1.2459347543472234E-4 0.7867765295973487 0.5523597696649011 
0.006034790114210434 0.27411763337924566 1.6225496139855485E-5 0.9317546176452195 0.2404020565806211 
1.9588315215398518E-5 0.1996168059567087 0.0031824479701681326 0.980273116586599 8.570975746611235E-5 
0.003202126590608471 0.2632459109742046 0.1641884810570091 0.003377676463925805 0.9511441858162537 
0.0022303086875807595 0.30954454637925366 0.2531179110068639 0.2952310929630754 0.8682350809423867 
0.045070840234419055 0.32684526142251785 0.2797246144690199 0.6448948591406228 0.6307074166079719 
0.011358708762308434 0.30385445290015034 0.28150997260554866 0.8526293456667738 0.31989186231616606 
2.4039140143229535E-4 0.27535763866440266 0.2348503400376264 0.9335984748088564 0.004450076974864451 
0.06061287036910099 0.2584904532018999 0.46132562615144246 0.0013360212598257672 0.8470675471591697 
0.018313316029599423 0.32991254041407525 0.6042217177502462 0.30725079427094304 0.6578715959534471 
0.013128039316382026 0.33703808286787457 0.6023264706379237 0.6426798177996774 0.33397611964481566 
1.5374104261275527E-4 0.29333735878614575 0.5115451041772359 0.8081600162438912 2.6239616496803454E-5 
0.029413967154777055 0.259510312551503 0.7963373118290387 1.0777571798745153E-4 0.5463936601497077 
0.007188591851048731 0.3015977776032285 0.8660687133844511 0.29006920772515277 0.2750331524161282 
2.1812112622208634E-6 0.2851544651557635 0.8048542066291579 0.521122452018985 0.006743002260857664 
0.0042745979568750815 0.2556908278257191 0.9341811560808192 0.01065530440263038 0.25079320146596285 
0.0018634903896992902 0.2467402251582596 0.9425678643525023 0.22669666271320893 3.528781657507224E-4 
1.0798856403625274E-6 0.20969968888377885 0.9781097048498909 0.005816151869064246 0.0010419130941477488 
0.09816045031894376 0.48521481323287813 7.242513653919517E-4 0.006993248962122917 0.8693589687160301 
0.007995026528161633 0.5146999498896353 8.239311961576582E-4 0.2903530030735706 0.8071235077327932 
0.048699247753196444 0.5738154912268946 1.3208594511678952E-5 0.5764797420680895 0.5804676518601917 
0.008843197353975719 0.5436346094836991 1.4204224689172174E-4 0.7992335837618999 0.2577073492565072 
5.074748411290789E-5 0.4508791133987713 9.716209795225228E-5 0.8930841765456603 2.016018350891535E-4 
0.05735505374959169 0.5342414299002732 0.286315081927001 0.003237244341448084 0.7937722731072069 
3.833198138158741E-4 0.6421205359034828 0.29330973660569215 0.3079066364872963 0.6386640680360219 
0.024125518728766632 0.6474361445585379 0.29163924383777307 0.6213579400965412 0.33157674028879097 
9.528810048384119E-5 0.5537915177855764 0.25377440556046477 0.793518610591423 6.797613335113047E-4 
0.04412825727836167 0.5741442134970107 0.5700840353336423 0.01394134264952109 0.5866498332771424 
0.007684495756510739 0.6454452438579832 0.6139907888802341 0.32765276222746437 0.31588234130555304 
0.0023239024861487125 0.6029267325554805 0.5663873834086653 0.5625821580168329 0.003650064712105387 
0.013646692573654586 0.5419160241579872 0.794624859852437 3.1363022764950007E-4 0.2750510262380618 
0.004738921033195109 0.5488782285136358 0.7953381467307895 0.25856238748003746 2.3427257445952846E-5 
9.057325443453013E-4 0.4576671051361841 0.8896349446399431 0.002900342285623356 0.001134657242481571 
0.006231358465437519 0.7033242799472654 0.0020437567544034966 9.814168457575373E-4 0.7114138517144013 
0.007306331504823607 0.8128403283595159 0.01185956184761003 0.2639861677028398 0.5204077342910937 
0.005253136193238141 0.8022797379949439 5.246160226922631E-4 0.5371440245879926 0.26351666394553724 
1.5544122184045795E-4 0.7018642602725149 9.107423924273844E-5 0.71268115214952 0.024399738606507383 
0.05020409379073627 0.7995861696691754 0.26003578995623855 0.0013579529270816553 0.539812430286432 
0.020587255479238724 0.8679561152799474 0.27846303367472075 0.2898681162662467 0.29236075063502304 
4.4114782926780695E-4 0.8023994729209052 0.26054350206949195 0.5378193860409769 0.0013458590330630994 
0.00993537003948976 0.8167839287122972 0.50943436162315 1.4349785238974556E-4 0.27238295809446467 
2.473937824073507E-4 0.8107176930052937 0.5247660305433327 0.26150174061115666 0.0014229481383701537 
2.71818847474009E-5 0.7125769369853554 0.7022896583940123 0.0026322163292194756 4.30682563196193E-4 
0.039120403390797205 0.8881316315180179 0.009936520393063766 0.0019113071939766107 0.4586175395069906 
0.0022024881631581474 0.9411323049330841 2.3185767649625395E-4 0.23724916763621498 0.24267409962688405 
2.6001634470175993E-4 0.8930639657441206 7.364693251517766E-5 0.4514862698267719 7.247809467722224E-4 
0.015238346906715544 0.9456860605198418 0.22220116392456088 1.4277492799542467E-4 0.23837343535089164 
2.5624870449747028E-5 0.9482891739569498 0.2227659209974772 0.2282789723358402 0.002467555056836885 
6.835114972235415E-6 0.8998993747212486 0.4371786683122338 0.0017629158879779521 3.464060070779489E-4 
0.0091391116790861 0.9799223314730658 0.01271377426285398 7.485249225031304E-4 0.20054604875229645 
2.1700988011059413E-4 0.9798654254788286 1.2714780227033765E-4 0.20176054965442436 5.84867685568793E-4 
2.869786849037146E-4 0.9819163066796307 0.1918518199731423 0.0026105141721391805 0.002945084540061099 
1.8543837565489483E-5 1.0005871496579606 7.980222740503815E-5 0.0015428608741842073 3.0496190217658975E-4 
0.1280069208871531 0.06894138911234837 0.09098370911552436 9.631022269555419E-7 0.9856526097808764 
0.19669429161873953 0.01464866640643609 0.06182829625762018 0.2835777309096137 0.936875089615993 
0.27120811242217446 0.0010412127735335563 0.001125608424429366 0.5129417318106646 0.8150787190259968 
0.26962667929872647 2.6057271418203435E-4 0.0017023188003466984 0.7839813186636884 0.5602804051973422 
0.28027064207987246 9.340949754295475E-4 6.885640453397411E-5 0.9225383630853725 0.26687299553436744 
0.22182424462333133 5.694656567287172E-4 1.0810613089756317E-5 0.9754876646496511 0.0011573206025031983 
0.1866806375167644 0.0010311556066639918 0.2621523323564395 2.891383959036241E-4 0.9471273087600197 
0.3145013848470295 0.0011872391775233674 0.24289883046467034 0.2364283678223574 0.8871882753169524 
0.344267414529438 0.003348700033399037 0.2836452101809967 0.596540492042356 0.6678211339273946 
0.3213280963099717 0.02289994294365091 0.28798726678467795 0.8509752949433931 0.30003126777542255 
0.2803605443810401 0.0014822614085995042 0.26679506165843503 0.9234648048512276 0.006862078826769723 
0.258188475709696 0.013949243148329417 0.44927245778828867 0.001301114703006514 0.8557080081915547 
0.34878272038495517 0.0013255677763865938 0.5807793803696715 0.2953594643993739 0.6742684175520116 
0.3467432792840793 0.004562736333828976 0.6192548512821567 0.6305217157437347 0.3170148587463262 
0.3154204519806305 0.012583011862809476 0.5109695536715954 0.8000548872142661 0.005089829914760992 
0.22022346113907934 0.015701259516965656 0.7869844993909633 0.001265750878570975 0.5767774348269495 
0.3023048207612096 0.0013077102367102422 0.856336288982808 0.2861626062914241 0.30715055733870367 
0.282438280311617 0.003789098564181507 0.800125017315361 0.5296371719914121 0.019540562200570544 
0.25577006603425007 0.008750142560204517 0.9348788180586812 8.478869459466143E-4 0.24770663068966758 
0.24432286985255963 0.002089994709640736 0.9424170293823664 0.23051984287914143 0.002609086680541128 
0.21107123533366284 0.010111254623948431 0.9778823633131414 0.0016239009724823635 0.002495564052031915 
0.18465842518717543 0.2795077189282422 0.10437205009156088 0.0016805415982875486 0.9367889338759658 
0.23288290528316166 0.30941344438992163 0.0012457706880385532 0.26361194687894723 0.8840533491086231 
0.30377137160607587 0.3259083344747708 4.3601323022948046E-4 0.6049122941766201 0.6611370008308183 
0.26699891459210057 0.3388980969820204 1.3232099043972284E-5 0.8504587647170897 0.30663270716528596 
0.16593307155367593 0.25868718668805707 0.0010286983722206677 0.9522298134713493 0.004446997374280383 
0.25224303685958593 0.2887526781359801 0.3043870307677934 0.002715983064247181 0.8724827676927267 
0.31959632816406414 0.39537973582204294 0.3161048415064481 0.35558948951209685 0.7185309776767831 
0.3156018976935289 0.4158617577172359 0.36345985057947183 0.6644450869870908 0.3940418716736401 
0.24188263827379158 0.33855195835014484 0.30034040788541083 0.858918792540087 0.0017380923727935566 
0.2939758651294737 0.3167733025188969 0.5954424299501107 0.0017934620459671186 0.678028599012541 
0.33629677420059895 0.4035786527373694 0.6734665489211715 0.34805067784193633 0.3880813658671543 
0.29036355750608644 0.395175786210042 0.6014256264827936 0.6314693327185962 6.877005437398782E-4 
0.26039911390136417 0.3340475023674512 0.8488909326654318 0.0015232374280046914 0.3180419369824975 
0.22726736363504632 0.3707018380073577 0.8488860140618496 0.30161863842546205 9.18745061414392E-4 
0.17712376516801104 0.27344664998654894 0.9458356622405436 1.5717436540005583E-4 6.889020120593456E-5 
0.23465930479357414 0.540666041639434 0.028383065159254994 0.0013777726554606022 0.8079080882064034 
0.28401370639017653 0.6265728021942901 0.0012483713572262014 0.344372761878302 0.6395395985491168 
0.30583530677419196 0.6378637487173784 0.0014335459887075954 0.6243490405836537 0.33408586706694576 
0.2160336282061461 0.565582848994747 4.4304690666083907E-4 0.7964486795174716 4.7853537162207105E-4 
0.32249428236338334 0.6043071582061932 0.2928849595997992 0.0044540698520724505 0.6677359918230021 
0.32164565598039885 0.7415962504947601 0.335056992300816 0.32051467654730503 0.3641294651726922 
0.32243866221245215 0.6381805599386576 0.3030698600826563 0.6305550429715043 0.0012202718225229256 
0.3049761734904879 0.6357567784967595 0.6198489278097398 1.9577783708904864E-4 0.346222245560242 
0.2813320355387266 0.6551744866893943 0.6280236713887549 0.3130022576843368 0.0024723726358538145 
0.2661230243511538 0.5547292587480146 0.7889291325063511 2.3233176057079442E-4 0.004467383399248553 
0.25934839599353854 0.7925578910964042 7.227313747738918E-6 7.986064853456477E-5 0.5526849398614065 
0.2564689953394797 0.8710130111551657 2.3955592224897876E-4 0.29087312291997997 0.30289198240539644 
0.2109288181575841 0.8053096603135471 1.7472256537121202E-4 0.5551990545901597 6.497569585954229E-4 
0.2640185325096415 0.8793838366354017 0.26537553140106207 0.0018215510647411608 0.2954665173917638 
0.28660013382114485 0.8699349627657154 0.2773987019054695 0.2912241223551798 0.006032759010286733 
0.23502480478276577 0.8193090884907179 0.5238363194666582 0.005119317176475324 0.0015902437722087352 
0.1945952004984885 0.9529728225053721 0.023294740698623702 0.0020946985139724964 0.232481135114726 
0.22371368902651706 0.9480619835233272 0.0015106617989737079 0.22752224343002178 0.004998918769192388 
0.20725373940244882 0.9506089825470039 0.23338891115154622 1.6352439974328875E-4 1.7675791962314512E-4 
0.19297251504934054 0.9817005271932165 2.4159868998926176E-4 0.003944847425346048 0.014278530843322547 
0.43103376790339526 1.1330442177000154E-4 0.06637666777029302 0.001247657608647075 0.9003924253780811 
0.5168734089133559 0.01882318858962157 8.278590835052925E-4 0.2859670595927668 0.8071290231764572 
0.5571842192021224 0.0030369783365458616 1.541487682622238E-4 0.5635731390515348 0.6106017903709445 
0.5432609802113901 0.004108091967608242 2.7494351671292845E-4 0.7986406009954741 0.26133093060850066 
0.44948563896899946 0.003841989301016322 9.541129332350008E-6 0.8937854140285034 1.8659756507795664E-4 
0.5256791859493117 0.018837123461437857 0.28620477897739593 0.0011287298059345279 0.8013860004879177 
0.6315423758034727 0.003900669410265148 0.2804972063676905 0.29107546977164217 0.6624778825110377 
0.6271827258616945 0.0029810051481353114 0.29376239396155124 0.6402160855101964 0.3335227179857464 
0.5571133406209147 0.0065470704028984745 0.2521144586208732 0.7920569632873601 4.374414788587648E-4 
0.5752770941915312 0.009920835370721285 0.5082887281747448 0.0010277974736308086 0.641550613107941 
0.6334772564450138 0.001509052484739304 0.6203984482030506 0.3110175017671339 0.3432339619507188 
0.5923345033166644 0.005142808766971819 0.5612968387665803 0.5791497581307948 2.628614059529997E-4 
0.5533820107319473 0.0030005726351367925 0.7881802411112477 3.1611801899887354E-4 0.270976398666907 
0.5450438845437926 0.001723547497041742 0.7970369645394457 0.2622520471489238 0.005251149628430219 
0.49019635009523477 0.0025393785951954998 0.8721436070847742 0.0021584235860216227 0.002025327382036439 
0.50313322352994 0.27610380885172237 0.007384175430404189 0.0043492136788129505 0.8192871332305611 
0.6116427522086987 0.3332070197103334 0.031139643361393854 0.32603250441527826 0.6398362696824159 
0.6149232490982892 0.3110219440077146 1.2628376293174971E-4 0.64812845024237 0.32539508333847905 
0.5222177119342836 0.2823390265864964 0.0018082232224987222 0.8051758961667274 5.249114415443167E-4 
0.5941879532603048 0.31633562708963886 0.2879535537192914 5.497454472690164E-4 0.6817436978167002 
0.6820842688718594 0.37526189954972844 0.32253007830830027 0.3627158852225704 0.39897175073257435 
0.6381306915974934 0.331723244491023 0.29096840358880205 0.6314991651533157 6.021295243835772E-4 
0.6191246819403476 0.3369223498971682 0.6196689622057128 2.043443428428314E-4 0.34614859354808836 
0.6360502700846975 0.3549041502736398 0.6111375223887481 0.3123398045656518 0.0010551577155837211 
0.5374728932461369 0.2993606544705099 0.788874837464542 2.2067294848421707E-4 0.00847433995291596 
0.5622282888573187 0.5826706134254748 0.003362439499027832 9.841885718333727E-4 0.587565204916465 
0.6283023888630596 0.627403670601233 2.009803420509782E-5 0.3175620437265687 0.3348512497633872 
0.572472587378451 0.5798669622661569 5.300714946762329E-4 0.5803626252425678 0.005208447416947449 
0.6176502300538421 0.6430623551368059 0.2998224817549792 8.204051685095834E-4 0.34055167550273635 
0.6346025522021204 0.6336948222415552 0.2891353531952701 0.33700377726764336 0.003971116437535593 
0.5842153040716143 0.6018003703589738 0.5452093762204256 0.007475219426104652 0.0025141560655047423 
0.5189318143357734 0.8093848889936455 3.31745380078183E-4 0.0015473289332614685 0.27639637997203814 
0.5149829559997362 0.8166116756443306 2.2614635957235874E-4 0.26324139115123474 0.004032448499922557 
0.525567581737487 0.8113800789596288 0.25896451551429417 4.385531218721073E-6 1.8424743395938385E-4 
0.4328426254472534 0.9022344346309485 1.9719602703878754E-5 0.006554808965468563 0.010431897319001715 
0.6956785227468812 0.012668549672071478 0.01971101830460498 0.004995558572369347 0.7184324359070045 
0.7925462669635596 0.007495702276299517 0.029685148088810544 0.2573902024595283 0.55270146592643 
0.7961937455727897 0.0025509825487883544 4.2042875786268903E-4 0.5410284390474257 0.2721634721311838 
0.7107422931415368 0.007416636387633125 1.5087035114125364E-5 0.7039369178197866 1.865819352747972E-4 
0.7711970896034153 0.003787276207064118 0.24872613836814866 0.0023570391873356266 0.5865830578137262 
0.8582441786242548 0.0018146047545442173 0.2826349500578368 0.28721219565886574 0.31922272250254086 
0.8083727430857757 0.005561904995859608 0.24581972934738014 0.5355353566269244 7.78940319634373E-6 
0.8016799678980914 5.991515415956718E-4 0.5178786566991607 0.009444085528597091 0.30005899142252185 
0.8113596645088181 0.008804000114278987 0.520927322684728 0.2664948077709797 0.0011468900311791845 
0.7262615148115951 0.0064262313511168736 0.6882072267556439 0.002893466973737333 2.6283245623249564E-4 
0.7925786671277928 0.2786019687828429 0.02856754639089136 0.0014837952968182455 0.5427985499822503 
0.858732588317213 0.2973811902035407 2.4008239072538755E-5 0.2916210033205862 0.30116158584446345 
0.796892419398553 0.2898711597995754 1.7999130013638895E-5 0.5307419646478447 2.2052272941420947E-4 
0.8509126626075926 0.2967338210969518 0.2930111449978586 0.0014784902437046232 0.32186841557997375 
0.867237817766593 0.3009735087889519 0.26782675633158565 0.294583603264567 0.0017432275394122657 
0.8067975020893874 0.29418247820592114 0.5130882047496456 1.4758763129028992E-4 6.991217366034962E-4 
0.7943767512839488 0.5415663671777782 0.010654439598706404 2.8105918916896835E-5 0.2764031732377197 
0.7904601866249079 0.5529834135442834 2.3295327656649688E-4 0.2655091167208187 0.001171265263477877 
0.8113937115551063 0.5303159683590055 0.24786377738499835 1.4925924184251624E-5 9.94420401723073E-4 
0.7029757977270646 0.7117418191622209 0.0013863490205498318 8.15643904578088E-4 0.002592316224104099 
0.8881612588509702 0.0010844327323059713 0.00987621049338641 2.4239022854679845E-5 0.4602359348189903 
0.9404763155000101 0.00105024438828367 2.8214360040381575E-4 0.23870664646975545 0.243839663353916 
0.8971407998026033 7.592503337486702E-4 6.651369618631785E-4 0.44246718615971486 0.0012042627596269948 
0.9446070450550055 0.012292686362122588 0.2243383346166024 0.0020678743281402293 0.24179390677870843 
0.9472789668598506 0.008103244818979798 0.22484131218937622 0.23053307631797232 3.169889055658169E-4 
0.8992260175220759 8.118863942879286E-4 0.43855355818367914 0.0026255593130824553 5.514240789049058E-5 
0.9366709440917401 0.2568489797618092 0.02744908685250876 1.2944447931313057E-4 0.2384182252676639 
0.9417034054659951 0.237177943447917 5.311141098788963E-5 0.24064236381355164 0.0012052773401762089 
0.9409757898332081 0.2492117583631392 0.23065102003419619 0.006037596273714726 5.259564409540022E-4 
0.8875568230440991 0.46207155056120963 7.986117814433915E-5 0.001501698360088802 7.171171446648752E-4 
0.9803708741105729 7.942707556430449E-4 0.00948498429905102 7.429683772717728E-4 0.19948527145647774 
0.9806211591282127 1.8748471635330035E-4 7.589846959092134E-7 0.19777650002737887 0.002481905189972403 
0.9852684565081986 0.005707913090736567 0.1741947395281591 7.804098025243796E-4 0.003626359460433426 
0.9806066236454889 0.19770530731338884 7.208277694642811E-5 1.603217048821267E-4 0.0011290635895441698 
1.0003885958493501 1.912640476803839E-4 7.742843677641785E-7 4.2010843418906094E-4 0.0025102951632871404 
