0.0014065998916517315 2.090229003796781E-4 0.26748431355430763 0.5349950370834621 0.8021921729740434 
1.3181567146135547E-8 9.336866487061272E-7 6.214908095178724E-8 0.19592346448379527 0.980808960836205 
3.0039855311909545E-4 0.8948575801741563 0.4468091777119273 5.6820112521479893E-14 7.4666733533918E-9 
4.5707914301179717E-4 0.6399837347792492 0.6369071268005081 0.30625891548169376 0.30425240023952566 
0.495544343143829 0.19482670936645957 0.18654680178197752 0.810879977551924 0.16965294565630512 
0.314526267652923 7.317685893523849E-6 0.632866148805987 0.634104930632724 0.3161990282342033 
0.6341299501774319 2.4254413583744906E-23 0.6308038887579592 0.3162895471688049 0.3199106039918647 
5.095110232569821E-4 0.4524659195641755 0.9051754213420783 1.297741921872544E-5 8.590526165984907E-181 
0.6283378798394872 0.3160037935174594 0.6342214376255784 0.3235564971401913 1.527409777891257E-14 
0.8663120675154024 0.28430496303634784 2.8557447053912462E-98 0.29344880982544275 0.2903165522484486 
0.29731580890244946 2.969940865674783E-24 0.8643443722034643 0.28431864271343815 0.29128059749010116 
5.374908154194759E-5 5.34105266093262E-23 0.8009855827415499 0.26492760818875966 0.5375036842852023 
0.3190549874339655 0.6290920360333655 0.32179047543093126 0.6373989907020657 5.0372977740838066E-5 
0.6367578723715215 1.0399322741843683E-19 0.3066045171602448 0.6331929125351712 0.31718440389853436 
2.8068551743898236E-6 7.788033089421994E-6 0.9815184711027976 2.9793307849092646E-92 0.1963585917653607 
0.27030134386953564 0.5298536719808332 0.8084125766538753 1.626239540346852E-50 3.2616265134488114E-17 
1.1207845677768163E-4 0.2696942186823904 1.1685676466737837E-81 0.8032578078390488 0.5340027574091091 
0.865628390638744 0.31251112503463213 0.29261085599198783 1.3492226728559135E-10 0.287392076105468 
4.518704196009533E-4 0.641409479762422 0.30992415179289484 0.32712221361518323 0.6368598198174762 
0.49508994366089804 0.18739495405968354 0.17955401436488236 0.18713113522481528 0.8104685434330018 
1.5519132340631752E-6 5.088933729224589E-7 7.195062634323764E-85 0.4473904396760547 0.8951774267173135 
3.0066104367831186E-4 9.83705260017503E-72 0.26838585934791 0.8031124546132447 0.5337556408614302 
2.0416404300250595E-6 6.641363347238655E-7 0.8946742804073919 0.4470992710451015 1.6062806319635943E-10 
0.537856088960611 7.940553544946395E-119 0.8024494040336473 7.698391585457244E-52 0.2694581897361273 
0.5525330688085641 0.5658494865179593 0.5380255995182468 0.20757237899933803 0.20873429678771555 
1.6920121077632376E-4 0.5377889098382098 0.8023492164765097 7.697430424488143E-52 0.2694245472938192 
3.523799936450326E-5 0.8009914781488848 0.5349373089752214 8.189292200673672E-201 0.26979814219907006 
5.051812578904454E-4 0.9437464352464997 0.2356304181038129 0.23378558453289822 1.254525589799867E-66 
0.26112259876814314 0.5321966823088333 2.6296503441839147E-105 1.97750925693158E-52 0.8080850581026071 
3.243698969358659E-4 0.8008550085247996 1.1752779651260919E-5 0.26771999581504785 0.5365114496478215 
0.5313202096824744 0.801188899767542 0.2780075260587546 3.972206873573962E-90 7.996201062763517E-72 
0.0013207228142732696 1.7693216410413614E-9 0.24001401422305552 0.9695807435003281 0.20059576257571843 
0.2662020571900481 7.557128206120195E-25 0.535973987249129 1.4627827989511487E-55 0.8021165298192365 
0.3194552211887383 0.6375914649106533 0.29750401331175647 1.4865710298294603E-84 0.6353444737945235 
2.4178436102644706E-4 0.9443904674615508 0.2343453101814546 1.1842939059405166E-7 0.23341044836997044 
1.7616999225476877E-4 0.44790709320479244 1.0113694554350895E-59 0.8943497843840208 1.4170072546349288E-147 
0.5803098951153355 0.5775398771594361 1.5524788312763969E-71 0.578731357968898 6.790212160902725E-150 
3.4880893420632166E-4 0.267229091723966 0.5352303170234726 2.6390974986803034E-58 0.8018380288864552 
0.28945132033827725 0.2885526214401241 2.5715900041197176E-185 0.8685022710749921 0.28435897726601617 
0.29371730678635066 0.2926975072624778 0.8715796125494621 0.2828023057272164 1.580729327797883E-17 
0.944874119987848 2.3894858908650785E-5 3.3064797909935365E-120 0.23632658048991606 0.24025342395928548 
2.135532372363612E-6 0.8011392835549267 0.5383709146731367 0.2646339868869168 1.1641685238873429E-62 
1.2579281984502233E-4 0.23652593930057925 0.9434957629325866 0.23371065025142998 3.5735770704446966E-166 
2.822475858199896E-4 0.19771703765663795 1.4079416087095595E-8 0.981432660437534 7.459090180584463E-7 
0.3189029209965351 0.3264935451121106 1.9752270493788414E-88 0.6278335398140658 0.6334577060278149 
0.26734621212605625 0.5349621713779128 1.545682432486113E-83 0.8023047853750331 1.9491909171375877E-6 
0.9807418515539033 0.19755199697721573 4.0528013525367905E-14 4.994040530064697E-71 8.385937690804966E-138 
0.8019761732696337 7.811755330806752E-158 9.649618095700557E-150 0.268668889460664 0.5344930699189403 
7.426390301400292E-5 0.2663241315417409 1.4197633563060478E-33 0.5364937483698269 0.8033493490233304 
3.954188197243146E-6 1.0172378372110494E-110 6.1579633515866795E-6 0.9811681963729446 0.19600337659947395 
0.23860230324953463 0.23745155598999282 0.9421401383189719 6.907695370863311E-99 1.0600924726335938E-7 
0.23704480770699302 1.9676123544905182E-10 2.6926452554835863E-60 0.9449400388121365 0.23672608833375997 
0.19205299847715496 0.5094630986412182 0.8067589485804535 0.17553598595828587 0.18532847468488145 
4.8875316039759096E-5 0.5398553290797412 9.585919901536795E-81 0.8101786851133795 0.2699683687658649 
0.16827870673924863 0.5795981700065052 0.5477327423558018 0.1971880883709741 0.5469388266625317 
0.23592393195998176 0.9424553583192219 0.23966975327788514 2.658327267338492E-7 2.865728777795457E-94 
0.2608170469186366 0.8027378571954129 0.5373078789273581 1.2715439679323737E-192 9.477775976157272E-56 
1.6660454779250455E-5 0.794835711264835 4.6167391615286126E-108 0.5474052004190507 0.2670188676790046 
0.6308016411177322 0.31484055294756924 0.33229873523779696 0.6378625400866229 2.9466621100072523E-58 
0.29128711142506913 0.8701033021717383 0.2795507890500789 0.2878534811380198 1.3887670659509328E-125 
6.195153875965233E-4 0.8725540162773338 0.2816386345435239 0.2931222536557782 0.27649965320233055 
0.8034958206704075 0.19525371700402383 0.48848303097219403 0.207181756609766 0.19647678494005721 
0.8040336584776419 0.2677092314494881 1.759765964062146E-8 0.5372954251447234 2.241477208139828E-22 
2.9319090785725114E-5 2.982160215622967E-5 0.44694533766364114 0.894913979662409 2.503827329766952E-9 
0.5555750797188821 0.5527532778555316 0.2058469114189712 0.550733138201359 0.20726929817449208 
3.957207847270967E-10 1.901236574387071E-153 3.2670335102202426E-62 9.67321005780894E-24 1.000584856272092 
0.3232971484992619 2.166891816820225E-6 0.3183775080612752 0.6303010014518605 0.6308821679209842 
6.208197610963297E-5 3.965114873432297E-5 0.19644837551159441 0.9813268463794425 2.570333428166275E-6 
2.986982809843513E-8 0.23650454725779305 2.375590676752704E-61 0.9427863796167621 0.2361865542935198 
0.19569809803185284 2.0712464945807836E-17 0.9808852225047834 6.431842853259595E-133 3.10045218795105E-37 
3.672068654271287E-4 0.5365510586796123 0.8006595917535764 0.2673327855401928 2.141358955897652E-14 
0.6352982604881997 0.6473514603929515 0.29499195178247906 1.9917888535620316E-7 0.30420092360715073 
0.7955158127634018 0.5357761599024276 4.789416476698989E-66 1.2304771970334988E-14 0.28634340222382965 
3.082402686165971E-4 0.9147825355679743 1.5055528924586397E-181 7.313910811868127E-56 0.4523417666334989 
0.8021889381148353 0.5372906241896429 3.44057493321781E-25 0.2700012558842558 1.1102905154149523E-136 
7.459764610191279E-7 3.786404842726583E-19 6.9085539644234645E-6 0.7076380383601923 0.7075296019533459 
1.0670346059556336E-4 0.24112915204271368 7.677946161942543E-141 0.23717551370740553 0.9429399784335112 
1.8439718852617353E-4 0.7085379872532587 1.8959982785282552E-160 3.5046481007270083E-12 0.7075282278937226 
0.5367366476861786 0.2678192575740466 0.801038385354583 1.586608493507939E-54 1.7909844819954273E-10 
0.28970530112981285 0.29254759212332415 1.1650169985595695E-143 0.28598767762691385 0.8657679244552648 
5.621974917059654E-7 1.6429447663479898E-49 0.5761252198956115 0.5798926833951455 0.5786558485873435 
0.19810623913463057 0.980487842395661 8.049994652359013E-238 2.8144193657214118E-12 3.203009533524458E-49 
0.352759186804158 0.713272708514888 0.36181660291982426 0.34042748339984785 0.35078631821410733 
0.5528555496561683 0.21339294654950658 0.206373251330333 0.5512812380697819 0.5505158790082383 
1.988848270389071E-4 0.26452847388601247 0.8023554843253073 3.7764541917829094E-128 0.5368367074599217 
0.23635196935330224 0.23643846425787102 7.352463802608038E-127 0.9438025938050667 2.0473014447981197E-23 
8.001714847413417E-4 0.3077331387332796 0.6411308397581479 0.3265705190106519 0.6391863937113257 
0.5788404619777626 6.277117355599134E-184 0.5831570295718685 9.029634920584297E-119 0.5795470681327396 
3.060325859365984E-4 0.29823731381266666 0.2988280790659111 0.26420921214332566 0.8683804953456352 
2.255744121294007E-5 0.6358678329569556 0.30617595554503657 0.6334798740380395 0.31994273736435247 
5.241476634648437E-6 0.23731441169187503 0.23805311717713046 3.1123154389873743E-7 0.9447334140150487 
0.23625271142069423 5.460538039685919E-106 0.9436687284690014 6.507582176062805E-5 0.2385220263085817 
0.8949003853118127 1.4775497899358198E-71 2.807890278651321E-73 4.9898733078280877E-85 0.4487503984432325 
0.21006180836720645 0.5418315602403047 0.5686267681225109 0.5594262896196909 0.2047768543763956 
0.17917484960831315 0.4901315295482404 0.18590561515539242 0.18152623693410916 0.8135826239858341 
0.2665668184526937 3.5320156634465015E-6 0.8002409020468746 2.800116607441242E-126 0.5376527357438804 
0.18635621024661234 0.18780833218464887 0.4951720670728183 0.18825338016555992 0.8077723186017637 
0.6350706167655006 0.6369462889496301 8.395652448374026E-93 0.31817698756634266 0.30603179003222275 
0.19177729741098853 0.553966379854395 0.19762296517972017 0.5593843858508711 0.5528870248304734 
0.867089948817343 3.818218776670243E-45 0.29077899352424785 0.2902499674887634 0.28693681206407157 
4.729191737476349E-5 0.26946560854984397 0.8021434907491766 0.5344868252379529 1.1851195466341162E-116 
5.698326235133789E-7 3.683208849756606E-6 0.9811021107611756 0.19620582503186482 3.4081002018315103E-7 
6.362807129194129E-7 0.2386990153297862 0.16182738441697733 0.9580938310162787 5.658297931719732E-63 
0.8949036561620197 0.44750438170502876 1.6886470068240648E-72 2.1830677488143302E-10 2.1921949112113065E-36 
0.006262684078958081 0.2687386399504234 0.8738224664750948 0.2868415280814286 0.28875838988110186 
0.15241562265650202 0.9540968814105691 0.15931052270456908 0.14827674292683804 0.14877088579389813 
0.6379578683534474 0.3166888625961746 3.206301558392866E-87 0.6372012098171272 0.31480755003792704 
0.8691910161554286 0.2876556625041946 0.2897865199562669 0.2887757048896412 9.015812834860242E-54 
0.1306592254013229 0.13090705262757846 0.9553998318454183 0.1705745280325972 0.16216237513890328 
0.18945766748083617 0.19320701515946145 0.5650486202162737 0.5540748828980847 0.5501006197191305 
0.5360362226865715 1.2695251453738712E-68 8.282800161824736E-92 0.26793911005807525 0.8015162697656746 
0.5351860226712676 0.26762444037810335 5.7549140609306685E-62 0.8018988554328274 8.386716266710003E-116 
0.3205557053637144 0.3199308134261003 0.6353718766696295 1.1693230949901284E-34 0.633789139055605 
0.9497737856006927 0.23792585209072326 1.2602350320688475E-12 0.2372508634202735 2.01901567514684E-9 
1.5676072282745345E-4 0.2671124183362785 0.5352173469743746 0.8021902523582352 1.9867063457423864E-277 
0.3894784393025831 0.36824554323618286 0.7205888463927341 0.3300729894072129 0.30065129790356393 
1.839228074344057E-4 0.2208059166046433 0.9465367822432925 4.201938550753741E-84 0.23723449799637222 
5.154015446605615E-7 0.5919428136585063 5.69982866398118E-72 0.5876460748938328 0.5899215327101124 
0.15867542954658817 0.15393114362718288 0.14734607901323898 0.1578006720879339 0.9527158005589279 
8.857031527407665E-4 0.9817596920256717 2.2162798069220183E-148 0.19217469506425444 1.0322927185660163E-113 
0.635570854441748 0.3159260514043585 0.6297907659634164 9.024646537515203E-244 0.3174211834529912 
4.339932777905828E-8 0.9835023345944836 0.22003352566674148 1.347252847625149E-51 1.988426868283657E-69 
0.15589080937025182 0.15879109616884296 0.165232156688065 0.9479971733851521 0.16033321699780437 
0.23571413608960354 2.2151968977382875E-10 0.23716903267984427 0.9433609999549539 7.707743417853443E-6 
1.6871891532667553E-4 0.532130274586114 0.25985161150244956 1.0887784990210603E-85 0.8061263711575497 
0.9538804841218729 0.13521994749567923 0.1622588125736356 0.15545834850450937 0.16149167755923707 
0.28588742107891546 9.862925599617649E-9 0.28699522704451397 0.28376358231521903 0.869908192914777 
0.3204642950252285 0.638880522127351 5.764947962233067E-89 0.6394752193753591 0.31592353514544624 
0.5633274015097275 0.5628321148418436 0.20615918761349422 0.210915666785202 0.5308932796157372 
3.3409289065198015E-4 0.1964097445665348 0.9809361055309503 1.5780990068155334E-10 6.600154310655688E-127 
3.706067931377271E-5 4.2340558183840007E-4 0.9458044155402169 0.23716963628857615 0.23611658947330366 
0.0011764272289759706 0.5837932832484453 0.5839638045444869 1.2891434603544082E-10 0.5836277405302017 
0.2848011158941097 0.8736069862418165 1.3973680461607903E-78 0.2906969505159174 0.2820718033800999 
0.23462002803911675 0.9437733024729913 8.165357430234769E-55 0.23405219976022143 2.0697969693036346E-10 
1.0394081795340616E-4 0.8961429259490051 9.672889789558176E-64 0.44789956709454554 3.0E-323 
1.5735338256086823E-4 0.5793692131228529 0.5829706939847198 0.5816423467465852 1.1488450066577752E-10 
0.947554097809423 0.24054202914984024 4.680252195793799E-27 5.808282118665881E-4 0.24376940355999613 
0.2919186805977416 0.2899061864772992 0.8640664347354399 4.912414351427828E-54 0.29090285744245137 
0.26621894679321184 0.8041302310156822 2.7727388554339973E-9 7.55339769118951E-6 0.5352729386308139 
0.31686566758459156 2.2194136452293978E-190 0.6351830654869935 0.31890687267478646 0.6362468104002137 
1.2339873852643707E-7 3.4888214403747815E-71 1.0003867838420735 2.905435742140161E-54 8.350340905934358E-98 
0.26845700039075904 8.896702729015262E-20 1.7116573396236135E-85 0.8020835168100628 0.5339492306919965 
4.2901333325388684E-4 2.6751708053967907E-28 0.5331043101200479 0.2763184115169502 0.8005094241756842 
0.18123063282613414 0.816284324868577 0.4915764026686818 0.20755937128748447 0.18313858008303555 
0.44843915306060844 9.157319594368096E-210 3.550724777092236E-102 5.343026411473208E-52 0.8968646158500257 
0.549921404434972 4.298924072298174E-137 1.3093706365762422E-159 0.8231042447241224 0.2740248241607212 
0.7075931081447218 2.649713131547908E-95 0.7070479103559709 1.8830456545219596E-128 3.400652384080443E-37 
0.7999019997062764 2.2397539221243626E-4 1.7736097850282286E-61 0.5339277839166964 0.2755847408287581 
0.19467536873291413 1.3675143902718202E-148 9.747592221728936E-119 7.989995116637725E-45 0.9814567177792695 
0.4468127604441385 2.6320297283013627E-92 0.8949200484050267 5.876113641758003E-11 6.985655875403965E-8 
0.20258759052617006 0.8163873693682137 0.1764328241995721 0.4829017605271352 0.1754417685201366 
0.4868138001688665 0.8163714599188894 0.19147697909082523 0.1699855775433541 0.18168464689243788 
0.18472987578433772 0.17947443756481551 0.1782420962596063 0.7997776224596062 0.528974021376793 
0.5776647763198197 2.7808550894244385E-15 0.5782635634015252 0.5774718867181602 1.8638429705624059E-94 
3.2220246327474333E-4 0.7394316005493542 2.3544710187373856E-140 0.7486926199386688 0.0018268693020173758 
5.215473313965981E-6 1.1362300926982894E-6 0.18651339110409368 7.071699335296934E-61 0.9827429456986443 
0.0014251906133604917 0.7072402669163155 0.7074468460777891 1.5617414436857558E-10 6.599690429044763E-127 
0.7073874007706115 2.623358773947664E-162 1.7353359153270044E-190 2.506088152038679E-11 0.7071693462478048 
0.44391598729479953 0.8977236847489102 3.928221395836448E-306 9.590875296307342E-99 2.2276087677545967E-15 
0.3133966912913355 0.6305442678460641 0.6349496928605013 0.32392802622901845 1.0250167732653205E-46 
0.2364380704969487 1.49935900137698E-5 2.5266150482414527E-177 0.23625954448690298 0.9430709691922327 
0.32456125688209536 0.32528382274969336 0.6286436626619772 0.6286631441782053 2.0579410953784787E-4 
4.340287248067832E-5 8.86305247671935E-214 0.44863440843308794 5.34535284934703E-52 0.8972551248330103 
0.7075553291475294 7.987170942916644E-20 6.565071429617126E-58 0.707165236744025 3.1405432478858577E-10 
0.6330262111034092 0.3136433526248091 7.811520206442489E-100 0.3135208064889664 0.6359815857235301 
0.9808009418126469 2.4763526569544293E-25 1.562341755326605E-151 0.19615236526925356 1.2441404501864672E-76 
0.983292565574912 6.055737146021272E-63 0.19682389017059973 4.4010241705540286E-186 3.492112585934464E-83 
0.9816104256640026 3.884113892182039E-160 2.4099241811655885E-152 3.2177224563023E-16 0.19660400533297795 
7.625826924224311E-4 5.042147881978011E-4 0.23539617501358567 0.23849750874765208 0.9532267956887779 
0.7985679871646956 0.26686938905103125 9.267898962894047E-14 2.7358163520569093E-71 0.5407712772975674 
0.18209531776273175 0.8067375929679599 0.18229567227167862 0.18187281299987287 0.5008910274986381 
0.2047227870812259 0.18656330770054133 0.8085513221715795 0.5020547191385023 0.15158534816375765 
1.977563242882801E-6 0.19807337340874845 1.1140819939936234E-26 3.9764768168756E-71 0.980875857605831 
0.31640380218058967 0.6345012743856068 0.6351027314747874 8.698981788557414E-4 0.3143792753272125 
0.2906864922956903 0.2883252962951493 0.2894706583681182 8.997010769990253E-78 0.8657435277017096 
0.002235785763130291 0.3215736698682801 0.3215532686128534 0.6317051188139068 0.6322565420839792 
0.19668044032515525 1.0270034082582565E-19 1.1899756979834138E-5 0.9806802849695901 6.099296167992338E-7 
1.7957934241764976E-4 0.5349491005751092 0.26710414376685704 0.8018063342918414 7.466673254352347E-9 
0.002382032871095723 0.3176804114013316 0.631527595969145 0.631944204737347 0.3204485828295219 
2.3317548278337577E-4 0.5564817355334262 2.4111994547754468E-81 0.28029862905763664 0.8461685816603461 
0.6354061440720022 0.6349798724392222 0.3086571647217354 0.3156761677568228 6.06094450069794E-173 
0.2891773414539349 0.8675743112680844 0.2911755032653184 7.581952672552703E-15 0.2832072230591058 
0.7159128540215003 0.3460479191205378 0.3639679756470439 0.3472985292434836 0.352745736066865 
0.8020249236731656 4.163551058200102E-6 0.5353033052953431 3.4020641680199334E-15 0.26889682376948226 
0.6371575086671867 0.29372521770761756 0.34798685264649576 2.658235016771589E-6 0.6250294272906572 
0.8090419725760167 0.28013964231989236 0.5299847358506431 1.0175192528336643E-26 9.816742278755604E-6 
0.17809711611520396 0.1768646529008314 0.17595952738926107 0.5095839523869303 0.8100046954335232 
1.0443937552179234E-6 0.29206798410629803 0.2892814048709066 0.8681631013978987 0.2836621707226282 
0.5079101202611533 0.16091809012517075 0.8158701911117454 0.1466171648021354 0.17561727271769592 
0.9527462443767445 0.2381767683349195 0.23806601812633832 5.554159318175223E-77 2.1169206690257413E-116 
3.832448349925078E-7 5.296696370234708E-5 5.474175882947746E-82 0.8942117866512013 0.44948945596510836 
0.8047238287270825 0.18723429908227418 0.18813392652046726 0.18617380745796114 0.49893114923970333 
0.44745107751892826 1.3287664419346329E-27 6.1367449123728785E-148 0.8949336869506115 3.1222385152828074E-245 
3.298219726921484E-6 2.3504510240759878E-4 0.7068661276390844 8.239259461723673E-107 0.7085114203006486 
7.783342710107915E-4 0.8046937332982612 0.2736809871658424 0.5376727008654 2.4903020103409725E-148 
0.5655013322856964 0.2201366384744513 0.5507320719972095 0.19941079066506381 0.545780654604817 
0.5389074952394034 0.20298216100704694 0.5690070111469565 0.5532836279932206 0.2038315764194832 
0.53420115457198 2.725542078233607E-10 0.2685711713019731 0.8021191279984298 5.029739489888827E-60 
0.8193539079336355 0.5071389833178872 0.17401838543425469 0.19552262281159602 0.16070874704468088 
0.8013185758542659 0.19905789862911588 0.17638345478337264 0.5022714545654247 0.19015655830308695 
0.917023154727346 1.5068639753718153E-117 1.2316199204059271E-61 0.4583356732078144 8.312013754288043E-171 
1.1275348032977496E-4 0.9472879582018593 1.4268385037704506E-7 0.22759091408194723 0.22658156923282013 
0.9435931105642362 6.056505865560488E-61 0.2344414723523702 0.23632190675499712 4.0177197376923176E-95 
0.26622340074125134 1.4561812556923326E-5 6.311213343627677E-15 0.5342337907351414 0.8035420797255488 
0.5249560678132624 0.8077439121640637 3.221211841505824E-124 0.2694922164669306 1.1397215181143225E-23 
0.26635347567040546 0.8064441012329295 1.7155891873644694E-59 0.5309887560571405 1.477671870438702E-149 
4.413787682839718E-8 1.0002391079826611 8.120708526968041E-105 5.969230835809106E-47 2.6748069546241234E-48 
0.6363292460055547 1.0119769873291792E-17 0.31685247953381246 0.3193651061655282 0.6366811877418522 
0.5782515769235997 0.5776203029521154 0.5778608803464974 2.2566512366475503E-89 3.818177664326815E-16 
6.963701435773182E-7 2.0350458685961677E-49 0.7136218286563442 0.711245823017526 2.5218978730148144E-9 
0.18611589292452985 0.18906585588714747 0.8136053899337203 0.17424608872313474 0.49011862227257114 
2.50925044053767E-4 0.44738196719534096 6.207679259276968E-79 5.282366537206517E-6 0.8958431764126326 
1.227647511827459E-7 1.2233352679517927E-7 3.287285932607808E-7 1.0004442662982145 5.809031616144907E-22 
0.707513944176362 0.7077728645959804 9.731727380056429E-130 6.012434875879313E-29 7.774512140291909E-62 
0.31388212301058205 0.6347584320245351 3.373490699152819E-110 0.3194401214205819 0.6333072070876613 
0.3590463487610233 0.3534457335841544 0.3363854603149336 0.35798335739570847 0.7138334647133411 
0.29532701293655433 0.2942987310404917 0.2818945200381409 0.8643528633762839 5.578957894963816E-130 
0.1907351883352438 0.18076391808667028 0.49922723171574807 0.8083579612954495 0.17418640726259316 
0.0014376124100030391 5.63765288704086E-4 0.8000724439581457 0.5349133445308402 0.2745991198963203 
0.8950584168414891 2.440651427153454E-19 0.4475166313565324 2.2731031878966373E-58 1.3489745961703832E-126 
0.2287175799739096 0.9451843563320979 1.3560837801252964E-59 3.39014818651143E-125 0.2366380890778817 
0.5387706975458103 1.803283527886518E-4 0.8090702859363942 0.26477012519683585 3.134562407455757E-45 
0.2373676699597837 1.564869857743295E-203 0.23718477907617644 6.478486049455272E-16 0.9431124761582228 
0.5774328822769388 6.780434336483178E-28 3.4625610643381005E-26 0.5781128533901713 0.5784165289993718 
0.5750306342401273 0.5758726771699217 4.440269428842229E-6 1.4530293874232785E-51 0.5817176554371998 
0.5373918197764239 1.1447890273848172E-17 0.26929083435133755 3.1887503539427894E-54 0.8001202287191118 
0.19712452758500734 0.4989969251473771 0.18541599070917042 0.8057878557324334 0.18179753080767955 
0.9423610735069795 1.8076114406456904E-5 0.2363628769179169 2.287300501726261E-6 0.23837550424088086 
1.0001769485241356 7.085806103358565E-230 3.0E-323 1.2961023688764413E-271 0.0 
0.36054936328025516 0.3557439286058411 0.3575607767699224 0.7155450625860731 0.33328269731958166 
0.5395555353896756 0.2674051648548731 1.018875733761113E-114 2.8234621321152067E-6 0.7990597130745223 
0.23652459982772692 1.5830520901339936E-17 0.9434902863780598 0.23370929366969437 3.573556327490196E-166 
0.25015224882674547 1.2231886396484904E-105 0.8143850436178777 0.5382345334959282 5.785330486605754E-109 
0.0024767111884364296 1.3702390571833635E-12 0.5429303246391148 0.8071351569744787 0.2697664242816858 
0.23719353572032637 0.23310801905123474 5.619667829073783E-169 1.8469313191710732E-200 0.9460132220349561 
0.7992394833612226 1.6638338633918053E-8 0.26836892169358156 1.9397321901914635E-8 0.5387691760443301 
0.8121716240186548 2.7373974177345296E-80 0.2724877188785153 0.541592522653935 1.0273729024385626E-123 
0.5415216820108696 0.8082795393397302 1.3436131779822234E-60 5.735551871817242E-14 0.25333425478670907 
0.2661372482309057 8.757984903659446E-111 0.5358256445227361 0.8018624071143405 1.38061492264834E-7 
0.805949152612938 0.5392584876998786 0.2520292165148514 1.0465821065290383E-164 1.370199701199016E-85 
2.0648842442386224E-4 0.8033495765831924 0.2627469097612564 5.364375592348104E-193 0.5390423055803004 
2.7029316667908307E-5 0.9808805761217047 2.719054934016688E-227 1.3014654868099794E-4 0.19551705013714016 
0.29118094722277105 2.0467842145713377E-69 0.288402831078703 0.8662188251788687 0.2922182270845708 
0.8515551841973498 1.5655765279679305E-9 0.5671092709366587 0.281937731077443 6.5646252506481E-101 
1.5506556438229647E-5 1.0252835722434799E-5 0.9008694477623019 2.2582214617313308E-28 0.4616339211546204 
1.570906941902855E-7 1.6945693628974658E-6 0.7091882372868952 0.7214662060613946 7.731509866740335E-13 
