0.0 0.0 0.0 0.0 1.0 
0.0 0.0 0.0 0.19611613513818404 0.9805806756909202 
0.0 0.0 0.0 0.4472135954999579 0.8944271909999159 
0.0 0.0 0.0 0.7071067811865475 0.7071067811865475 
0.0 0.0 0.0 0.8944271909999159 0.4472135954999579 
0.0 0.0 0.0 0.9805806756909202 0.19611613513818404 
0.0 0.0 0.0 1.0 0.0 
0.0 0.0 0.19611613513818404 0.0 0.9805806756909202 
0.0 0.0 0.2357022603955158 0.2357022603955158 0.9428090415820632 
0.0 0.0 0.2672612419124244 0.5345224838248488 0.8017837257372732 
0.0 0.0 0.2672612419124244 0.8017837257372732 0.5345224838248488 
0.0 0.0 0.2357022603955158 0.9428090415820632 0.2357022603955158 
0.0 0.0 0.19611613513818404 0.9805806756909202 0.0 
0.0 0.0 0.4472135954999579 0.0 0.8944271909999159 
0.0 0.0 0.5345224838248488 0.2672612419124244 0.8017837257372732 
0.0 0.0 0.5773502691896257 0.5773502691896257 0.5773502691896257 
0.0 0.0 0.5345224838248488 0.8017837257372732 0.2672612419124244 
0.0 0.0 0.4472135954999579 0.8944271909999159 0.0 
0.0 0.0 0.7071067811865475 0.0 0.7071067811865475 
0.0 0.0 0.8017837257372732 0.2672612419124244 0.5345224838248488 
0.0 0.0 0.8017837257372732 0.5345224838248488 0.2672612419124244 
0.0 0.0 0.7071067811865475 0.7071067811865475 0.0 
0.0 0.0 0.8944271909999159 0.0 0.4472135954999579 
0.0 0.0 0.9428090415820632 0.2357022603955158 0.2357022603955158 
0.0 0.0 0.8944271909999159 0.4472135954999579 0.0 
0.0 0.0 0.9805806756909202 0.0 0.19611613513818404 
0.0 0.0 0.9805806756909202 0.19611613513818404 0.0 
0.0 0.0 1.0 0.0 0.0 
0.0 0.19611613513818404 0.0 0.0 0.9805806756909202 
0.0 0.2357022603955158 0.0 0.2357022603955158 0.9428090415820632 
0.0 0.2672612419124244 0.0 0.5345224838248488 0.8017837257372732 
0.0 0.2672612419124244 0.0 0.8017837257372732 0.5345224838248488 
0.0 0.2357022603955158 0.0 0.9428090415820632 0.2357022603955158 
0.0 0.19611613513818404 0.0 0.9805806756909202 0.0 
0.0 0.2357022603955158 0.2357022603955158 0.0 0.9428090415820632 
0.0 0.28867513459481287 0.28867513459481287 0.28867513459481287 0.8660254037844387 
0.0 0.3162277660168379 0.3162277660168379 0.6324555320336758 0.6324555320336758 
0.0 0.2886751345948128 0.2886751345948128 0.8660254037844385 0.2886751345948128 
0.0 0.2357022603955158 0.2357022603955158 0.9428090415820632 0.0 
0.0 0.2672612419124244 0.5345224838248488 0.0 0.8017837257372732 
0.0 0.3162277660168379 0.6324555320336758 0.3162277660168379 0.6324555320336758 
0.0 0.3162277660168379 0.6324555320336758 0.6324555320336758 0.3162277660168379 
0.0 0.2672612419124244 0.5345224838248488 0.8017837257372732 0.0 
0.0 0.2672612419124244 0.8017837257372732 0.0 0.5345224838248488 
0.0 0.2886751345948128 0.8660254037844385 0.2886751345948128 0.2886751345948128 
0.0 0.2672612419124244 0.8017837257372732 0.5345224838248488 0.0 
0.0 0.2357022603955158 0.9428090415820632 0.0 0.2357022603955158 
0.0 0.2357022603955158 0.9428090415820632 0.2357022603955158 0.0 
0.0 0.19611613513818404 0.9805806756909202 0.0 0.0 
0.0 0.4472135954999579 0.0 0.0 0.8944271909999159 
0.0 0.5345224838248488 0.0 0.2672612419124244 0.8017837257372732 
0.0 0.5773502691896257 0.0 0.5773502691896257 0.5773502691896257 
0.0 0.5345224838248488 0.0 0.8017837257372732 0.2672612419124244 
0.0 0.4472135954999579 0.0 0.8944271909999159 0.0 
0.0 0.5345224838248488 0.2672612419124244 0.0 0.8017837257372732 
0.0 0.6324555320336758 0.3162277660168379 0.3162277660168379 0.6324555320336758 
0.0 0.6324555320336758 0.3162277660168379 0.6324555320336758 0.3162277660168379 
0.0 0.5345224838248488 0.2672612419124244 0.8017837257372732 0.0 
0.0 0.5773502691896257 0.5773502691896257 0.0 0.5773502691896257 
0.0 0.6324555320336758 0.6324555320336758 0.3162277660168379 0.3162277660168379 
0.0 0.5773502691896257 0.5773502691896257 0.5773502691896257 0.0 
0.0 0.5345224838248488 0.8017837257372732 0.0 0.2672612419124244 
0.0 0.5345224838248488 0.8017837257372732 0.2672612419124244 0.0 
0.0 0.4472135954999579 0.8944271909999159 0.0 0.0 
0.0 0.7071067811865475 0.0 0.0 0.7071067811865475 
0.0 0.8017837257372732 0.0 0.2672612419124244 0.5345224838248488 
0.0 0.8017837257372732 0.0 0.5345224838248488 0.2672612419124244 
0.0 0.7071067811865475 0.0 0.7071067811865475 0.0 
0.0 0.8017837257372732 0.2672612419124244 0.0 0.5345224838248488 
0.0 0.8660254037844385 0.2886751345948128 0.2886751345948128 0.2886751345948128 
0.0 0.8017837257372732 0.2672612419124244 0.5345224838248488 0.0 
0.0 0.8017837257372732 0.5345224838248488 0.0 0.2672612419124244 
0.0 0.8017837257372732 0.5345224838248488 0.2672612419124244 0.0 
0.0 0.7071067811865475 0.7071067811865475 0.0 0.0 
0.0 0.8944271909999159 0.0 0.0 0.4472135954999579 
0.0 0.9428090415820632 0.0 0.2357022603955158 0.2357022603955158 
0.0 0.8944271909999159 0.0 0.4472135954999579 0.0 
0.0 0.9428090415820632 0.2357022603955158 0.0 0.2357022603955158 
0.0 0.9428090415820632 0.2357022603955158 0.2357022603955158 0.0 
0.0 0.8944271909999159 0.4472135954999579 0.0 0.0 
0.0 0.9805806756909202 0.0 0.0 0.19611613513818404 
0.0 0.9805806756909202 0.0 0.19611613513818404 0.0 
0.0 0.9805806756909202 0.19611613513818404 0.0 0.0 
0.0 1.0 0.0 0.0 0.0 
0.19611613513818404 0.0 0.0 0.0 0.9805806756909202 
0.2357022603955158 0.0 0.0 0.2357022603955158 0.9428090415820632 
0.2672612419124244 0.0 0.0 0.5345224838248488 0.8017837257372732 
0.2672612419124244 0.0 0.0 0.8017837257372732 0.5345224838248488 
0.2357022603955158 0.0 0.0 0.9428090415820632 0.2357022603955158 
0.19611613513818404 0.0 0.0 0.9805806756909202 0.0 
0.2357022603955158 0.0 0.2357022603955158 0.0 0.9428090415820632 
0.28867513459481287 0.0 0.28867513459481287 0.28867513459481287 0.8660254037844387 
0.3162277660168379 0.0 0.3162277660168379 0.6324555320336758 0.6324555320336758 
0.2886751345948128 0.0 0.2886751345948128 0.8660254037844385 0.2886751345948128 
0.2357022603955158 0.0 0.2357022603955158 0.9428090415820632 0.0 
0.2672612419124244 0.0 0.5345224838248488 0.0 0.8017837257372732 
0.3162277660168379 0.0 0.6324555320336758 0.3162277660168379 0.6324555320336758 
0.3162277660168379 0.0 0.6324555320336758 0.6324555320336758 0.3162277660168379 
0.2672612419124244 0.0 0.5345224838248488 0.8017837257372732 0.0 
0.2672612419124244 0.0 0.8017837257372732 0.0 0.5345224838248488 
0.2886751345948128 0.0 0.8660254037844385 0.2886751345948128 0.2886751345948128 
0.2672612419124244 0.0 0.8017837257372732 0.5345224838248488 0.0 
0.2357022603955158 0.0 0.9428090415820632 0.0 0.2357022603955158 
0.2357022603955158 0.0 0.9428090415820632 0.2357022603955158 0.0 
0.19611613513818404 0.0 0.9805806756909202 0.0 0.0 
0.2357022603955158 0.2357022603955158 0.0 0.0 0.9428090415820632 
0.28867513459481287 0.28867513459481287 0.0 0.28867513459481287 0.8660254037844387 
0.3162277660168379 0.3162277660168379 0.0 0.6324555320336758 0.6324555320336758 
0.2886751345948128 0.2886751345948128 0.0 0.8660254037844385 0.2886751345948128 
0.2357022603955158 0.2357022603955158 0.0 0.9428090415820632 0.0 
0.28867513459481287 0.28867513459481287 0.28867513459481287 0.0 0.8660254037844387 
0.35355339059327373 0.35355339059327373 0.35355339059327373 0.35355339059327373 0.7071067811865475 
0.35355339059327373 0.35355339059327373 0.35355339059327373 0.7071067811865475 0.35355339059327373 
0.28867513459481287 0.28867513459481287 0.28867513459481287 0.8660254037844387 0.0 
0.3162277660168379 0.3162277660168379 0.6324555320336758 0.0 0.6324555320336758 
0.35355339059327373 0.35355339059327373 0.7071067811865475 0.35355339059327373 0.35355339059327373 
0.3162277660168379 0.3162277660168379 0.6324555320336758 0.6324555320336758 0.0 
0.2886751345948128 0.2886751345948128 0.8660254037844385 0.0 0.2886751345948128 
0.2886751345948128 0.2886751345948128 0.8660254037844385 0.2886751345948128 0.0 
0.2357022603955158 0.2357022603955158 0.9428090415820632 0.0 0.0 
0.2672612419124244 0.5345224838248488 0.0 0.0 0.8017837257372732 
0.3162277660168379 0.6324555320336758 0.0 0.3162277660168379 0.6324555320336758 
0.3162277660168379 0.6324555320336758 0.0 0.6324555320336758 0.3162277660168379 
0.2672612419124244 0.5345224838248488 0.0 0.8017837257372732 0.0 
0.3162277660168379 0.6324555320336758 0.3162277660168379 0.0 0.6324555320336758 
0.35355339059327373 0.7071067811865475 0.35355339059327373 0.35355339059327373 0.35355339059327373 
0.3162277660168379 0.6324555320336758 0.3162277660168379 0.6324555320336758 0.0 
0.3162277660168379 0.6324555320336758 0.6324555320336758 0.0 0.3162277660168379 
0.3162277660168379 0.6324555320336758 0.6324555320336758 0.3162277660168379 0.0 
0.2672612419124244 0.5345224838248488 0.8017837257372732 0.0 0.0 
0.2672612419124244 0.8017837257372732 0.0 0.0 0.5345224838248488 
0.2886751345948128 0.8660254037844385 0.0 0.2886751345948128 0.2886751345948128 
0.2672612419124244 0.8017837257372732 0.0 0.5345224838248488 0.0 
0.2886751345948128 0.8660254037844385 0.2886751345948128 0.0 0.2886751345948128 
0.2886751345948128 0.8660254037844385 0.2886751345948128 0.2886751345948128 0.0 
0.2672612419124244 0.8017837257372732 0.5345224838248488 0.0 0.0 
0.2357022603955158 0.9428090415820632 0.0 0.0 0.2357022603955158 
0.2357022603955158 0.9428090415820632 0.0 0.2357022603955158 0.0 
0.2357022603955158 0.9428090415820632 0.2357022603955158 0.0 0.0 
0.19611613513818404 0.9805806756909202 0.0 0.0 0.0 
0.4472135954999579 0.0 0.0 0.0 0.8944271909999159 
0.5345224838248488 0.0 0.0 0.2672612419124244 0.8017837257372732 
0.5773502691896257 0.0 0.0 0.5773502691896257 0.5773502691896257 
0.5345224838248488 0.0 0.0 0.8017837257372732 0.2672612419124244 
0.4472135954999579 0.0 0.0 0.8944271909999159 0.0 
0.5345224838248488 0.0 0.2672612419124244 0.0 0.8017837257372732 
0.6324555320336758 0.0 0.3162277660168379 0.3162277660168379 0.6324555320336758 
0.6324555320336758 0.0 0.3162277660168379 0.6324555320336758 0.3162277660168379 
0.5345224838248488 0.0 0.2672612419124244 0.8017837257372732 0.0 
0.5773502691896257 0.0 0.5773502691896257 0.0 0.5773502691896257 
0.6324555320336758 0.0 0.6324555320336758 0.3162277660168379 0.3162277660168379 
0.5773502691896257 0.0 0.5773502691896257 0.5773502691896257 0.0 
0.5345224838248488 0.0 0.8017837257372732 0.0 0.2672612419124244 
0.5345224838248488 0.0 0.8017837257372732 0.2672612419124244 0.0 
0.4472135954999579 0.0 0.8944271909999159 0.0 0.0 
0.5345224838248488 0.2672612419124244 0.0 0.0 0.8017837257372732 
0.6324555320336758 0.3162277660168379 0.0 0.3162277660168379 0.6324555320336758 
0.6324555320336758 0.3162277660168379 0.0 0.6324555320336758 0.3162277660168379 
0.5345224838248488 0.2672612419124244 0.0 0.8017837257372732 0.0 
0.6324555320336758 0.3162277660168379 0.3162277660168379 0.0 0.6324555320336758 
0.7071067811865475 0.35355339059327373 0.35355339059327373 0.35355339059327373 0.35355339059327373 
0.6324555320336758 0.3162277660168379 0.3162277660168379 0.6324555320336758 0.0 
0.6324555320336758 0.3162277660168379 0.6324555320336758 0.0 0.3162277660168379 
0.6324555320336758 0.3162277660168379 0.6324555320336758 0.3162277660168379 0.0 
0.5345224838248488 0.2672612419124244 0.8017837257372732 0.0 0.0 
0.5773502691896257 0.5773502691896257 0.0 0.0 0.5773502691896257 
0.6324555320336758 0.6324555320336758 0.0 0.3162277660168379 0.3162277660168379 
0.5773502691896257 0.5773502691896257 0.0 0.5773502691896257 0.0 
0.6324555320336758 0.6324555320336758 0.3162277660168379 0.0 0.3162277660168379 
0.6324555320336758 0.6324555320336758 0.3162277660168379 0.3162277660168379 0.0 
0.5773502691896257 0.5773502691896257 0.5773502691896257 0.0 0.0 
0.5345224838248488 0.8017837257372732 0.0 0.0 0.2672612419124244 
0.5345224838248488 0.8017837257372732 0.0 0.2672612419124244 0.0 
0.5345224838248488 0.8017837257372732 0.2672612419124244 0.0 0.0 
0.4472135954999579 0.8944271909999159 0.0 0.0 0.0 
0.7071067811865475 0.0 0.0 0.0 0.7071067811865475 
0.8017837257372732 0.0 0.0 0.2672612419124244 0.5345224838248488 
0.8017837257372732 0.0 0.0 0.5345224838248488 0.2672612419124244 
0.7071067811865475 0.0 0.0 0.7071067811865475 0.0 
0.8017837257372732 0.0 0.2672612419124244 0.0 0.5345224838248488 
0.8660254037844385 0.0 0.2886751345948128 0.2886751345948128 0.2886751345948128 
0.8017837257372732 0.0 0.2672612419124244 0.5345224838248488 0.0 
0.8017837257372732 0.0 0.5345224838248488 0.0 0.2672612419124244 
0.8017837257372732 0.0 0.5345224838248488 0.2672612419124244 0.0 
0.7071067811865475 0.0 0.7071067811865475 0.0 0.0 
0.8017837257372732 0.2672612419124244 0.0 0.0 0.5345224838248488 
0.8660254037844385 0.2886751345948128 0.0 0.2886751345948128 0.2886751345948128 
0.8017837257372732 0.2672612419124244 0.0 0.5345224838248488 0.0 
0.8660254037844385 0.2886751345948128 0.2886751345948128 0.0 0.2886751345948128 
0.8660254037844385 0.2886751345948128 0.2886751345948128 0.2886751345948128 0.0 
0.8017837257372732 0.2672612419124244 0.5345224838248488 0.0 0.0 
0.8017837257372732 0.5345224838248488 0.0 0.0 0.2672612419124244 
0.8017837257372732 0.5345224838248488 0.0 0.2672612419124244 0.0 
0.8017837257372732 0.5345224838248488 0.2672612419124244 0.0 0.0 
0.7071067811865475 0.7071067811865475 0.0 0.0 0.0 
0.8944271909999159 0.0 0.0 0.0 0.4472135954999579 
0.9428090415820632 0.0 0.0 0.2357022603955158 0.2357022603955158 
0.8944271909999159 0.0 0.0 0.4472135954999579 0.0 
0.9428090415820632 0.0 0.2357022603955158 0.0 0.2357022603955158 
0.9428090415820632 0.0 0.2357022603955158 0.2357022603955158 0.0 
0.8944271909999159 0.0 0.4472135954999579 0.0 0.0 
0.9428090415820632 0.2357022603955158 0.0 0.0 0.2357022603955158 
0.9428090415820632 0.2357022603955158 0.0 0.2357022603955158 0.0 
0.9428090415820632 0.2357022603955158 0.2357022603955158 0.0 0.0 
0.8944271909999159 0.4472135954999579 0.0 0.0 0.0 
0.9805806756909202 0.0 0.0 0.0 0.19611613513818404 
0.9805806756909202 0.0 0.0 0.19611613513818404 0.0 
0.9805806756909202 0.0 0.19611613513818404 0.0 0.0 
0.9805806756909202 0.19611613513818404 0.0 0.0 0.0 
1.0 0.0 0.0 0.0 0.0 
0.15811388300841897 0.15811388300841897 0.15811388300841897 0.15811388300841897 0.9486832980505137 
0.18605210188381266 0.18605210188381266 0.18605210188381266 0.4961389383568337 0.8062257748298548 
0.18605210188381266 0.18605210188381266 0.18605210188381266 0.8062257748298548 0.4961389383568337 
0.15811388300841897 0.15811388300841897 0.15811388300841897 0.9486832980505137 0.15811388300841897 
0.18605210188381266 0.18605210188381266 0.4961389383568337 0.18605210188381266 0.8062257748298548 
0.20701966780270628 0.20701966780270628 0.5520524474738834 0.5520524474738834 0.5520524474738834 
0.18605210188381266 0.18605210188381266 0.4961389383568337 0.8062257748298548 0.18605210188381266 
0.18605210188381266 0.18605210188381266 0.8062257748298548 0.18605210188381266 0.4961389383568337 
0.18605210188381266 0.18605210188381266 0.8062257748298548 0.4961389383568337 0.18605210188381266 
0.15811388300841897 0.15811388300841897 0.9486832980505137 0.15811388300841897 0.15811388300841897 
0.18605210188381266 0.4961389383568337 0.18605210188381266 0.18605210188381266 0.8062257748298548 
0.20701966780270628 0.5520524474738834 0.20701966780270628 0.5520524474738834 0.5520524474738834 
0.18605210188381266 0.4961389383568337 0.18605210188381266 0.8062257748298548 0.18605210188381266 
0.20701966780270628 0.5520524474738834 0.5520524474738834 0.20701966780270628 0.5520524474738834 
0.20701966780270628 0.5520524474738834 0.5520524474738834 0.5520524474738834 0.20701966780270628 
0.18605210188381266 0.4961389383568337 0.8062257748298548 0.18605210188381266 0.18605210188381266 
0.18605210188381266 0.8062257748298548 0.18605210188381266 0.18605210188381266 0.4961389383568337 
0.18605210188381266 0.8062257748298548 0.18605210188381266 0.4961389383568337 0.18605210188381266 
0.18605210188381266 0.8062257748298548 0.4961389383568337 0.18605210188381266 0.18605210188381266 
0.15811388300841897 0.9486832980505137 0.15811388300841897 0.15811388300841897 0.15811388300841897 
0.4961389383568337 0.18605210188381266 0.18605210188381266 0.18605210188381266 0.8062257748298548 
0.5520524474738834 0.20701966780270628 0.20701966780270628 0.5520524474738834 0.5520524474738834 
0.4961389383568337 0.18605210188381266 0.18605210188381266 0.8062257748298548 0.18605210188381266 
0.5520524474738834 0.20701966780270628 0.5520524474738834 0.20701966780270628 0.5520524474738834 
0.5520524474738834 0.20701966780270628 0.5520524474738834 0.5520524474738834 0.20701966780270628 
0.4961389383568337 0.18605210188381266 0.8062257748298548 0.18605210188381266 0.18605210188381266 
0.5520524474738834 0.5520524474738834 0.20701966780270628 0.20701966780270628 0.5520524474738834 
0.5520524474738834 0.5520524474738834 0.20701966780270628 0.5520524474738834 0.20701966780270628 
0.5520524474738834 0.5520524474738834 0.5520524474738834 0.20701966780270628 0.20701966780270628 
0.4961389383568337 0.8062257748298548 0.18605210188381266 0.18605210188381266 0.18605210188381266 
0.8062257748298548 0.18605210188381266 0.18605210188381266 0.18605210188381266 0.4961389383568337 
0.8062257748298548 0.18605210188381266 0.18605210188381266 0.4961389383568337 0.18605210188381266 
0.8062257748298548 0.18605210188381266 0.4961389383568337 0.18605210188381266 0.18605210188381266 
0.8062257748298548 0.4961389383568337 0.18605210188381266 0.18605210188381266 0.18605210188381266 
0.9486832980505137 0.15811388300841897 0.15811388300841897 0.15811388300841897 0.15811388300841897 
