14.38956132517305 18.37077345207317 0.03374680311285378 0.4367480381174861 0.0480470592685826 1.061989821386178 
1.814764730289752 0.14702673674800676 5.221044093035907E-5 7.168521826846325 28.724155734325272 0.6046936016122921 
3.9068646761730426 6.218858870026163 10.210293554614447 0.04536606720367887 32.12618458576304 0.25284697852730453 
4.482266728079053E-4 7.808663202508012E-5 0.024047662047497014 0.00907242472336167 50.24347280061243 0.16754057649139492 
1.3605528039666304 0.12506588142335873 0.8059652278836017 7.817979296929682E-16 250.55825312053676 0.7046712063323685 
0.0052583327017229125 7.178285567791803E-4 0.24270933180354876 3.6933285989846834E-4 48.36665122672267 0.04178109737049346 
0.017837033319729658 0.0033396957742730907 0.8136126587908313 0.02693643552622405 75.22671951438905 7.880723028340642E-4 
0.05178037812498027 11.374156731653375 4.505757485576983E-4 46.46295592413651 0.007298151175789846 0.7564679409771956 
1.281607297877689 7.745013180869423 0.18061624119896746 36.74598707123462 35.00812837246356 0.5742282780436814 
1.7379343554417044 2.1570147577571124 0.03560846428854938 10.102631392793676 37.764929619231694 0.2457155842364305 
1.7489276803347444 2.178627797217273 0.061970488071107686 10.307351428485127 41.121285924744164 0.14354628886932005 
2.2985779854490134 2.839142681501169 0.005463654057477229 12.599706406273725 47.726858854240504 0.05427748689418249 
2.557658291789137 3.2002223735634083 4.975273116953826E-5 14.006541352056908 50.36206478997517 0.009879544856009436 
1.6157457230034894E-11 32.48114337825579 0.007283004773426388 73.41384302293665 0.06572985243591319 0.5653562186099937 
3.3845169040503564E-6 0.5341001394630843 4.900875131093254E-5 180.5579783544709 68.44426421477887 1.015241072621988 
0.06165123632273911 0.3724432213267635 3.3563441803409727E-4 193.1702593777818 169.00448549825973 0.8078355180383596 
1.701059247112743E-11 4.583441064818208 5.042685604713667E-6 254.8002455120696 1.0716165929819612 1.0286718920384257 
5.585917114561762E-4 1.7409786469050414 0.001414238719332605 501.8503830701874 175.2407292986601 1.014920985543463 
0.020070259750786277 10.032097053842248 1.8055077071925586E-5 506.5926652924625 0.9344707296828647 0.9825005163344923 
0.01964348069397918 5.6880243909285095 63.31681109120448 0.5619955307849931 1.1082767766758592 0.9604068394602092 
3.1003663086265987 20.68815991827571 29.082809047611438 0.12620010088576472 33.03499478414592 0.45458795776786004 
11.212899510809981 6.473727446864072E-10 171.17702820919405 0.5539949860815171 277.5339024038739 1.2916671512890407 
4.662444495301146 7.123050635204924 11.827895068982858 0.05256498649996241 40.07992941431366 0.12123810112669958 
54.96312288234864 1.2532707844964094E-7 96.85004637426411 0.28207845981097956 411.28243305718297 0.32950736628980354 
5.219736778583569 7.762117605359084 14.077669752221759 0.21343418561111108 48.014856165904014 0.02102852013317774 
4.282157215885498E-9 27.18069969809308 50.890611610694265 39.91716020134974 0.012626810612574592 0.8683046059101754 
8.505291973999032E-6 1.8547192462402889E-4 103.98714299251009 82.6721465153782 99.10883340479769 1.1687990548749627 
5.08689299389982E-5 10.198803201381592 143.01797977285088 0.023888003785444183 0.016455426160060963 0.9558850614459998 
2.3029556767518367E-10 4.412630097105348 220.06290793866768 4.544901660819197 75.5368060160165 1.0160220307951762 
0.0031301368248035834 0.32724253361646566 193.09545408888158 64.51666590893247 7.362129114785851E-5 1.0670067216466157 
0.1795811011770652 6.329152944731359 324.8228579545048 0.09778363459969654 0.01765858676644016 1.0508659610293931 
0.001717452484847696 5.6343016470285985 376.31257562910923 1.8548488452442235E-13 122.97972406043998 0.9970126294532902 
0.04415400098136186 52.50357241367854 363.64577380713513 119.69142873519863 1.0012290393133101E-7 0.9969473581669076 
0.07085571134179318 9.815959012516341 503.58211350045013 1.3930330012389882 0.0033541023311892764 0.9993586377324641 
0.015856503628077993 26.093167257666003 0.3780358004881538 0.1093980259609393 1.7671614834683032 0.3173381699487767 
3.8129032438034947 24.520940086235314 8.656499009693123 0.7006104926157789 23.68122294565897 0.3240853593504417 
3.9743115185619096 26.842446655079154 12.234501633931972 0.4783913199344453 27.642895347928306 0.20514067937490324 
5.95228962132046E-9 114.05018600606252 1.0646023721023097 41.25434400638226 393.5079941746931 1.292441760251497 
0.0976326934726582 30.824120355135967 0.002298258226172089 27.39848678004537 0.20432419015503359 0.40459723491902366 
2.3898454760103 34.308146427106706 0.8019073962516572 29.72072598815161 18.11649875648854 0.2262097523844002 
3.582697651984865 24.073102620505953 0.5603571314363712 23.70937768133357 31.792628768099476 0.1654180194461707 
4.614720694446116 28.573050150003525 0.6866373902205911 23.892684342096306 36.168730407409626 0.08180106139544649 
0.0012008010485234013 42.27102283011476 0.94322095060158 38.058489054877626 0.02731737237206281 0.23854553410977675 
2.0278794784403365E-9 56.219131912995614 0.0026218340268749684 167.8078861089952 65.40652272824518 0.6451433364787547 
4.375500041518202 26.44203536494479 0.6166369153590489 26.470928770299587 35.100844001286205 0.06952658052469098 
5.058790148612499E-10 92.2630340509882 0.001680353534134542 235.35681571806228 12.026320849300708 0.6016541501107755 
1.9995008236429462E-8 126.2084502533453 3.034458833398614E-6 376.7182541319083 143.25784183319448 0.6324476056449548 
5.34421197458682E-5 44.623271782558504 41.27533382556369 0.06100641084205701 3.7331271558833965E-5 0.5130310592342492 
3.3825620668145484E-11 37.873348696395375 101.34474351982597 11.796343491281156 71.23627644589514 0.7982872558579979 
4.718187411656949 31.71097875051607 14.455051754013262 0.02459434959841912 32.655844557884315 0.12383862236715956 
5.895380561640081 8.989269749301913 14.945142383253044 0.06640380417082035 49.89567530240182 0.0096738705121025 
6.194463149985974E-5 51.72272619486401 16.228091126177443 40.67328650456398 7.480150011454605E-6 0.36901624333045585 
3.242284288812133E-10 109.02448788558176 89.05066755369332 255.14272504499945 0.0020092957091778583 0.9393712461072039 
3.674549418547264E-12 64.07375981124586 108.70972342525334 0.031219415011383842 2.3713058354367487 0.672834866281177 
50.27397762794187 250.18354795131674 320.77829593854165 188.77667882458002 4.679417712840249E-9 0.90917260637783 
3.5556101341051174E-10 111.42395940225266 290.59443036315474 0.0029947363555965353 3.8976332894296513 0.7766990881033979 
0.6802522637085537 36.954886662160746 0.030041831310648952 0.1062940796404688 5.273609260884258E-4 0.2320688573353639 
0.0027633032743043296 41.61208546874643 1.9041380131700256 3.754709090977458 14.46133467015677 0.17312183828396904 
3.6254018167972855 45.70215830701043 0.4470562969316799 9.811212629128134E-4 21.207561438639527 0.1236731862075584 
5.9151758732161355 35.74660910645967 12.534560799724556 0.12481679232600047 35.72008268025784 0.05202813242337748 
0.6444980230945483 40.234222624218035 0.08603138626773173 13.345479411246902 0.00944053500025609 0.19312641552875778 
1.3658603655959378 37.19707618830529 1.4717988284783802E-4 14.279860435539357 15.6857691013568 0.14472533371901497 
3.354482619222515E-4 43.87694664688781 0.032791462072208996 27.9462924758961 0.3805187218036018 0.13825245883938084 
3.1824081005324446E-8 202.00117496028 13.711327490120377 140.08059640443216 50.07985101584958 0.22503024059777435 
4.838990673345795 30.373623975103598 0.0375394338287776 25.080691805287277 32.65460988828913 0.010562359104161215 
9.690886348746406E-10 176.74395476236126 0.009995854517148288 178.15352556055043 1.468674292347181 0.30580605125217 
6.232863749313215E-6 51.10385895814151 20.126169482909706 6.035198078523561E-4 0.13973447665542413 0.243842412489816 
0.015891970880199693 47.91323400537155 10.16505046301873 0.02266456079202127 14.035649885707244 0.16431415652356585 
5.266354853593369 36.98285173913282 14.346297859616934 0.0015164321459355755 33.43397970938352 0.06692850452568946 
6.4894838340299215 39.0729920192313 12.837017155791147 3.664215759597269E-4 35.84451430183623 0.015816215814453527 
1.2483664863504079E-7 171.41691825797108 105.84395935679046 77.68525700579227 0.04833148709815613 0.41766997821804186 
0.0033501810777495362 182.9963855868748 176.12633880788388 1.804865614783524E-7 3.682308960182458 0.5073348508889896 
0.017579886424491136 218.06648106934873 297.8089670176114 1.8191499179482206E-13 127.65427838009882 0.60594196715663 
56.79451540187733 284.48842345106925 274.9177895455246 197.40694711684318 1.7269509584620725E-8 0.8128028284905711 
7.911058024101397E-11 261.3428541715032 460.567808921237 8.371001915018245E-4 4.404253065620581 0.679734603673697 
0.7194569644691019 44.923558554477914 0.002032801108888811 0.12920916829613568 0.2939601307691418 0.14544702179635577 
3.829542771623888 53.93475157807467 2.1616236529394626E-5 0.022152856714832424 12.162246650380316 0.1212540654959824 
6.429163635787696E-9 178.23642991277364 4.285379529631876E-6 6.398525468364068 75.82553429320832 0.16640775601458044 
0.8067689683875251 47.121292828606485 1.2413942493755228 9.554457628815404 0.31446206835074525 0.08972391259178629 
0.6638593822241843 43.81449023596473 0.0013619092196830041 15.295931546756448 15.947358280950708 0.06302731984179084 
2.8593279467362946 45.62155985518644 0.800620464787357 17.16830988885344 21.112871823947774 0.019768887633521973 
1.5154321022871816E-11 206.01867545999713 0.02133669425328922 140.6426145814329 0.43940993434138276 0.24746986361898252 
0.006944695473852952 278.358108479497 0.2043191198113019 230.99430720343813 1.7245444098747202E-5 0.20264183198549185 
1.5836483004325919 91.89763785219867 24.216119484011696 0.06802729013564174 1.4543520536821015E-7 0.18986564347464288 
0.019080683998494913 214.31609233195442 74.81272422718872 1.1187528616748228E-13 83.78854474501661 0.2416632669687547 
0.003110172809176328 229.10688177322268 88.69943645797926 76.8903328378766 6.670072324715148E-8 0.281130737518599 
9.208796884483771E-4 289.0039528029389 182.72725172812738 2.2262141105073713E-9 15.468367827086906 0.3671108334241854 
1.3900584655015742 48.23381874450837 3.9004868336281535E-11 0.1920345645182542 0.27174404244778266 0.06859079989934594 
0.49335059030296774 52.148922837735306 1.9131327714769357 2.3974267086498946E-12 9.138916801278137 0.043772740848126414 
2.7784409537887994E-5 190.3687493446222 0.0877309686264976 0.03259788563325738 49.152823394844624 0.06210894035739527 
0.176529377864752 50.8570763414016 0.0011460010153996887 8.75635231206252 0.8231598331989326 0.04816245623601027 
0.4885393804186522 189.0004869962685 6.982585744236015 74.49673532980495 5.2668745416855104E-8 0.08505443466130481 
0.04820968456317898 126.09420613857057 17.518929045218144 4.554670861500731E-4 0.02358355829410309 0.08922610769443041 
0.007283650590915397 49.084312219751865 0.005196435962691162 0.00204873376066996 0.004792511285363809 0.034057654810363276 
0.3543553036893828 69.66806500710818 2.555757837359327 4.539079494243561E-10 12.208696954059269 0.02274176924970201 
4.0447095906393627E-4 63.18762544405086 8.398381457588932E-9 9.84451983759954 0.338098087635837 0.011201304144868378 
0.025257768731392002 700.8482801329061 151.72783022326 5.408368545529902 2.3348787743970308E-6 0.17908593855067878 
0.028231473194892914 130.26399600054705 6.55582318337563E-6 0.03300803750693297 0.02413164558977422 6.574155447298183E-4 
52.29377449170997 0.05488335046086743 0.7215740804485915 1.8844871728702557 0.10029546548456969 1.0439470699533802 
58.62940151351148 3.2154208906185646 0.08806070121072877 2.2488159674361774 48.30945175036863 1.0024740421081146 
92.09115772265558 5.316850068868388E-9 0.21229205305535206 1.760439046855497 149.01739364736426 0.9997784638689435 
71.96447552222165 7.9116397187800835 1.5751315556499817E-5 62.98926226249535 0.04045105621337489 1.2070535264997582 
55.00798568373446 6.1371586646368375 1.7580678680163237E-6 60.16979040835495 88.3897589105843 0.7283359903449281 
124.87841601523857 0.042202392133734036 3.966532690020802E-6 135.75439546354534 199.42396682187402 0.7341542863226386 
89.4023153636002 3.3432944199947454 3.3326625676564926E-5 256.3362029343364 0.017547136267313187 1.6684252315664612 
174.24585131812387 1.551039423240462E-6 3.1904193962776347E-5 279.35071541185584 117.47816227883293 1.3483091155017375 
201.53677581286868 1.7939680179118304E-6 3.6901127559285215E-5 294.53331428452907 313.26428396816857 0.9659152211029638 
94.61762399501245 6.633004085656502 92.42882163578803 3.9641032048493056E-9 0.4112515329535338 1.5005996506627366 
100.18541595152952 4.341062959132214E-9 176.53586026580507 0.035921236363517274 119.25501710388326 1.476206020430747 
220.60020724671614 4.096785966535358 128.98205562939796 1.2595814257056484E-13 200.8780230475678 1.1147518228022015 
200.27442737549296 0.005670384424853252 286.503420227683 119.43225677456545 0.001514240805348384 1.668878533194466 
172.1969424093496 0.06064903094393657 325.94460287893094 0.07503290617054645 1.6157043554102417E-5 1.7204276358705277 
298.6717718942464 0.008456315594986928 722.1334952519665 0.004788202584102325 9.715876285596616 1.8777608528519218 
47.85144460712733 62.909066176006434 0.7892293184417084 0.005204193782637234 1.2689308712482612E-4 0.7022767809087512 
32.927974672983375 40.53957060761394 31.4587659160756 1.3886514715488742E-5 50.21107362063938 0.6664341182573138 
74.98164202924083 80.02965837086208 0.5318386621678666 41.84013930809312 2.0247935750234694E-7 0.7930902225422013 
88.64399259968235 108.2437912196604 77.96343623696305 7.893657513310576E-14 7.624921636898315E-4 1.014528708627842 
70.83077062185654 85.86814152361092 66.11165107440414 6.380609982284925E-14 111.8662810641631 0.6433829512228796 
17.013830778218686 72.52635967266349 6.021650084107055E-11 0.030931307044713387 0.01031234695207905 0.30366634088430544 
125.7136939894045 162.43719782723346 2.985703138500501E-11 62.83459478765253 0.0013411148718996534 0.7393988048907646 
40.316926667276704 221.71219124045925 0.0015048750230374317 179.1391732342357 4.965867547574775E-7 0.4050971912906649 
40.22977310814987 143.48151503610032 0.02330380231480986 5.458756057914221E-6 2.0908279000855257 0.3344536807125916 
51.26231436023378 281.903433231916 0.0027131121324887233 1.1353553286063 4.942625428343839E-7 0.22493437569812222 
129.60697820931708 2.3272112091029125 3.064741486306344E-7 6.850858871247508E-4 0.16639490861529402 1.0132720683447012 
225.86644835412926 1.0653367047989051E-6 0.6982649736813447 4.620520760937576 97.82389111918287 0.9991746830034909 
280.7321479231859 2.022112798389772E-5 0.057674544315770696 1.2062622032913524 245.85980341240614 1.0047764518389584 
181.94402587811012 0.9352758783530273 0.0042825050767703815 74.48935718647283 5.825083188392183E-4 1.0977370989760504 
246.92370391665972 1.7785906801536143E-5 4.5211416422084327E-5 197.3354458958469 112.78614350474082 1.1436950068636837 
223.74832007054184 1.99168280155855E-6 4.096803308873633E-5 381.58967347261375 4.085712776005453 1.448128266951952 
213.47098741677246 19.56405834173842 101.12795712630842 6.606946816965635E-12 0.10032838666489974 1.307106380707166 
354.7423368094633 0.4206916262976058 322.2811663718214 2.1418658607384864 1.2418381488098834E-7 1.5093198237049987 
202.92321617047529 83.6806624814147 6.519105681976694E-6 9.795258222793825E-5 5.792827800512098 0.9818623410508223 
176.3564755152078 218.96604288442282 0.009026769518334258 0.6080259844261274 1.5385215338338843E-4 0.6852392003120059 
201.5196984126443 270.81921955917204 0.3362128912183465 1.663698674785766E-13 116.74587766314525 0.660912100418726 
260.73893828267404 410.5937472647416 0.27913601382430786 4.628211140901624E-6 8.211530600271663 0.6037487083560681 
252.51033496301562 1.264652408597666 0.00840466904775077 1.5613862917239507E-6 4.6644678121093115 1.0214780856775079 
371.66976875745246 0.026530499535525855 6.80522625534366E-5 3.080923879643987 127.7727015866283 1.0068503995381861 
370.7520048325725 2.822208261399563E-7 129.62319509225685 0.006248798623133798 0.9194098326350647 1.277494228628173 
290.3838409154404 119.14484195023732 0.0010977615727498912 1.40068214424258E-4 0.24984526432675172 1.0535665810941583 
345.5935630425802 407.65777169991463 0.8923352165257102 4.404851677916688 1.2870584793292213E-7 0.7161602019066545 
517.344183899343 2.70021431603466 0.012907824364801899 11.702757711984946 0.01699118306571169 1.0138925686978928 
22.16850763385788 0.13267680905154758 0.799755215701124 5.60043027040628 0.047099600940667855 1.442157618059268 
0.24005563874405708 0.003127154102350812 8.39459327677274E-4 0.01765730041579177 47.95988328993624 1.02868438028584 
1.3816479308085385 1.7148144677887758 0.02830852664227354 8.031534514447872 30.02290431866185 0.330743687782594 
4.336272506032348 6.624741304619081 11.000447564267082 0.005799505206083842 40.61347733596999 0.17210496371586692 
0.30453163790049775 0.011870587422561654 0.025840064615748705 2.9277818609172095E-5 513.308026608249 0.9621596277531765 
0.003623191583388965 4.946112261756283E-4 0.16723597727326092 0.008463501822676526 48.392802696501214 0.04484555211598168 
0.017729075339282363 0.0033194823898701985 0.8085107104449056 0.02663135474281395 74.75458583560899 0.0019784660362359707 
0.06923371482804248 13.559187932921368 0.354504993467814 45.707354298202596 0.314044332804872 0.7235357149241834 
1.3740339166708146 8.303566009026204 0.021872595732565052 39.38573465194066 37.52303216310358 0.5657965819753039 
1.8940858470832027 2.3247239481245248 0.038547197267245495 10.936392034786891 40.88163364810671 0.24410903855535174 
1.7081284852006784 2.12780450611003 0.08117996641075564 10.06887791380612 40.16989335307986 0.14833691321663733 
2.243903427349116 2.795215854870689 0.061732516867807535 13.21517784321688 52.6430509350113 0.061684436855589414 
2.58730098857709 3.2373122466626034 0.0036337715926167617 13.954581292956489 50.23638835277731 0.01356418458769898 
1.4826262625680154E-6 23.390702736973594 0.0018298508553142411 76.60799029859645 7.259731285056772 0.6662028149590723 
5.75805765181291E-13 0.15536251787292152 7.522584955001795E-4 208.77759780017783 86.47782205524068 1.0979453547807883 
0.4368548722134332 2.6794064123045733 1.037020429061874E-6 179.75516096001033 154.7893676828135 0.7950080785397875 
3.348372644545138E-4 1.043596808989063 0.03314427711657711 300.9763252606476 0.4583629498634757 1.018704520201422 
0.030068348039286794 15.029630384679747 1.4918058338500478E-7 506.70919423240383 0.9349134544690154 0.970153768586015 
0.018120418566532185 5.247002014864918 56.92298598482543 0.734633426237069 0.9604152291622451 0.9549470430073339 
3.4156909452592563 17.179414117871424 35.28744036680151 0.17365956471091504 33.62937628183412 0.5457245442049323 
4.669799162009696 7.134286728937054 11.846552712239253 0.05264790393879439 40.14315258465736 0.12123620481243352 
5.944995786550338E-9 37.73545365901255 67.81587626471085 53.69462473978187 0.016984972229551604 0.8561424648342758 
1.3746102912217433E-7 0.0011052909686546507 115.4933699147478 91.16855889466487 109.77354926384562 1.2189779359733146 
0.06402493415487832 3.7127635731691773 179.0342797343522 2.9158399762428443E-5 0.018917629117729904 1.0168962749960166 
0.034396005121896306 10.145048472973405 196.81180567308974 1.879222813872969E-12 72.65079516935475 0.9893600132210822 
0.0869923030411301 34.76887374786378 240.81388219950034 79.26218230990608 6.630349348038637E-8 0.9620679452744628 
2.4734222400030587E-6 2.529984289376961 293.1925784615753 0.12389877722608565 0.15029911604694504 1.0005755374256746 
0.07162946326376597 27.434085412423514 335.5367381733256 132.60611992888127 9.375173207700202E-8 1.0128139471137994 
0.002512017087318823 41.38753207217614 500.73921323224687 3.0070652087301814E-4 6.37345840229067 0.9521640880043195 
0.988671568695104 26.025674107965713 0.37732986565515614 0.1075363618674029 1.7638610622938602 0.36230004918932185 
3.630321516394197 24.57544864764285 7.486789510319336 0.6916448558707153 23.378176895325154 0.3623438992209092 
4.005674257302969 26.92217162484757 12.272134115736359 0.5642617424900095 27.72929309203877 0.20438438398458472 
0.02272833279339868 30.573698713800667 2.3595259919719178E-4 27.425538354552682 0.33001342051642174 0.3460513725807703 
0.014164712938960395 31.251215055031825 0.03615095133776138 23.445408610352757 34.09412101560094 0.254729792095048 
1.9248511893905265 31.20515499003938 0.04470376947063749 25.457686326652823 33.14725531480655 0.12169100327577219 
5.5977280530890275E-5 46.74008842943694 1.5076631516669488 62.9525818631387 1.9665914281552253 0.40782736334690717 
1.917162346462659E-9 53.1497083531355 0.0024786884666662613 163.80479559536948 65.64047884333854 0.6597068267484277 
4.507416354487457 27.239232434913475 0.6352278118378604 27.268996943334745 36.159094230705016 0.06828118405217133 
1.10892289078758E-5 108.9027043726733 3.456882002768172E-4 277.803499351122 14.086868692118 0.6379723820051708 
3.4759733826651095E-9 96.36480284144304 2.316921146119389E-6 287.6382699678363 120.85363679155651 0.6392142298019072 
0.44777073251034266 44.28668519168848 42.8848928476664 0.0012688689431058634 3.8568283235090077 0.505919297678502 
4.740698184235499 32.169287133016844 13.91103779050404 0.024506896919603168 32.840913931133855 0.11236321319661433 
5.915327371260629 9.019684622513624 14.995708738851944 0.0666284790711133 50.06449553813378 0.009374453276221606 
4.109532903907631E-7 55.77451140855564 71.74754386279291 74.48885805013778 0.0010159552395529318 0.7846881789661386 
28.66725322375785 148.30377297898818 143.11991601107943 164.47631555352217 1.2123746448492832E-8 0.9327580634300507 
0.6397893533469499 67.9155563241502 118.16937539823246 6.717352380693658E-14 1.825307848915463 0.7118992858199612 
3.5405988529039496E-10 110.95354326436085 296.80437551366276 1.2509092255417757E-4 3.9682797492624573 0.7893871316805731 
0.7097773715484644 38.55884606387387 0.03172877885558349 0.10710990993981022 0.0020046528994594956 0.23041125732108056 
0.0061092489857127175 42.37318926184167 0.250664473051182 7.822393342685007 28.093869335992277 0.2610295111449635 
6.370391730146141 32.04025170284759 10.939508628692927 0.15916213541793492 29.541493055123258 0.12400709214047925 
26.955468758193334 276.5871260041278 0.0166327139552064 1.3523290713080138E-11 259.7368428673385 0.42948683064300597 
0.6442429585748466 40.2182996542453 0.08599733875566598 14.977776811884986 0.00955785905563806 0.20409586894091247 
1.8620624565023896E-4 48.12788375340485 0.2990384053926947 18.967624267503712 20.353747274101664 0.17009133163363166 
3.318608042293588E-4 51.8442566203906 6.890713813398482E-9 37.447072442475694 0.3381195653128223 0.16011149247114775 
4.8516940846517596 30.453361396449285 0.03763798307185565 25.14653411938713 32.740335397687545 0.010534710380092419 
9.711295854707671E-10 177.1161866376021 1.9486260041060214E-4 177.30459344934437 1.05383732084431 0.30274880741936994 
6.056717852178776E-4 55.12147749256048 22.474135420119477 9.692774632649086E-6 0.0062885589441182945 0.2521699498283515 
4.7808415658531447E-4 150.03937295915344 111.36843645252381 9.197521507239467E-10 48.93869798821077 0.41580646826166595 
5.596750106587635 36.57221019033527 14.208826113131078 0.04346493417173202 33.11362234037776 0.05492618077683492 
8.453634023164245 50.899082757323 17.160343041486808 0.013533826012001818 46.81108045667383 0.009544829052116732 
0.003377711954759441 186.23224611699294 103.84539228945837 69.04683280996868 0.001988882518633819 0.36752773344138223 
1.686536872307544E-10 188.8355565767469 245.01750085619835 1.2212093882007442E-4 3.9196971154080855 0.6336946635343517 
0.015558258010652148 215.09374687243667 293.7491640775024 1.7943508319457215E-13 128.6805266303154 0.6061094654927843 
56.690949891694345 283.969655247707 274.4164735129607 198.57876074163974 1.726438034828238E-8 0.8140121081339106 
2.2630949531675086 252.76024799007425 439.787202766293 2.499975652359208E-13 6.793190116784674 0.7060800817495015 
0.7263413226930683 46.03697365257255 0.017562786986963716 0.20236360247569676 0.0023441649105555326 0.1493460161181244 
0.2344680777512896 45.62269770154975 1.2139576558144902E-5 0.023903714520945474 16.5671229920516 0.12501068855907516 
1.3096498618861616 171.7047830663057 0.1271256010447724 5.676368889627805E-10 67.85246660953766 0.12183279558865184 
0.014481835478067275 45.86738929648431 0.07236120337379222 17.28079670471947 1.218981229878335 0.08907270485711408 
1.7421982278609323 43.485018627134565 0.002350843785572026 15.191346114430447 17.020868266719834 0.041750708864615495 
2.9156361942190308 47.920171476363514 0.8135118990866577 18.01971498804689 21.688995340820938 0.018923984061139876 
1.5841650345088775E-11 215.3627217128276 0.02230442719080123 147.02150762515163 0.04693154223756789 0.24811749515363668 
0.6104331466090263 64.02885429033712 11.915346783879269 0.02995826703940828 7.606278719497728E-4 0.1653195883724244 
4.7432737118148114E-4 329.5533311454689 125.54428020625055 1.738054085481299E-13 130.00653193111154 0.3002920820518803 
0.007760785814691588 311.06873840985423 117.74938200473612 104.09737711378355 9.030225368201935E-8 0.2767061356902538 
0.005111347488198952 282.9052901551426 165.23945566454452 2.133124191834393E-9 15.40856418063063 0.39449712831724815 
1.3864981010970252 48.11027719887169 3.890496495216128E-11 0.8838521675320906 0.19305064000704156 0.06866038637645215 
0.2731303488289812 53.69882346762157 1.969929678976245 3.498636404527915E-10 9.26198871747602 0.04772861411185137 
4.610813351733342E-8 291.0344425212464 6.997408122507461E-6 2.9631864670632706 104.946894163143 0.11098093799769218 
0.17680339493467725 50.93601904891351 0.0011477798912115764 8.769944327356557 0.8654797100539819 0.048082829263735166 
0.06066539587445158 218.24239905607547 0.10702961423052888 93.26266630020555 0.0015061898875704828 0.0753844500105364 
0.15903264919863375 169.30264138064246 36.81657090052014 0.0015203810565033995 0.0021834744233849047 0.16330335366437898 
0.20437652407673473 56.2658441767135 0.0013022392735522602 0.0906974705564307 0.034689987041613614 0.03590341029222777 
8.50354214560808E-6 80.05880771143619 0.0062629874533288495 0.08444725374125248 7.610131629184131 0.015098744325806782 
4.189678987581276E-5 52.8429421964161 0.0012230101886317795 9.770259972286132 0.005277030846913498 0.019413555953328457 
0.02750556667813346 126.91456102975599 8.68065074803507E-6 0.032159312774563825 0.023511156581892234 0.0011509416896981553 
50.864102637566745 0.9067070102261805 0.07544904134542983 3.7738917873701046 2.4478563733257617 1.0364375510576902 
74.0884880193047 1.330326207478989 1.7519277590421498E-7 1.648480130605333E-4 67.47370500027898 1.0147537518952343 
97.0623155786972 5.603858090516358E-9 0.22375175595646668 1.8554690216573575 157.06147741649139 0.9997101183061428 
77.03635979577446 1.1266305944447423 1.9056685517233617E-8 82.41523908925785 41.58253104627523 1.17749848906469 
54.145759708543636 0.7918633436057649 1.3394177990663736E-8 57.92635768199808 90.62398210891764 0.7349842389733673 
128.31182670963298 9.028473515582439E-6 0.31133553255450924 141.96789157468407 211.71329379979866 0.7279832710101807 
177.27531242054982 1.5780059969952511E-6 3.245888444110529E-5 302.33267700059645 333.79174082369053 0.9808683608952947 
88.69633119870853 6.21064471367141 88.63751885231 3.290022516816648E-9 1.8935830558024824 1.5056861713576364 
80.54847010274264 5.661540394770815E-7 141.93376678259986 2.5140277201110306E-8 125.72351857941032 1.3279392138076593 
130.7772029602368 0.12350917189560685 285.59743111940185 273.32907605622484 0.004466329414069987 1.9848262153761649 
176.9139506845033 1.243481691112471E-6 318.31682898563645 8.243642162069293 6.336303957619209E-4 1.722618693635925 
33.34903815548849 42.81634373761901 0.00619164791404249 0.17506192126689735 0.010727557335783514 0.6725156012165124 
100.3574696297919 121.38786195498335 2.2894277385201382E-11 48.1813688676941 0.0010094877316943114 0.7466479090246144 
83.24827953597439 120.48106924981566 70.16323176993028 9.827985578545814E-7 7.519527956967323E-4 0.9413152848598175 
21.038617585924637 73.63119430775735 1.23270294934417E-4 3.066562311559255E-5 3.467854363059779 0.35162910650543755 
126.7799837337496 163.7425738289472 3.010195362589852E-11 63.35003751745978 0.0013521162623421825 0.7391651609393941 
39.621795201873525 217.88950104220507 0.0038773741938429138 181.0434196341003 4.934303766183144E-7 0.41477215596811684 
17.70711687061275 104.96395521517715 8.604398440794194E-11 0.06628397315546954 0.06146329693071884 0.26586394180343476 
33.01295413288706 195.69364478956777 1.604194591037304E-10 0.12357911124191444 0.11459149545668657 0.258036914859302 
128.82343799219677 2.313142031646122 3.0462135625573627E-7 2.8663410951384344E-4 0.16292874130317622 1.0134146667353154 
266.58164938252736 26.436473063287888 0.01226066172860535 1.3036260381952749E-11 248.382814319973 1.0085135798959532 
182.7965035254319 6.179203560256011 0.8869869984392926 69.57271383335168 2.9558623924656163E-7 1.0646199240766383 
190.65265891736144 0.013609151736402572 3.4908259675061136E-5 152.3649894998937 82.42502682265243 1.1036192506430074 
436.5137624049504 5.737377187646717E-7 2.92746082886431 482.98080744520615 1.8522339558091756 1.292633051844739 
277.1579506727772 2.1097592134519033E-7 172.6257607715613 0.005163201071228991 0.7643550527765185 1.4191299694999693 
359.69366130564816 0.5736894776503719 308.31118085078566 2.1171451824669396 1.2275052804894193E-7 1.4919425279752643 
172.46140815505007 222.73211544388138 3.936442182448845E-4 2.7336716007653075 4.859487961508636E-7 0.675246998899648 
268.1453070026053 417.062419874043 1.7497261876875159 2.4436709063991327E-13 0.1500054934921041 0.6301388895052668 
246.75494419120176 0.007006435981231219 0.5688289193061029 4.717033097164408 16.44205011430133 0.9997460441136434 
411.086535749088 2.961055053129847E-5 0.013817050388698314 6.194153997228438 139.38056723246152 1.0068803564670628 
368.2361742201842 0.010425897576283318 202.86734293487615 0.049277572173765126 3.290768863857914 1.3450875650690515 
286.54682637437975 119.38913404955642 0.0010856865435955123 1.3852750848704985E-4 0.24709704565548626 1.0489863751435369 
451.1000520124259 5.789573620547803 0.052779609501243496 3.495693790364909 6.766348827157783E-4 1.0101433603308796 
23.428138153355754 0.14021560059634572 0.8451978812365409 0.15314134682905894 0.048262603185858885 1.416547496847267 
0.7254905746891945 0.09827159014716276 6.722226972217554E-7 0.19842346809816871 51.630233797430904 1.0003085284248447 
3.532689304683861 5.397066886494853 8.961882216341515 0.008142748427426828 42.541969202403536 0.31634222762359127 
4.365567904429597 6.669497356165091 11.074765424478807 0.005971836586795558 40.89815961292844 0.17190781200851152 
0.003991183242151029 3.9869162812622834E-4 0.1820640233910855 2.8426346681558947E-5 52.6164565299045 0.04457008813356894 
0.020260778333314265 0.003794971518172442 0.9051028905750991 0.0034064806532099023 83.64159165756662 0.002044016883878619 
0.06930890482055914 13.573913637612218 0.35486870818155214 45.746820446347485 0.2774255710798593 0.7234732571398667 
0.6375467467391465 16.844883005835104 0.02593636800701745 40.33363532472536 29.979057519875436 0.5234404674004431 
2.527648285144669 3.013336915000227 0.0049068486247585644 12.061180061569328 41.58282314030329 0.1656625769674272 
2.0003315733511027 2.501109552163584 0.046759263631104754 12.703289812552178 51.88504662265978 0.07353243251296204 
3.02115318694073 3.7801617416401987 2.4857920010572986E-4 16.720144947144775 60.069676906015616 0.006765810170117978 
0.0031641184507002736 21.351083882167686 4.289834155945852E-5 81.25183994351859 0.03609595404688079 0.71727797134738 
5.816746404574977E-13 0.15694604359484013 1.4488519208073292E-6 210.90308216715803 87.35821947721328 1.0933707741555103 
1.6039866444879367E-11 40.82864748091594 0.009107145862040126 185.3693638737233 170.80168766551304 0.7601199727598508 
0.05568042937100355 6.864991977868186 0.05464583122140884 315.55753137703897 0.003977702090953296 1.0290436781586096 
0.01588617934848066 3.8813488634587516 0.0024029489380469325 595.1875889983659 0.17059778566731684 1.000340132679414 
0.01308420242812013 5.099287178187687 55.32032889493989 0.9510269748645578 0.5282344788597785 0.9516801112611298 
3.1701045264746788 15.944223095720847 37.18468852060279 0.17913804518069 34.64298365559404 0.5755327089594405 
4.693158915732283 7.169974597985061 11.905812766948001 0.006419961556932368 40.34370224789518 0.1212349335204565 
3.5242754507502685E-5 29.42710768645864 41.476117853539364 41.684399927762186 7.257714269111995E-6 0.8352428138604098 
0.015546175871184686 1.2307116685968307 142.63500211406517 0.06027540821224737 0.07311888604952428 1.0142567919468286 
6.683967137622075E-7 1.2001718219139317 192.729402675029 0.016955418509930976 78.85535138667973 0.9984135716398068 
0.0017430009729759279 7.990291020759256 175.40143109897124 54.952722828520976 0.0013823444088671992 1.0254762626941885 
0.029457049974771138 5.393760917699213 276.7097196196601 0.12479521388817147 0.0034878507618611534 0.9966516618733344 
8.003454906866957E-5 21.3258831814679 408.5011732220879 169.03276931654057 7.310059723389678E-5 1.0617935594825112 
0.43297454090014026 27.00154210775561 0.7592094192211782 0.2510280111534547 0.029256986432080235 0.34948260945470705 
3.804707809475469 25.360175465518758 7.7284472337193435 0.7139696883026497 24.132774977451003 0.3588334409698097 
4.055641479697929 27.508154547545416 12.456090121099773 0.4896796188423148 28.295167352798984 0.2045546940991326 
8.759884009033988E-4 30.836853231463234 2.3798342920736002E-4 27.75688647968847 0.01992315571859382 0.3458844110863982 
0.07815839978619837 30.6240495519897 0.04739782089553328 26.708658529616418 33.407553953504284 0.2410701287312717 
3.803349776526788 28.341429210292063 1.0005988863301871 23.54244181685126 35.6409968010545 0.10448392761442127 
1.5932560484885761E-4 46.025442737859514 1.4733794035650785 61.989565086353814 1.9365075065376471 0.4082157126041927 
4.515740850174661 27.269385197062782 0.03804191496880024 27.29252383496969 36.1902912378172 0.055102706097144516 
5.7944953449933164E-11 116.48604816078303 0.026118798679990177 263.2816324982826 0.23341787055173355 0.5609600468633874 
4.201870651476624E-9 116.48893484458588 1.6479325042038606E-6 347.7065764792149 135.5256813286858 0.6597916656122245 
0.2165443216594751 44.28932024342201 42.88576512740013 0.001268894751930145 3.85690677148823 0.4993095858876229 
6.134590009121025 9.354016049817153 15.551552642038345 0.06909818787349274 51.92022940810922 0.00922434927347432 
45.939561794805186 237.65828870987676 229.3511057490999 263.5749509440596 1.942842569561247E-8 0.8956868982919183 
5.104279299382053E-12 89.00420938342411 138.60872829538894 0.04075368051956863 0.004473736836107299 0.7546090116109189 
9.789344095412514E-11 109.60781653408291 293.2045122732386 1.2357372721959328E-4 3.9663270427073045 0.7941029294143064 
0.02077138051885094 34.18099719608231 0.025204840131326043 0.14329200503861772 2.314668020459563 0.23392896011893563 
5.5296240998838035 34.79369126978726 11.42091092820847 6.910589299283E-5 33.34440334075837 0.13309807815858166 
45.96783851864689 428.6341968911988 0.025801704985528428 2.0978173396844193E-11 407.1309203748136 0.372040372847645 
0.6782762793180598 42.34290540066662 0.09054030655062453 13.618920003575987 0.009905862674601912 0.19025239730428328 
0.01131739710345004 44.602824190899966 1.4371777568615678E-5 16.356955571095718 18.556969890370468 0.16723909933661446 
0.0051938654212362175 43.01775152854457 5.717567116527929E-9 29.39082659557328 0.3810923246349692 0.15273855419289717 
4.912779449986231 30.70535877155602 0.046916606710320705 25.320425241647264 32.96853411559438 0.007880404957288506 
16.16840098230289 323.85560602327115 5.5460195347742165E-12 321.1233342466496 0.04203115452903687 0.3167941772341156 
0.048280219996832185 55.82618292291886 21.78014565783985 6.350784360990316E-7 0.009392855512468799 0.27151106025237387 
0.0032134120478510804 180.30623350130256 110.98650328469995 8.873884902524409E-7 70.51225053920244 0.3626097480479083 
5.628120747757725 36.77720302739757 14.288468758765477 0.043708561781937105 33.29922926305583 0.05492273796945518 
1.4269688756624985E-6 187.0533088725545 240.62273508245332 0.4104074850022007 0.002635142849671756 0.5855972906950895 
0.7070474482568286 44.14869688001185 0.016988887862399132 0.12698051991390477 0.2888897957571747 0.1478432501295791 
0.1152685991978341 46.76115557563633 0.0025259362788997873 0.05437753971150811 17.26687361236174 0.13416099971407533 
5.473003348188359E-11 205.69735731985512 0.2019446762488236 1.461727611214654E-7 85.01120273929132 0.13711614276972595 
0.007908452305522964 57.233134870942386 2.5818081996558187E-4 18.88072034320601 0.007568984065265136 0.1256638847284454 
1.7491531729666687 43.65861306239293 0.002360228475109272 15.251990750969785 17.08881644997126 0.04171290731335706 
1.9267560516427367 48.09155551633165 1.9384259158139537E-4 16.534106182179475 18.791751023540826 0.01962282269478737 
1.9484921269811786E-5 192.41747384848247 0.9293563830623085 157.24309830161027 0.09501429710077973 0.20182242777281664 
0.610439578341293 75.26276028447022 16.055557316282876 1.3747258034957812E-5 9.698587466235023E-4 0.1801838647809783 
4.7013960190259293E-4 326.64375139153515 122.98935572460262 5.0281038771136624E-14 131.08774163704842 0.29705501754706776 
0.010477925024275149 290.7396853110733 63.562173024636046 113.68875187108512 1.3684353663514193E-5 0.22214953781654037 
8.682361447490852E-4 281.7595588457856 164.57025635346054 2.1244853032959914E-9 14.761527186229678 0.40305883008508575 
1.2370305172650726 47.945518564024624 0.10041631945961736 0.045363317422090904 0.010058884680560357 0.06639872694909771 
0.2649011063479003 52.08091230850498 1.91057695941038 3.393224730397097E-10 9.126707845274565 0.04924331968615037 
22.793127597675014 286.11203289327165 1.4065293185505656E-4 2.027940555451469E-9 129.89063223364235 0.09944949734584102 
0.17745841435751694 49.1131432514939 0.0011067042077156778 8.350115121261341 0.09004052868309136 0.04927361683259428 
1.4050107049051044 179.6915608935128 3.730990927081525 70.1525044284683 4.999173406599692E-8 0.10271649479429344 
0.8212402071945286 150.3739626813553 32.70081159125498 2.7489757089936892E-5 0.0019393817507778052 0.17123117823218692 
0.1059726040926906 51.08257290790727 0.005407998507064185 6.416482571754561E-5 0.004987628836352913 0.03830440344621328 
0.03692157206444306 149.70494942008162 9.225982577695777E-4 9.747035947298365E-10 31.859388006775742 0.043936368120849806 
0.19656339929361394 55.53443841914742 0.0012853108972876537 9.48019466124448 0.10182448530720321 0.02080353358913159 
0.02750556472004365 126.91455199485365 8.680650130069478E-6 0.032159310485179164 0.053348814268463544 0.0011508303752799103 
50.49185322165352 0.5652196367834812 0.23473621661397617 3.7361412912644334 2.4296967575308503 1.038060743447848 
45.456188738381094 1.2553783120538555 20.815364966974887 0.028778770195113604 46.43860433784213 0.9388206449972862 
100.21851454989597 1.542299482961949E-8 0.2310275463365255 2.0500592581507235 162.17298054583748 0.9994927409321068 
131.51016669871692 0.750506413941454 0.6276042983972985 101.31020904789347 0.0018145116682801996 1.1892960514368296 
49.0790887297841 6.450775859101734E-8 0.12013531264042382 66.0262754326483 88.71059113477938 0.8222802754267365 
133.379308513539 1.753088832190721E-7 0.32648456486751154 147.5747067292093 216.32100646978446 0.7389967602705371 
90.01252677651233 3.6157282694682404 83.89931727151564 3.225966695026321E-9 1.8567155212650504 1.485392792205126 
161.34442259257145 1.134047567649225E-6 285.9316434094369 7.431815182634917 0.013332288767735977 1.6881080084195326 
35.390992484652806 42.270126093406056 0.00587201817220427 0.1778301936179216 0.03412490388567759 0.6974995058248286 
77.0366146649931 106.2839723757893 61.92562346547607 1.590541789110798E-12 6.909652873068215E-4 0.9546250514283773 
22.898056419151192 80.4695230679293 6.762784138814865E-11 1.5363852472282216 0.008007626069940163 0.346536962009276 
39.52786753361024 140.97813339940828 0.008430629464775815 5.3635148151253164E-6 2.05434833486056 0.34235176643655696 
33.29514818384642 197.36643002859483 1.617907213311266E-10 0.0017220352469250056 0.11557099879418983 0.2598283588875058 
133.52449239720116 2.2726934217678685 0.02847881304028704 0.05986940079716084 0.5937492795706535 1.0395149632761895 
263.12181610750633 26.09336696656135 22.75287350471833 1.2914619759315254E-11 247.33042266223316 0.9514376756155193 
187.5301233598539 0.12211562618404727 2.725926525875323E-11 57.36755488702468 0.11283912220991933 1.0399510824076823 
439.3742585786097 4.312108521138474E-7 2.8830163672356126 486.1453374261973 1.8304249790049483 1.2940154399624615 
488.487173004237 3.433448032921385E-6 663.6166753614414 0.06856919351329933 0.02705603273635064 1.6237642287079463 
169.273600587593 224.39367677281712 0.009024390525173002 6.673178135271946 3.103266365799591E-5 0.6621123717594973 
302.0950064651609 390.1525597803605 6.895336987434857E-4 4.993700140969239 8.512241168250857E-7 0.6641061754233756 
303.48879247635534 4.227526742740188 1.7838048830132345 7.95394259656513E-9 4.577917278892806 1.1525490252628878 
362.7989935948819 2.61324003545142E-5 4.328615491646351E-5 5.4665688113621 124.3204527672573 1.0792870275365087 
288.28307865995237 118.28289665012667 0.0010898198909046208 0.001872208644866656 0.005997792967635213 1.053547850359167 
430.5979794506129 8.755863530321292 0.00402539048392802 2.082550868258745 1.8523512573437149 1.0018490721287217 
16.95016561257231 0.10144543437541266 0.6114973357497704 4.282120481581992 14.022193158454924 1.3437875029710666 
8.412544530156866 8.991692526649148 0.1385533095133365 0.3073739026107258 48.784889741230316 0.7524568092349445 
1.1252751377902077 1.3657469421599588 0.008354376072157726 6.513107796573135 39.12267851121483 0.41075406815581283 
2.3991336714969544 2.8601281668932943 0.017945507802057253 11.44807020332106 40.79351716578182 0.16383048223559815 
0.004016918051291262 4.012623577402631E-4 0.1832379566858012 0.0044914604423243985 52.97162062947055 0.043246566565823985 
0.016044609811253926 0.0030040934849426765 0.8493613524452309 0.02811817396224166 78.52701905770175 0.0027213657986742135 
0.0034038907180491806 12.245420403571647 0.05559984560689742 46.927879569788196 0.28309994089930596 0.741095704594695 
0.2494359898308575 0.9502517325616281 0.0015724737474756085 38.99806415812694 68.40095858548767 0.6768813199588857 
5.511979249492612E-12 14.030457078494086 0.444166474148426 63.73269561526149 247.60671570737267 0.7800648828429001 
1.8278885342661206 2.297976735834261 0.03303980082443059 11.646373112546863 47.56819854116063 0.07637493878070195 
3.0040802816909515 3.7587995864463357 5.843673454991886E-5 16.45128859687096 59.15242324062562 0.009674950866878905 
0.0015442051780491467 23.804293411951882 0.010909959969106186 100.86936997314864 0.6604651950638291 0.73387161348952 
5.130672813988849E-4 7.726187625990003 4.173219564727928E-4 246.0815553847259 86.3095702524011 0.9989305601921414 
0.3641401298794368 2.222153313700022 8.601612654425776E-7 290.8225364703554 250.40979344288746 0.8679448004808139 
0.011315663609817436 5.656121892387176 1.0179498478450615E-5 313.11720315166554 0.5775630996318746 1.0126598293394182 
9.423412115636956E-8 3.9434128051560746 0.043446019899450676 604.7363363837025 0.016423134007823723 1.0013205296793046 
2.706608963235312E-6 22.191751380296093 49.98469214692754 6.009411221205824E-4 0.1391374269869626 0.7386163542324066 
3.0597293426991645 15.389084758908645 36.301752508117104 0.17432966001531647 33.746150269008545 0.5798456356279957 
4.928499242597631 7.5295158357321235 12.50283449974692 0.05556452123200802 42.05494666392528 0.08880703447208432 
0.012060971409625663 5.062718614453606 111.13620100838222 34.81862611931814 8.758680309740039E-4 1.0274331500622758 
0.03274234098295259 22.315750911407843 147.25926553587053 8.248678855552491 0.013147526377200978 0.9114774323125505 
0.0017201909209067093 0.0021603357278324065 288.5571789266931 220.3844463769872 0.8979419003123259 1.8638166585121017 
0.02947603290870232 5.397236805720212 255.95694447491042 0.11543950954925013 0.003226371980026656 1.0046706693151504 
0.0017706595473399559 7.70461827559225 488.0842985016899 211.2732987085602 8.784903961827854E-5 1.1125930415032026 
0.1368699438477392 27.394070005962522 0.3968880599130397 0.11311030988113066 0.009883992754427664 0.3262054729065761 
3.8997342347880126 33.67849127963683 0.3447631543697027 0.9038232989535802 30.54998643552811 0.37635178861581675 
3.967759034885551 26.924299904242638 12.567512515871146 0.5665198881500711 27.840264256902874 0.21244174482697079 
0.022992660784099256 30.929267440410083 2.386967017679042E-4 27.74449432519238 0.0748578309144065 0.3458189058448689 
0.0741538888341316 29.972797745635877 0.046389848535833535 26.140666392976875 34.327571015764185 0.2445461676760286 
0.08551899566146967 34.56654264086729 0.05349973302878421 30.147084272941694 39.58874501285362 0.2101720514134388 
5.482800016282974E-5 45.78045863813756 1.4767090280399016 61.66009023496639 1.892873694088613 0.4080669345999462 
4.199670368489648 25.379460941836225 0.5918573321854427 27.08680147937755 34.80760387008275 0.09010420526124037 
5.74161920007512E-11 115.42308533196318 0.02588045844466914 260.8791251313025 0.23357374702660968 0.5502500468780128 
7.6083621860136015 49.717177964327824 19.130502420426808 1.7000811435544645E-4 0.3838717607668725 0.423088664491913 
6.135394499173486 9.439170128043044 15.651291760028224 0.07056788645259798 52.253227355147196 0.00888871881983161 
3.73122104740802E-12 65.06195289892293 101.32278702555067 0.029790883608654777 0.240724826995109 0.6646276862012749 
1.394905777694768E-10 156.1826564412512 288.43669305399436 1.294895554552553E-4 0.05421352468781466 0.7066438190502641 
0.7392436442686336 40.15960923192811 0.03304599308121723 0.03455975287647461 0.0020878684039309058 0.22973576470483437 
5.78364268483824 36.39203576157263 12.272795965508731 7.247108748198681E-5 34.9681491243225 0.12547804669733287 
0.007126071813723527 51.57108034021201 2.3263907942087532E-4 16.822541300285334 0.08035498277383263 0.16778994238812361 
0.009165745969334302 39.197469054114535 1.5499050678173442E-4 15.411386806942236 16.571425584820684 0.16242036609049054 
4.973831982670174E-4 43.61690571535635 0.03259712032913 29.800192146406523 0.3864003097263451 0.15481564772375644 
4.983880337675972 30.959826663926112 0.046444337826103445 25.534185702020572 33.246861551375005 0.007908949478264543 
0.048133515587904935 55.656549330343914 22.69230345883629 6.369904338348829E-7 0.009421134095793614 0.2812099735083916 
5.886381935403412E-10 160.17804093267375 154.16463998285084 1.5798117397082558E-7 91.87874338820909 0.500911834542878 
5.958415272601166 38.9355271542999 14.981867977308841 1.3314021076753807E-4 35.210128260731196 0.055109108764421655 
0.846955623476247 46.052986249469 0.0727416966875119 0.12792743237085227 0.0025147813783816713 0.13997982839377776 
0.08649125956950114 75.45052015778687 0.7357425322918921 0.0016548033048362594 35.07673265701697 0.15485490398126947 
0.7896235008298919 45.86729821279476 0.07237177808999967 17.28332208451515 0.15704854061580192 0.11092623910804787 
3.00859503313596 43.45957762628814 1.0216709126935923 14.45473356726151 17.385681570438635 0.07191428554072932 
1.9287424917793017 48.14113677807262 4.4238243291292933E-5 16.55115245634029 18.81112487637445 0.019697524094918296 
2.156067043192018E-5 202.9885356810109 0.015879759997452007 168.30744540600654 0.009694684908115791 0.23604483879061247 
0.49257355923200963 90.19314612811135 19.613695255259707 0.04245632944044586 0.0011632263792950006 0.17955553564934468 
4.748823001354728 294.8864732912086 139.48699795931012 2.143713412797736E-12 0.001553155565717301 0.34009306195432254 
2.581883242213971 53.691708297814245 0.0024824305663083365 1.0600757157929614 0.005144997194995902 0.09346738113437165 
0.25689570684086166 50.50700982289939 2.2508868161315627 3.291732316566808E-10 9.502381738815373 0.055238212198959837 
6.308402264211585E-4 438.2953855684459 2.3018562179843665 6.314127335506116E-14 155.39613405661345 0.16836717987116803 
0.18688514350096516 50.5317628817599 0.0011695276783971723 9.705562609857097 0.0050240523123779345 0.026584180607401812 
0.1465615410956506 48.5427031534742 0.042777127827600014 0.19521847141569204 0.4989463657320166 0.03819608699456137 
2.8601984829485145 265.9681763675377 0.772371378785809 4.243712559258075E-9 39.172805345730005 0.012939672316921343 
0.027505564611160348 126.91455149245074 2.7030801634883095E-4 0.03215931035794644 0.054530243842392065 0.0011511757687878935 
55.699780778094485 0.5270961363833121 0.041239265777117874 3.935667249707956E-10 4.754698800832465 1.0321390943649456 
53.39322551745205 3.0826387873689566E-9 12.570349654775166 0.1675931466838418 86.29604946532285 0.8873042830201135 
56.55292440855013 3.265062873265808E-9 13.321000585144448 0.17535609162462587 91.40529723144421 0.8675208339106079 
70.54280304768409 4.072763515166207E-9 1.0325072699504607 75.3479579335202 112.01423539031146 0.7934434043860872 
110.89671593203354 9.87140738314909E-7 2.0305047771100087E-5 189.12786298618224 200.72045749629373 1.0027048545641593 
87.88747749901714 6.1611988624841585 85.85436453365381 3.6821367575066133E-9 0.4110415107698113 1.5029159571595603 
161.7836478554271 11.955708186259471 282.33270489291357 1.6048066769685064E-13 4.360745212476213 1.6927053570893187 
31.671162170866555 41.95828436361818 0.0059974791296564245 0.16957201600797742 0.010460894284486183 0.687914635044438 
19.654629255190617 68.86205329566597 1.1446955440071222E-4 2.86770479313191E-5 3.1854419399237974 0.352177395681667 
50.51707342798754 180.17169053258226 8.311212426597893E-4 6.854634165905975E-6 2.6254810082925495 0.34237353809135346 
38.87883872157985 268.3718707531269 2.0820220063125627 1.3365063973635537E-13 3.8529799887806284 0.20084185720903155 
134.76538005700917 2.4198350073494734 3.1867192406223895E-7 2.9985502101159044E-4 0.17044378015484007 1.0130833291062702 
214.48412230010302 3.136757433068357 5.3057497497917E-8 39.36084654908156 249.24389373796706 1.0439131585091395 
193.99822967970124 237.9696530853593 1.083468104206302 1.5131736056140037E-13 4.332438057397066 0.7153851849706226 
328.05629061316165 421.80368521577964 0.9145732827300703 4.309239601304641 1.2868753385450922E-7 0.6866962669732746 
282.7037255048988 1.632179852648645E-8 0.027047235345950778 0.1619884808892805 12.365331259261312 1.0366858752727466 
290.6818397567582 8.62922017672679 20.703220680695114 1.4368719779915561E-13 92.8357690698688 0.9825026265645067 
574.3451196089183 4.0369209881425766E-6 0.014329812109524671 0.902148991445075 0.018858212283063076 1.0608301804606866 
7.863912947082191 9.856139959392175 0.0015653508631712889 1.0089774130860953 54.51457483741336 0.7915626594712941 
3.766695217043439 28.23590634000342 0.9967690024408172 24.375835815228672 36.07549829911139 0.09715038364979744 
298.35463027798994 2.315491917940923 0.03403926282600852 0.9624220936909424 0.059371799758995446 1.066402025759343 
0.07163509810305367 3.1897430471354034E-5 3.271178957121947 3.1570520279791133E-4 504.385619499418 0.0397598582919253 
5.76679885503079E-4 5.381131433428922E-5 0.026289585339265936 0.009918863262250667 54.931085319077205 0.077214007960906 
4.595272466892376 55.79932022799708 0.0037052481691309436 5.831966510803187E-11 26.403916365192615 0.11959454073809485 
1.7358311039717957 11.876746500098387 40.98464653087687 0.01862264475392809 36.61749819485578 0.6480210128782494 
0.11395416205008037 74.82676819441026 7.075730241298222 8.481395200678795 1.9597979641097163E-8 0.07215595990311267 
5.97936170572453 36.00156163156483 11.827931274682099 1.0766267550808895 33.03986949324537 0.09801574318304804 
2.44246179239157 50.79236114999217 6.722142585540342E-9 0.9338162891792936 0.004867042088081265 0.09439288622398799 
4.8745612127694776E-12 84.99857499690054 132.37064256687603 0.03891956115378297 0.00427239631265217 0.7555577111559576 
8.48973732013792E-12 17.06681758231913 0.0038267653472579917 56.94531319012367 233.4465694634186 0.7631910628351924 
0.1068155641845086 33.72329174906047 0.002514421556330498 29.97545923519902 0.22460186816673802 0.3452893501810943 
158.77258745161618 6.377762667309388 150.26695489956367 5.731105371402301E-9 1.0718309409515978 1.490118197222072 
0.05082286008860329 382.3337507232213 1.1007384814952905 6.1000554605424925E-9 58.953216843988734 0.02045303702416274 
0.03239633914410319 3.0102847559983603 142.76498193513814 0.06438863977380925 8.893126414197585 0.9995599323821853 
4.892780608913628 30.71125539183306 0.04098779418674996 24.8690099109709 32.76404612589766 0.015083836951461696 
0.00524471917481072 62.0383888070425 2.722416586922797E-4 0.012610014150275002 13.408928917567035 0.041866980636218666 
3.049463553942976 43.05375388183298 1.0064067351431425 15.069191185867119 18.222663449181983 0.06803636401425853 
28.092575545435007 6.405677542689057E-8 0.20350856626946495 115.92301797831706 356.60571965930194 0.48531945379941793 
1.8164194151563276E-4 57.00553476347079 36.042637478124206 2.891923985446049E-4 3.051109063932135 0.5492677144198332 
0.005473804158815104 298.9946970706564 287.7698439187319 2.948939379402416E-7 1.597326514273237 0.49786416202799594 
273.330269051947 6.232485032821163E-7 108.08328254252172 3.617357537901154E-6 194.70233649696937 0.9677085429958292 
166.00459311084808 1.0472156730186917E-7 0.2582528226095323 205.85897355791656 284.14344670632147 0.7953512532003013 
0.0019422180371685192 7.1334689561126154 68.68599736871805 0.9297682370112119 1.1602069419637637 0.9448348612292643 
0.13500541248669257 0.9733457918478564 0.0015728254661681548 39.006786941677085 68.41625797968183 0.8092339867933266 
