150449.34686420916 0.7843945577173316
1.9304795928536111 0.8485546169779404
2.127211452089471 1.0692468482066593
2.434462303757228 1.4396315922196603
2.607923586869507 1.6143427904479224
2.7021850662901636 1.7393735386615274
340948.1801389225 1.7277448878452724
1.935358772749737 0.8987174782162491
2.202913267360905 1.1035844076850685
2.7175715449365803 1.6816361587929465
3.0614773922205374 1.9930546365816302
3.2356758118622384 2.1167079232242507
3.20887837073312 2.0596050268281467
2.232922070039828 1.1508485577473064
2.4980107231382633 1.4730461516919244
2.8004322395620687 1.859491639833273
3.0138172220152573 2.033503647318108
3.1420591521117984 2.1682452294386465
2.4990518724013304 1.5172288880705105
2.6454840516671063 1.6803434109484177
2.77933497338338 1.8735330301287811
2.9175963185798865 2.0127572300072156
2.5974151957671734 1.6939963589103728
2.682902186124207 1.7820780626462986
2.754793324073897 1.847308395813604
2.6553379637126158 1.7507428737604251
2.6824873420034976 1.7855389694741655
337212.810523498 1.7806437111193814
2.668101591231594 1.5256057230285731
2.1380262495855824 0.7989547022812225
2.0058698948089164 0.9243696154482604
2.2339306991213337 1.2547811949724041
2.4042572534072537 1.4434753968615106
2.4847103734203673 1.5341555066383732
2.062859728494755 0.88130186518109
2.149705777487565 0.9778123855689407
2.4407232963696464 1.4564898060019438
2.667113778191106 1.6393115346066318
2.748121162725038 1.7429849620751434
2.182499893546645 1.1349874100539035
2.3557057071827385 1.4159329304708155
2.571648788517452 1.6350255538455498
2.7343666600467373 1.7667209669972925
2.392999309757338 1.4673286176469191
2.4926771901529023 1.5471060388225326
2.6040696509919687 1.6747987248269944
2.5130050687349383 1.5906643899088504
2.554047033365052 1.6605259390125715
2.5518333675333817 1.6460302918435883
2.513499961325162 1.4199253672716408
2.22693229674252 1.154084647236833
1.94021827426661 0.9321680812120583
2.1075615436831923 1.127564794588476
2.239910711247968 1.2917491324599797
2.0557705954837435 1.050317921560049
2.052835307371188 1.0443428430040749
2.212485505035669 1.2281247318866977
2.3552652001249754 1.3632477462350188
2.153985826024859 1.1523104851143078
2.254292433200515 1.3186892542897037
2.3594669318159123 1.3946127902902874
2.32160943482455 1.3872480138006207
2.359354666849874 1.4384347498689225
2.4555693841763406 1.5564771778196609
2.1598026787250255 1.1510390622838154
1.9271785938260246 0.9366541187669584
1.8925742159597458 0.9156487814678247
2.0002561287195717 1.0341343689841516
1.906991683344689 0.8831209230157426
1.9908693995913866 1.021068083720653
2.0732998338594006 1.0909929448190194
2.1318187867713863 1.172895198175488
2.2295395780650686 1.2971259182485437
2.221029006977209 1.2822649443889782
1.891943015565197 0.8983054293908447
1.7848848505484107 0.7954169873298108
1.8551743576527238 0.8747074125578956
1.8992196426024206 0.9385053902799891
1.9576871304929 0.9889415761673157
2.0434041299621644 1.0904228993667229
1.76962505463779 0.7418593331320479
1.7758278159481415 0.8071405875208965
1.876827380408366 0.8905452571478771
145514.8415238288 0.7476080921890574
2.4709139377873277 1.206858831589707
2.2699283459347326 1.1720466571346093
2.4432042857822145 1.4297803188125542
3.0263023349273808 2.061405773227546
3.331788744041575 2.390934481055119
3.42927492064623 2.511589238274313
2.170461379982568 1.1623373768134837
2.382116250448993 1.3227343708445387
3.0940320787365043 2.06676437858631
3.5427974423236894 2.5912325888084538
3.682452728667565 2.712695369099797
2.6585736356220298 1.6582277441065263
3.030688528300114 2.0877830915913904
3.4726020314110446 2.568747510205904
3.6817333010139324 2.793379804658064
3.1738891943077814 2.2460435625525372
3.3952695714641776 2.5330437720761565
3.5457649661521815 2.6713388686804347
3.42495958732077 2.5731966452608095
3.488330804328918 2.624421149971112
3.486297981555226 2.4859763170585127
2.34405753623407 1.2590612503977487
2.2342671378739474 1.1524877452133804
2.4155661694692325 1.2423559143203728
2.886260798654743 1.8007891398082254
2.960400265613049 1.8596177215740066
2.056923305740751 1.0127423460408709
2.405405960457006 1.3982673127704457
2.9589971855030703 1.9418050875081339
3.173798446868585 2.1270555520131733
2.6033238485432677 1.567835801735955
2.9576176975911395 1.9661960635836722
3.1641745835138626 2.1760605485265287
3.0051519367071498 2.0746740320728096
3.0951442173233294 2.1160055636783346
3.0696606215367224 1.991052975141
2.1889467655855634 1.1850477798747139
2.152288343800808 1.1845705658354038
2.3306733807911093 1.34484414362651
2.535205197204519 1.526793130764399
2.0847104705302257 1.0785403624341232
2.565786379037016 1.399466935584016
2.6434529402681433 1.6850351678865976
2.5539886423805274 1.5915442612331518
2.6705513844696798 1.6975644805135446
2.7486685509916997 1.7977832217242367
2.0916248101321275 1.1240169475025636
2.0847507138312693 1.093788801780449
2.2232832533771925 1.2551874886036312
2.203012165336595 1.238190183938238
2.2989927551178413 1.2832779448460563
2.4496216971704654 1.5179864411035622
2.022931550705126 1.0268589239549852
2.0670530236916993 1.0581026865762526
2.213183807009048 1.171852042025079
1.9715293245878525 0.9835697019788867
2.6775647398751534 1.6506591972040172
2.596776652333759 1.6456891226910262
2.6235227391846245 1.6567138705869437
3.038821242052816 2.067304670285383
3.1745732599675427 2.241072096411843
2.4031090363974426 1.449365243503357
2.661662015051385 1.6867672812067216
3.0892525410514247 2.1580495601048213
3.294342165116891 2.36388345546417
2.8668978769973625 1.9034640904681384
3.123627259276246 2.2240784625001195
3.3049078762131776 2.38949692429685
3.227023219394924 2.3881966276341977
3.3018793939445064 2.441978474942835
3.340713189349741 2.4980563872140515
2.5974949948968846 1.6367293606482156
2.5392973948583513 1.5917571104933472
2.739043655677249 1.8129929708450994
2.9450470469671988 1.9991761518165316
2.47987393801996 1.4967815441605312
2.8157623848277455 1.8957156290138208
3.0423285433520397 2.1310641658684144
2.956421168134084 2.0184898313930573
3.078568987541643 2.181408352881798
3.1821604352469053 2.2663902530940865
2.4558403602370147 1.4818932214988114
2.4381342004651714 1.4979653733109244
2.626443635689511 1.6548385543726543
2.5741059048251174 1.582577766429041
2.7005523008585683 1.7200986731299683
2.8188084920347682 1.8898682147689785
2.3236950874268176 1.3623950585742846
2.3596209131367547 1.4025885460518173
2.4879640417008995 1.5208305880719728
2.233573806813076 1.245267112713452
2.6943130881023287 1.7596944711281766
2.6840537946235283 1.7629402951608704
2.7749626090134627 1.8561158601649108
2.9375763156031685 2.0065896619424906
2.634730783785725 1.7014597432110978
2.8568139146071383 1.9501989871121719
3.007008517510953 2.094661824298004
2.9803988500161247 2.063233975947081
3.073594331475384 2.169386323850531
3.156570935963614 2.2807887770598994
2.6625010295793343 1.755721489271829
2.6263534501355075 1.6768714898031432
2.7825862788943336 1.8529243695500874
2.769109793907575 1.845688307231357
2.8875570860203994 1.9702513822398875
2.992718954308711 2.0847743915765196
2.5665446333045185 1.640239566508492
2.6077296659950546 1.6741413015711801
2.7242986332596653 1.799677432705231
2.476195929181581 1.5110434302919462
2.6913251532292435 1.7592240071595375
2.6786124108670757 1.7648685032415545
2.7790569952835167 1.8241598725929997
2.8058058671791875 1.8404912533640978
2.8644240471864597 1.920622997279508
2.968498135155531 2.0571339149296675
2.7070416320295916 1.8111631941664967
2.7033920835412397 1.7846176645793221
2.810701647145161 1.8605384414415733
2.616603496249313 1.6476144504717385
2.6991248274321675 1.7888104311270934
2.722844765997765 1.7909096010591696
2.809644683244934 1.8976411881704038
2.688577964857672 1.7654677878799383
336238.41187677253 1.6725207403163869
