1.0000149754194596 2.1715092431727143
1.0003122974701353 2.0020750792703534
1.0003712372811904 1.9876180351589654
1.0001326375036166 2.2977019607652487
1.0002927776542647 3.6702485909976574
1.0007526174014123 3.381696336152909
1.0045876370574283 1.932325420597933
1.016708970535598 1.3577224019581307
1.015190214692044 1.8145293659018404
1.0026660934882012 2.3805050307940263
1.0259123138440347 2.5526965085230797
1.0118438843264668 3.3751576960379825
1.0138056255922687 3.679707565291932
1.0272030965610988 1.6072636536971354
1.0334548370405054 2.3612515075497504
1.0213273885824106 2.86588683399164
1.037507550920841 3.2621289101095563
1.004804973391207 3.3808780796190328
1.018056871158013 2.4469764491640733
1.0130374989216715 2.2140622833023174
1.023087327038031 2.0677025602386827
1.0061134085271735 2.1817120829931818
1.0119945598214786 2.303939867836981
1.012095692224631 2.036287612570039
0.9912517604297715 3.014917461241601
1.0006709788692094 1.9331149836298995
0.9872215269228765 2.303792912634763
11.273264603546576 2.892633101250508
1.0004839179995177 2.458830564052719
1.003118580019429 1.9046880539778541
1.0060610087468944 1.4285502998526751
1.0003083317880017 1.5626868132471599
1.0065211719795621 1.6441056327253902
1.0032869984092703 1.7004527219683956
1.016812237154679 1.6555819518714847
1.0161077336830242 1.5721798450553544
1.0219456539497782 1.7603692207243056
1.0130046185795174 1.9435951292786993
1.019281980455263 2.0427004818086996
1.034178678643008 1.632922086522861
1.0309051957830258 1.6977394877848058
1.0198205641788578 1.844855458020399
1.033171745799451 1.9859613443198687
1.0175045674249983 1.730468851898818
1.0221081394123455 1.7613556532448982
1.0180119378937236 1.846993398000607
1.0056682012466487 1.8297937623484517
1.0087259913829754 1.7951723958247947
0.9993288188442399 1.8046969704521305
1.004177907917617 1.9208405736876024
1.001269400827849 1.5464707493025656
1.0047073797583017 1.1788170067130717
1.004638793444816 1.3187761468019388
1.0005859707466613 1.4253989606327782
1.0212445392166556 1.3300323306414337
1.025352837524421 1.300475252223273
1.006244211179449 1.4455934337798357
1.0131900435774683 1.5780047044131327
1.0388463701674588 1.4265337814055032
1.0159979096434089 1.4990884233893857
1.0233769576593763 1.6058254396124678
1.0111679675962995 1.5581339918490027
1.018541150522723 1.5757805657978525
1.0167784870108656 1.633084941390401
1.0008366266470137 1.428685815786377
1.0048627789942741 1.1461268410487448
1.00491298337344 1.0679809796248438
1.0006628308343468 1.1790624076011949
1.0181405785124256 1.136327336264903
1.020169920706223 1.170984254201486
1.0223107841734609 1.2621460890653484
1.0339872835314605 1.3074948675799074
1.0159106987938773 1.3365335108472323
1.0079661619409221 1.4438816236614176
1.0005189497321711 1.1058599719511681
1.003126755900654 0.9572417494281567
1.0021331647284748 1.0153812366308035
1.019616241698065 1.0853222633327395
1.0194256929654604 1.113230579162806
1.0010813012475048 1.226004100983661
1.0007345255301627 0.9637332493028673
1.0013079038382635 0.9431485504822278
1.0159807037324424 1.0530183780869855
4.558227519212313 0.9297646581256132
1.000901355348372 1.930104383758793
1.004720705157887 1.678872850330226
1.0086833891043752 1.727493628123904
1.0161138467135462 2.2943156869319394
1.001061956292047 2.59709842892745
1.0029258065256352 2.6918049877148746
1.0200218499968239 1.4308324961722425
1.0173788032037565 1.696520334876272
1.0198327100918692 2.422915025331961
1.0258190332997514 2.8773704432663587
1.0196600496734725 3.041585603266777
1.0426036751629375 1.928703767506608
1.030249543974285 2.3741728714260435
1.0171390967671667 2.7664275972597014
1.0260830156173262 2.983508696886017
1.042123064771396 2.46450172779216
1.0138165186655466 2.676977601160347
1.0127036445808242 2.848421203617618
1.0153704077208443 2.768338577007071
1.0084690024874794 2.795584366993242
0.9908336644258513 2.805857195167153
1.0062793861942425 1.6814992004016263
1.0048451403025203 1.5271846119729
1.0275024668839174 1.6771128757791378
1.0086929639853075 2.127937661961284
1.0144084904176003 2.2959463451167412
1.0092066855120803 1.2813798720738958
1.0281515059125454 1.6857043742820719
1.0303009469777669 2.2652395795609945
1.0143733123921106 2.516927751799216
1.0442575290620553 1.909998562968727
1.036991507669736 2.2730246102177887
1.0387733486106385 2.478365958638503
1.0457713077786566 2.3312076331304548
1.0018914908467764 2.463130813461924
1.0114940720405956 2.467378638165321
1.0066229646434999 1.4320096119337917
1.0230085757117795 1.369511525277643
1.034822147777532 1.6335870759340552
1.0059666554440416 1.782759659586648
1.0224037450442094 1.320516449262297
1.0166836203652896 1.7585284832738826
1.0098446394987342 1.8831009510976908
1.0342626666632686 1.8137714819589652
1.024219748350583 1.9370169314380106
1.037042554433319 2.024711757775604
1.0061610344560004 1.2959276502819974
1.0097533988592502 1.2683975095321243
1.0013740288822344 1.4247425567429124
1.022304848020665 1.4229586461629955
1.025297617438854 1.5302737189090765
1.0409069088714422 1.6665128500210307
1.0167073716615864 1.2369919672190197
1.0072136166655499 1.2415538660014966
1.0172168336322442 1.3807390962625457
1.0174611185738245 1.1446510222186865
1.0205638095647014 1.9262968312236062
1.0371218728435048 1.8457323158204266
1.0193547840646573 1.8760340796201942
1.0286134058776564 2.257804103743526
1.0186905846704892 2.4209073136734434
1.0175825127291518 1.632805487366948
1.0227873954300442 1.9199108467189097
1.0474331087832427 2.370097007918653
1.028626949162445 2.5716790934936515
1.046095325914761 2.1229068828841466
1.0312335011839313 2.39179643138802
1.0244514848500712 2.581853870381021
1.0080927679644716 2.5045780183271265
1.0216914128376358 2.5859625904840517
1.0160616612986355 2.632549375641479
1.0141402059189566 1.89703857822713
1.0135624636159402 1.7713195496940277
1.0238217856262377 1.9489056227292567
1.0147015027513626 2.191053677151536
1.0053492151049375 1.7368608033716058
1.058030803741793 2.061261371708375
1.0403683331573967 2.3018902945843256
1.037167985480073 2.228591113754778
1.0103337892527768 2.354888296292895
0.9987522238214314 2.4531445751173675
1.028854884674134 1.6826782784706313
1.0270311174760696 1.623009275633099
1.0175770125916075 1.880676619362393
1.0367598588043239 1.815973660538313
1.0223114794321617 1.9300635465758242
1.0120621166245425 2.0788242515966218
1.026209064798947 1.5533879312310104
1.015592006152416 1.5602760672835325
1.0157679253794651 1.7111662344914373
1.0071529622700333 1.4339420036055066
1.0055092837998096 1.9304221127599352
1.0197326721677562 1.8889850046062189
1.0063934468300266 2.008957042499174
1.0375138361124308 2.240214217224249
1.0275539643100546 1.8765808922019716
1.029476479677677 2.101854635193248
1.0285998202939433 2.263651726493246
1.0637379670706333 2.2496078529661454
1.0360293534424536 2.335525817094778
1.01546846070366 2.4726847100434006
1.0011322733562453 1.8868743967670587
1.0160102118467316 1.857268913852817
1.0155546336167038 2.0181342339890866
1.0339549661868173 1.9945546944392438
1.0302228737998107 2.1252566625270157
1.0053482405692324 2.2542891355828285
1.0025797506157519 1.7873663811424771
1.0506885694845574 1.8227062984416085
1.0659301715622083 1.9605722804859327
1.0021489552388296 1.6814777552514462
1.0319170984281034 1.930100013627801
1.0070568054756939 1.9123051648460412
1.000760547380967 2.017701767881428
1.025060474553733 2.0365157187172134
1.017797470537933 2.1091151037008737
1.027763222999512 2.2326716829103432
1.0094844630470872 1.9071928920719579
1.0210482247893082 1.9204491222812035
1.0208470755016368 2.05503257650189
1.0024991315244225 1.8421517111557457
0.999883266944758 1.931293737268014
1.0048988218458337 1.9457994165196424
1.0190718741900107 2.060826837760133
1.0028552622948868 1.9142976625851906
50.62638973793437 1.9293988154099306
