1.0002257792609779 1.197458022492924
1.0015974449769551 1.5879587531496429
1.0007715389747514 1.7456568667401653
1.0049400419263494 1.1952724542629536
1.0009130124456833 2.5084634913970043
1.00064879514196 2.054382391874563
4.093776017826794 1.7675886747631524
1.007783026175041 0.6940839692862761
1.006685620732931 0.9193671518910279
1.0094045931708207 1.6331357790134888
1.0096347394333853 1.8808891083148938
1.0046735252131165 1.9112769769131472
1.001286761740094 2.968064618742499
1.000808076461926 1.177035274157233
1.0176285792163626 1.3653145665638307
1.0072367340202881 2.1611337960721912
1.007000550029133 1.8415501212676029
1.0015118462982944 2.6266962294751135
1.0062148877470518 0.9934002687866376
1.0036450527734022 2.000291321956478
1.0129139881467883 1.3432462347237748
1.0042809736987366 1.4991744169680077
1.0059270142771781 1.218613431093615
1.0027136433031212 2.198116781292922
1.008043812578916 1.380542159096229
1.0020584029887276 2.186762464733777
1.0008092554760557 1.245630396548839
10.650060820229742 1.300150410689957
1.0116440910245426 1.749481193051045
1.0061511237521308 1.1985155230701592
1.0043975678977326 0.7152938085900407
1.002499050767785 0.8521393599681212
1.0053788424682553 0.9332609294002325
1.0047286123741097 0.9831137586699908
1.0057134200363311 0.9470132620087444
1.0111605927142797 0.870346785170625
1.0246900850522698 1.083535382746327
1.02105663618767 1.2299024724648904
1.0108572186984701 1.3319311436437826
1.0074758901420662 0.9251735268426504
1.0163750065933699 0.9885620511174507
1.004556048938158 1.1383032560958295
1.0025425240784864 1.2756863594199117
1.0160800794951765 1.01110133503298
1.022983198352714 1.0506415531393896
1.004623048395209 1.145713834630743
1.0074492949442408 1.0637490159878205
1.0051152456371828 1.0864847492102248
1.0019381869014607 1.095369717555609
1.007254548444917 1.2083611067184732
1.0040930395476397 0.8331790687795363
1.0032676764594803 0.4699330297771982
1.012316093048232 0.6088789968471648
1.0076529126709248 0.7156783341255039
1.0126449885665838 0.623101837739555
1.0142010674806983 0.5838284114422467
1.0242852752541878 0.7348518748798225
1.0075336288997887 0.8634545126962088
1.0130419126951418 0.7204880267859245
1.0077450695169732 0.7652879881008922
1.0077213054963619 0.8730477955237301
1.0085995426546464 0.8436068704030018
1.012212630693837 0.8743456211273717
1.0026783228139697 0.924701051285532
1.0161475769666684 0.7146034111387032
1.0192437060030366 0.4325434588474624
1.025393150819691 0.36164715428566996
1.0127715738736205 0.46804639067888637
1.0122060307246283 0.4238757194577581
1.0205751701301842 0.4647770242591214
1.0138651130666618 0.555833983465488
1.00976196464942 0.5929950876500344
1.013928205052859 0.6244127749151653
1.0044070459470802 0.719095548799983
1.005471183196787 0.39252564653398125
1.0103805772467531 0.2434124158231741
1.0039638518532545 0.30796050777210654
1.0057382743172663 0.3748741951185012
1.0118482832198468 0.4000411440224703
1.0038745798557993 0.5145464581394464
1.0091894744811718 0.2493243401621789
1.0039455086167455 0.23568759329431882
1.00317892982141 0.3448005138328881
49.659109054776295 0.21967207369172348
1.012955917706826 1.216130444698646
1.0091255595989332 0.968923023035202
1.006045968183653 1.016619567227222
1.0076024252763516 1.5933360662697114
1.0038372094495092 1.8879082655172807
1.005662550612712 1.9851007155345808
1.0106688926890295 0.720907470207649
1.0052910870732636 0.9849025654674699
1.0196662988335432 1.7112961430132776
1.0241131042408835 2.173526212689489
1.0110824889094663 2.3339410109714085
1.0067308452099233 1.2242637135481964
1.0119158548023675 1.6193220549013492
1.0073248405010826 2.0578592612800266
1.0054404305998643 2.2754587981117083
1.0064260348825835 1.7582916464984846
1.0172605820637362 1.9856644643580943
1.0063345420912988 2.14370315001032
1.0030094507366303 2.018024032821028
1.015545107044673 2.0872999236240894
1.0031040906489663 2.093769923282167
1.0077753568719399 0.9679761289826513
1.0102342392062047 0.8161398509110209
1.0545985366532904 0.960594608066951
1.0147844401388033 1.4149668111233056
1.015324003242233 1.5795698422990188
1.010937950466731 0.5757402263017378
1.078895674424174 0.992567133233889
1.043638287368762 1.5580402414122287
1.0274934789024044 1.8114805624457402
1.0201292095750827 1.19788713759705
1.024622544410681 1.5293173882890976
1.0420641220170934 1.7812583731656744
1.01500556902058 1.620168057408443
1.0445896714855636 1.722376536987086
1.0058421613542472 1.753838010919344
1.0087095578166585 0.7234061623133102
1.0123267006872527 0.649346939854732
1.0128025386174107 0.8516516499521418
1.006230765137225 1.0735451110825265
1.0056168972245938 0.6127186122670493
1.037799815244062 0.9462667151715752
1.0164329280930626 1.182709706284184
1.0305119688915296 1.1087040742330483
1.0159325860918798 1.224758952738244
1.0042991323759565 1.3142516154976338
1.0139850464181728 0.590140978988595
1.0184240496569252 0.5532787561347015
1.033966088899834 0.7087089630829653
1.0276241983189374 0.7083631987167323
1.046710826349074 0.8094762163745272
1.0116573981510792 0.9437109473178081
1.0157977968811542 0.5067940912161435
1.006135811783046 0.5302315284053352
1.0088009627019876 0.6584405085840039
0.999783882843815 0.4554318171298363
1.006398370581179 1.2196180237346157
1.0049275456168651 1.1332168346780458
1.0014067871119363 1.1631429555360684
1.0059864000412178 1.5528174424373242
1.0118324714576294 1.7184099214206026
1.0049461418074694 0.9243033126648498
1.0101390712746432 1.2046420021699846
1.0300481950906248 1.6449878519353534
1.0028239311064058 1.8653637733516746
1.001536850214216 1.413048411219629
1.0054398236025872 1.6818322404520107
1.0016540671941085 1.8726298488235062
1.008835323453895 1.787046951463684
1.0105085510802032 1.8737451422566695
1.0018162257482388 1.9243461189894837
1.011545948828226 1.1309930971501396
1.015791798314155 1.0591452141922404
1.0211784272998108 1.263812612722179
1.0021550034840632 1.4826545904474018
1.0112364193043462 1.0231541224305944
1.0129365438660591 1.353633799457029
1.004363410202821 1.5908124066067728
1.0309169682438186 1.5161518955815245
1.0299191210214975 1.6426491200637
1.0017473495363585 1.7247970569034694
1.0027246434555046 0.9694044847720611
1.0123415298450538 0.9346812554561889
1.0131711417799685 1.1208772546629988
1.0062044627151356 1.103110442875167
1.0053125677482313 1.2271795593283477
1.003828537361802 1.3615378281705295
1.0032980173428037 0.8280885384362824
1.013577284960376 0.8568931097360928
1.0177702273023843 0.998155017646199
1.0095843148147134 0.7212956716022711
1.0025499444061818 1.21960901934474
1.020459747469865 1.1759403233147636
1.0187499013427266 1.300111592107702
1.0028163959070175 1.4699333918432607
1.0055133728307193 1.1660872196017058
1.0098834899618463 1.393711254033328
1.005458371788345 1.5527952468678474
1.0025887086031036 1.53466201016064
1.010300932741678 1.6229836873447987
1.0014112112273488 1.7194294760076292
1.003554812641707 1.177484671997206
1.0197011430411766 1.1449312012567447
1.0103405078367782 1.3068554367410083
1.0080797257870648 1.3042147828584438
1.008339419766067 1.4062642771509317
1.0071678188058404 1.5353919375216372
1.0112184730802691 1.078678374851265
1.0141775563731128 1.1080958292557712
1.007742596317033 1.2515124251149206
1.0024176419076387 0.9694635379943651
1.000144440685477 1.219579168261211
1.0109112732227126 1.1994882592683607
1.0043171397500232 1.3071998145031047
1.0031685417628946 1.3297486901777869
1.0065562523476603 1.3979582395607708
1.0003257143405027 1.5143815861616776
1.019372595547181 1.1952389487125274
1.0066044273899224 1.2182036498090092
1.0067996566844322 1.3457600100527243
1.0038335424125366 1.1324358531828387
1.0017525029676861 1.2195874490927034
1.0013400578125422 1.2355404040040743
1.0024166348004353 1.3447839974099018
1.003115376791835 1.2042501174893006
102.76981174534549 1.2196787226970986
