1.0012631799853215 0.8201662830557253
1.0007552223561242 1.7407566848323626
1.0111342467024391 1.853490879642007
1.0006411812696459 2.696311668757073
1.0029566105120424 1.8704470437310485
1.0003007648122761 1.7167229909888744
1.0099149461640664 2.5654663301514042
1.0012134260830237 0.7571754770958767
1.0023648166409582 2.607856227061665
1.0056391709124806 2.697729058457663
1.0015948766425347 2.733358476396713
1.0012261204127384 1.8780074757231136
1.0027766000611245 2.8049222467189625
1.0004667513572598 1.7362745121998533
1.002484547409164 2.652998428049527
1.0017815151561942 1.7463830207850126
1.0058811700910502 2.721086760278932
1.0002396998271939 2.727179822297926
1.0052330740415996 2.392548314301162
1.0021880744025167 2.621776006486312
1.0054700694373124 1.8694993600793077
1.000092435086125 3.557506856829775
1.0023468646923428 1.7435457356145552
1.0020189863450122 2.6981526227958836
1.0003554625415023 2.7020916292934753
1.0014075426574491 1.7127452040588678
1.0002547970113036 2.76167163784565
1.0045602308781725 2.4799255967218476
1.0008309057417322 2.492513058529944
1.002821385700145 1.7455274248147634
1.0032495715029761 2.5912795047337807
1.0055602328119722 1.9814001296345545
1.0006902009109804 1.905137841432653
1.0008616482353818 2.5938738447772662
1.0081720371646412 1.8827100048227314
1.0041876166660075 2.7119234798262126
1.006712471353774 2.722670582018946
1.0064814023086641 2.724405337313593
1.002274193621297 2.72676828137581
1.0042738779510396 2.0027002243760696
1.0060314269093653 2.7080306970056167
1.0067113546552622 2.7192677912292904
1.000470485338571 2.7238165817614357
1.0050537272501676 1.8380292072053506
1.0088207491209946 2.703682907217952
1.0012255988491137 2.7153166920264087
1.002441790936771 1.7436364114383651
1.0183558358239804 2.6979136082070556
1.000039254414863 1.7484083333672507
1.0137449494674569 2.541265226718733
1.0031205640404792 2.545144328807816
1.0011362991348065 1.8829924995660088
1.0008360588009777 2.6035376440597178
1.0019929768263165 1.8040064352019631
1.017150877977456 1.7340832367379018
1.0145669662439707 2.70209429843269
1.0017097885547828 2.7105439012419983
1.0008561977510926 2.7162065334298675
1.0046999449104186 1.8101335503681115
1.0043541116512609 2.70156331273038
1.000815881416922 2.712150389332732
1.0052229444824161 1.736431593952114
1.0037316514217711 2.699710208136077
1.0001527877344696 2.2086442099443353
1.0019829359047192 2.505528295769725
1.0044436426759376 1.9745307564894496
1.0027534098143744 2.5689337200888156
1.0002836865761595 1.7375841228659312
1.0021591404483805 1.735439982991442
1.003437719151203 2.690425342096059
1.0029027378295967 2.7019723309095265
1.0051203917175768 1.7596424238557926
1.0003834853261668 2.6937279824941935
1.0000671017756397 1.7533099741491522
1.0030847918425112 1.7937222714399867
1.001157152976399 1.8284966427566012
1.0000855851104222 1.8884055631493983
1.0012045400295022 1.9059379580076676
1.004024290937294 2.6828736589371487
1.0011814021818097 1.7674937647730773
1.000552194513087 2.238430870632368
1.0001946353258213 1.8666266596454006
1.0018479698317557 1.939374490213835
1.0000790004195903 1.4470826043204204
1.0008308326110011 1.4835141262550597
1.002164083463579 0.7880288760202279
1.0032486265530254 0.900146889697944
1.0017535820663839 1.0512756617222125
1.0006900933212652 0.9996425089494195
1.000007126891528 2.1541228971209625
1.0035581827536633 1.2728280176994469
1.003996040129887 1.722349816558501
1.002452034521842 1.7545414135255097
1.0038163034409162 1.8537951203238179
1.002277445862192 2.9349617464577227
1.0022797534990695 1.1661926183674327
1.0047917115385616 1.8509134911865828
1.0087279142393846 1.7783933345736562
1.0000839946390776 3.5470136921460913
1.0015526832333783 0.8971967381379822
1.0054923513431677 1.7568630824845641
1.0008515893247314 2.9513181550875958
1.0013893319617269 0.9125265300168075
1.0019649391765648 3.4925677629801863
1.0000387996164888 2.431987098677972
1.0082930693566632 1.7636891108512267
1.0032790487284347 2.587214024519938
1.0056304733939694 1.879503489460741
1.0015165059507374 2.6172645838282227
1.000977653116411 1.937269681424587
1.0095161156865766 1.7237169531006336
1.00464583879805 2.6952982436764876
1.0343382933847816 2.703126422624519
1.0063643244636404 2.7145351642189928
1.012268475957601 1.7193056379504479
1.0083009884496028 2.693196143186883
1.0061647374124425 2.729117739295246
1.0028405538937928 1.7250689507110977
1.0181289516389096 2.71444403861024
1.0025503994544762 1.7528731318065027
1.001944273750696 1.995459422699527
1.0069997318484039 1.7218581312094585
1.0018155969785458 1.7948373245833225
1.0032241675664637 2.556573678931496
1.0037970883108231 1.768025744652235
1.0067003866680384 2.690843361149215
1.0046117239448271 2.701458891658757
1.0055877231197985 1.8149509823979608
1.007784558455933 2.6977436185616805
1.0007432440685706 1.9347724104267656
1.0006673593699278 2.620808595307282
1.0040074413051556 1.945660641683527
1.0006082474938875 2.544746195080878
1.0065978303045944 1.7181609853142743
1.005663382121898 2.6837496543955814
1.001050339862456 1.8811484570811976
1.002086877930697 1.999754983425135
1.001031414777641 1.7764769938116536
1.0023989974378171 1.7215911553653163
1.0003469326218335 1.3738649236729472
1.0004659458065155 1.5194751389084242
1.0031182219891746 1.5649278398657005
1.0021756987437866 0.9255118060858399
1.0011321678342344 1.141168713792885
1.0005553181307967 2.8137671386811287
1.0036060063399392 1.157081600041857
1.002770479862983 1.7291905285821612
1.007494597990682 1.7578649449536639
1.0009155818349258 2.5589460272183406
1.0014521505412075 0.8710342132384301
1.001085618578503 1.7645295093131912
1.000351531325367 2.9223695596425
1.0022899799798886 0.9003231894137975
1.0013379503330833 2.7313158110149294
1.0001085667105405 2.6849491334525935
1.0011892972869718 2.623695300548731
1.0033367163628792 1.9566467409641441
1.0075580623651628 1.9669045200170379
1.0009443996999188 1.753344774682941
1.0038691675994982 1.768842944344147
1.0065252125717776 2.6730641975224394
1.0085608432764466 2.6843734455301322
1.0045697211882576 1.8378712730643159
1.0012826989330186 2.714642563389523
1.0022474175167952 1.7343241995428667
1.0035123874696825 2.5367531838418484
1.0054414733907528 2.551843492357891
1.0010806712150941 2.4199336868722727
1.0073296532378562 2.1239483260938963
1.0053379566440603 2.701064309648278
1.0008200443673116 2.2109866647069207
1.00270962008718 1.6954010484888635
1.0010537094318022 1.8521249988081516
1.006868080177193 2.1341910386094862
1.0003289697810909 0.8950637762026572
1.000640366680693 1.5116632134813626
1.0021876155843812 1.017327628746527
1.0018458989788932 1.5209873246371526
1.0000922903728622 2.763003211975893
1.0011308942664705 0.8581818881814867
1.003441550062692 2.4229915260968253
1.000493916866811 2.8359783535234566
1.0004295307631503 0.7895618935665292
1.0008959679811487 2.931167269904162
1.0000559821521262 2.5824276360207064
1.0067836981256137 2.534730375656898
1.0029398450565847 1.8086278449788598
1.0003652151599753 1.9787263906386232
1.0081012385253834 1.6895358551214645
1.0057276588574444 2.7030954061347416
1.0007671863183947 1.8935817422479384
1.0009196019347397 2.251031864411475
1.0011634726287528 1.9305038906340228
1.0039511979884028 1.784386316325886
1.0000086624890023 1.325559656998735
1.0030768061459316 1.0637930824886688
1.0011901965510048 1.0753592456547116
1.0000846881679044 3.0099815381750865
1.001205343384861 0.9709262290374548
1.0006539366752805 3.6210023252483303
1.0004081614550504 1.7465080641531485
1.0013130974928222 2.410491293966754
1.0021325562694046 1.7971344328673684
1.0003961534615367 2.2035391941589233
1.0000995960739205 0.8484786879326918
1.0000348853982077 1.3616088417753693
1.0001949669656944 2.662517810103875
1.0003944246491596 2.6487846848024708
1.0005753469518357 0.9537611562019932
1.0000000000000069 2.125503450445843
