49073.535282543606 0.24679867506939512
1.513043444161408 0.37356577530103346
1.6395868881732514 0.5870279048392495
1.9376927786623288 0.937391553863256
2.126344187970484 1.1172556408552503
2.165104896406919 1.1492214810120416
238640.02810061714 1.1769206473414249
2.201243454718984 1.2113752824978832
1.937870689235567 0.6633314375180831
2.290675451938135 1.1708846313810635
2.6223453416849263 1.599575993816212
2.768653215334411 1.5484761109589238
2.9456354528769304 1.8261402336758106
1.6929322819731678 0.643648760335658
2.03065514886397 0.9445017932124982
2.2923757380100582 1.2737654881662497
2.530377601364833 1.5049768170862965
2.674334442311456 1.6829951978665636
1.9519444776327868 0.9590037115589146
2.125449586287012 1.121787381623348
2.308215917211193 1.3037313074981323
2.441378656508324 1.4319150108583207
2.1408410426070974 1.1111339389435466
2.232309421593005 1.2348617336716736
2.2904338992312123 1.2938864357669795
2.191122062162748 1.1931783026391933
2.2228461743728856 1.2225923264327188
242162.8664616737 1.2078968348437016
2.1844988345369023 0.9801241475830755
1.7708251772787635 0.450086554543779
1.6993974008294295 0.6896692470905538
1.73417157098042 0.718563737598777
1.8901777378930023 0.8817934240703329
1.9587015582217155 0.9632113696912357
1.6835482074516501 0.4261200806593269
1.700457552429155 0.532843549373816
1.9534091699388507 0.8859192345629121
2.160762322801142 1.144842441226514
2.2742229143175363 1.26874636394764
1.7875738810344046 0.7439539960767846
1.904103911936573 0.8883403466454751
2.0902979884756805 1.070064801517062
2.2402587095449795 1.2291694065937033
1.8910978982868472 0.8641984552203463
2.0157706114491076 1.019612431985187
2.133730058584469 1.1326229420003762
2.0370210809114138 1.0409121177354717
2.0778941949753937 1.0792311824229315
2.086830205478356 1.0918702982184476
2.057040955448262 0.9984901567049226
1.7589870665115679 0.7450102931972671
1.4438078272305648 0.41295702559372033
1.5842839490528062 0.5886332388276341
1.7060691702511748 0.7138826047368709
1.5533806281978413 0.48979321415817906
1.5473346421403322 0.5238239023645225
1.6845250154981413 0.6714040610655558
1.8408453596101917 0.8175048032720587
1.6717516151524268 0.641383572363124
1.7291885690022348 0.7233462421046939
1.8631281368127102 0.8675149702367675
1.8244701000424368 0.8071652015154391
1.866694458168557 0.8652686426326102
1.91545124109023 0.9145636033081906
1.6726568198617198 0.6576455287766882
1.4289495679786564 0.41826413245710103
1.3422842521298337 0.33573081892769396
1.4653365304804122 0.4711776726622728
1.4041241472546582 0.39951126630559974
1.4484700067555534 0.4470279210060761
1.550520165856967 0.5539061983765161
1.5877703327830894 0.5875698576166848
1.6178668271648933 0.6184372878956517
1.7141413239008343 0.7146027030435
1.3839725797372435 0.381915286175623
1.2384731140580674 0.23921190880007315
1.3056443983361494 0.3077024139452008
1.3638105565588479 0.36075065909713716
1.3965544150983062 0.3955691811047689
1.5152206480249557 0.5086937740242009
1.2476416156315981 0.23015968674834505
1.2354124121294272 0.23635605313973537
1.3426568147665905 0.3404062288334316
44012.68420997076 0.22004459056704243
2.160972411775733 0.8997189640384429
1.850969515646891 0.7441660247750346
2.009272973404045 0.9813806503150685
2.537559960519566 1.5296134018568375
2.8518746107427524 1.8624671482648014
2.951370981365168 1.9091660075755015
1.6822125363642844 0.6840561995717229
1.9557948567835028 0.9307693799241274
2.6076278683390095 1.54798250651434
3.0701284283198884 2.0150647727209283
3.210511443509027 2.115358848346556
2.158703256265815 1.1460761059326157
2.5604448752206377 1.5155292630378159
3.023509278464594 2.001801848961453
3.2316058417607714 2.2333251786192583
2.7336585545500665 1.7334953543311347
2.955784421645764 1.944444091030947
3.1168491290204403 2.119214740452556
2.9952504539707494 1.9929295176773332
3.0672466429149075 2.07146833677449
3.076124602601814 2.075826317074207
1.8764058927978096 0.8535386151697876
1.7452406053739762 0.7216000928512593
1.9046620277265733 0.8250379362852316
2.3505370883461656 1.3277842773339592
2.4724462495625636 1.3656115778963187
1.5410585293896142 0.5207516523375919
1.9129231882142514 0.8326764323755151
2.476250228588222 1.4012762903469225
2.704817931191868 1.669968217306604
2.1244736770409123 1.080036701975017
2.490561113760801 1.4850679239449123
2.703825071793058 1.6683068229232574
2.577303907545819 1.4708876985581938
2.6567682884434785 1.605741300930028
2.649984017506482 1.587696516770614
1.7061144854284773 0.7071778921289851
1.6331005639627902 0.6315265050813078
1.8273846980226651 0.8123977221010303
2.03608597601466 1.0305862569856328
1.5720813426112388 0.5444863062195959
1.9172677976320003 0.9054967743309097
2.1347396922282056 1.1041115142618645
2.1125045541059295 1.0854477115640413
2.1921570234005254 1.1691362068352562
2.276079070801873 1.2624027471932746
1.5675529135114248 0.551682805372973
1.540505812927604 0.5332050189660595
1.696840911888656 0.6745487160639447
1.6986205887667971 0.6870286688140469
1.7952236401698425 0.7706292774256173
1.9280871332189693 0.9254794264453694
1.504795747783718 0.5062232470073681
1.520792560772303 0.5138003717755668
1.6422040734258003 0.633210554427803
1.4476415759865269 0.4457164446749038
2.2093556030147044 1.2177930642654675
2.094714183470072 1.0927995073056764
2.1324452828349547 1.1388820384182998
2.5258929928713925 1.537152254345056
2.7079140541879996 1.7157495474251676
1.8994823535330807 0.8954710395748939
2.1833193170455725 1.1835464020260975
2.6044099677998167 1.5922138790355536
2.817581604836816 1.8097859364803495
2.371012956679542 1.3547018095028718
2.654058972843113 1.6554175316703632
2.844889112465106 1.849284205069136
2.77186592394551 1.7798121498709356
2.854987999400427 1.8462573182029804
2.9101685208481034 1.914119894218116
2.1064721954115666 1.0745939335133825
2.0407001922083596 1.044171531889003
2.239465852023289 1.2388937068322745
2.454756187700976 1.454601384663667
1.982784949145577 0.9804256269648615
2.3276204365141875 1.313156596092014
2.556231552989973 1.5526795942577847
2.4885436853055536 1.4858163784402187
2.6146768180542526 1.5985033873201595
2.705792740210039 1.700356314253123
1.968513829116193 0.9273591712120777
1.9182953839640013 0.9153697997241179
2.1078331078109085 1.1086247137298855
2.078083837827354 1.0676539886013603
2.207775777704385 1.1888365171100732
2.3509580725226313 1.355759898559079
1.8154690608776 0.813479508410396
1.846721695233039 0.8359095775104193
1.9927899271766876 0.9886753414703743
1.7132138314283205 0.7080083874310626
2.1952219158750506 1.1844899991032807
2.157278941334205 1.1659568423870652
2.281081436953428 1.2852274479773944
2.4494911679706783 1.454664864834578
2.1314812353854826 1.122664086539383
2.371398029056607 1.3755030659808565
2.5368649075979044 1.5498104453663306
2.512129158511672 1.5170486494335875
2.603775853680253 1.608661375778125
2.7016189681883045 1.7094819474578509
2.156566130104939 1.1554510592186311
2.134213867324152 1.1388606588853742
2.2908438436767944 1.2976367146775158
2.279580222873013 1.2760837546375057
2.386687159232669 1.3834628388000896
2.5186543693397394 1.5239307516047218
2.065447145127612 1.0695830452814459
2.099681521717811 1.1056031001163975
2.2340451589191184 1.2280190111503277
1.9592454746545631 0.964766032355219
2.2018358095931596 1.2077747179947238
2.1857578368666073 1.1955354027019465
2.293932189152119 1.3058566202033386
2.3243201962821036 1.3294010580301037
2.3824815839032847 1.3912138982318671
2.4973347313914194 1.5047578148367882
2.1777395279244987 1.1829467934598488
2.207172765657411 1.2173021879645187
2.329008161643773 1.3334598736372607
2.1230022349825206 1.1260834690413384
2.204394618546469 1.2131775010053953
2.2250769529139225 1.2361165561770378
2.3276407907604355 1.3288451985383547
2.1934110568989396 1.203157311518496
242862.17866387812 1.2197320658440498
