1.0157790899253003 0.34220817364265776
1.0015684253333872 1.390200974163882
1.0028073054245674 2.192218511255856
1.0118225373106524 1.7267247693215322
1.0093941464176481 2.05332989814953
1.0002866723226629 2.1902810406713353
1.0558706357417416 3.0511143858519505
1.0018074678498639 1.2190825043883924
1.0112853348320197 1.2387733802059633
1.0161375034095237 1.496368357962906
1.0082824847748075 2.5084191308367267
1.0101139678045556 2.8811544334968784
1.0003557817787654 2.479212253570788
1.0210701587709317 1.230798536186985
1.0016645307927745 1.598932240735618
1.004251429786085 2.1617876402826397
1.0050600812852037 2.3277414815231876
1.0043439110106989 2.7152859644264398
1.003780842032648 1.2107809742394917
1.0098944804103374 1.2239299999258655
1.0149547493665416 2.3013883174361593
1.0032640811977958 1.664172088898138
1.0133436588995526 1.2186834327120337
1.0088576653694226 1.9450491720079661
1.0086047731150272 1.3066672716778336
1.00158866835344 1.9064442438969569
1.0037106366969508 2.235272075354751
3.8646581775087316 1.9661177698972387
1.0050737214741305 1.7468478250643291
1.009739389379137 1.1993532967670602
1.0176603471279395 0.7120532334648766
1.0319777259541236 0.8509195533474079
1.0060573620597486 0.9272012891946583
1.0002510776583413 0.9843398205255303
1.0037416701991337 0.9488089318873727
1.018089709211351 0.8709535346044743
1.0198351810785378 1.083566896825929
1.0125864819112949 1.2363914535879437
1.0115935271075402 1.3443706663862889
1.00982357468842 0.9225383726790302
1.0108823460665666 0.9877963912202977
1.0136764646513003 1.138447730737582
1.0048592693756342 1.2744544856382651
1.0121362239362635 1.0149645569760009
1.0127119864964624 1.042995284883371
1.001668046008989 1.1447464476320117
1.0014584467275893 1.0635963542725198
1.007544602211127 1.0863848334740092
1.0011034678519686 1.0940806164457384
1.0047577870184419 1.2110228987006222
1.0085635711871455 0.8316597346788623
1.0101764552938015 0.4711702075331503
1.0087340359540273 0.6098886110615453
1.0015051867667466 0.7171062101619582
1.0141849781332684 0.6284728546942976
1.0320334539597367 0.5804068002571614
1.0128741881729098 0.7295686106746287
1.0048301928917458 0.8652614645225678
1.0060398733136264 0.7189951611331593
1.0142306346193433 0.765620930883076
1.00722376449579 0.8748434627072715
1.0291777764176868 0.8421085909732736
1.0011804061723402 0.8754720875255113
1.0010407909205605 0.9246319332650341
1.0037233345056955 0.7178516262641697
1.0128315209944447 0.4371731005896732
1.0097653597227048 0.35961923101255855
1.0075502761854183 0.4724185165317445
1.0277986846494083 0.4237089142263103
1.0143528892580649 0.462905319866012
1.0109823093203798 0.5541479590332374
1.005114689477495 0.5933385481685978
1.007633322470817 0.6258674041544476
1.00041381064592 0.7197458485906623
1.0024055539837702 0.39332542875550064
1.006939955289168 0.24339779473568043
1.0133318535192697 0.306559112511762
1.0067095883804162 0.3753372441149169
1.003660266191339 0.39923026669898093
1.0055786575703758 0.5151809021634393
1.0034986641794095 0.25090450922871715
1.0039637353608626 0.23637313996619688
1.0057081097768403 0.34486082275990143
108.77422989448704 0.21973346164436902
1.0080565253324616 1.2195943169089891
1.0129609467920442 0.9713245920700109
1.012188163528797 1.0099041141336582
1.0024095677510223 1.5934116965170761
1.0051830075154586 1.8861265095509707
1.0046514371304525 1.9851347920871265
1.0056576873635554 0.7178644480883047
1.0126682782357648 0.982393071177495
1.0250024987353243 1.7141362405795326
1.0157196343654067 2.166893295174901
1.0138059937305866 2.335733981757882
1.0072812255702346 1.2246982322112263
1.01446152013032 1.6135425010668514
1.0235978970557396 2.057310319261176
1.0106160877894725 2.272480257189655
1.0189290251078973 1.759647593721252
1.0196031678343054 1.9817394398152255
1.0051740661565798 2.1439800149083448
1.0057054857449492 2.0185952984755913
1.0047767824478855 2.087230827582074
1.0069301664098467 2.0930636847054243
1.0048865568661178 0.9694789167118876
1.0116081638203152 0.8163351813238557
1.0176080229809308 0.9536119551170059
1.0129922488955603 1.4183501412278474
1.0033504604256627 1.5837787565356245
1.0155179603383304 0.5808862020807807
1.020889868377855 0.9692999718635249
1.0220870471827397 1.5610764792966598
1.0094209107851946 1.8047414520333
1.008579682607744 1.1972747231337304
1.0084333668523275 1.5336489098812276
1.0290492614445628 1.7647772610952954
1.0149363272077647 1.616934957762442
1.0043084723318954 1.7240420192558397
1.0058351315799345 1.7524027335583232
1.0009230650425356 0.7230446147565603
1.0150618654212524 0.6503419245229265
1.0184357384266796 0.8556492503809108
1.0054726873136983 1.0722416910860022
1.0511629950786594 0.6109185519959796
1.0226383915293058 0.9427411542143835
1.0043422732326197 1.1817973862395204
1.0239081895594497 1.098738198782074
1.004595930127378 1.2305463962348213
1.0079305280562485 1.3173612674853237
1.015376630151886 0.5870007913543913
1.0090292602752253 0.5570431723523214
1.0085824676629114 0.7169187171431729
1.0139863400114513 0.715599914662085
1.0248560065665144 0.8154369629843126
1.0157278742649536 0.9505368365023368
1.0035116294695356 0.5071655422311402
1.00744680921717 0.5298078481263964
1.0099981261825783 0.6568728527256018
1.002610696061547 0.45514460383056254
1.0042338860531652 1.2196716950268585
1.012505840303453 1.1329844987098783
1.0078975679698061 1.1609008229745648
1.01086056861218 1.5524600508254298
1.0150909912520436 1.7141493552653935
1.01952480567809 0.9247702368192253
1.0179409520228728 1.2023755331809973
1.0103679419789937 1.6482186871179676
1.004009240747569 1.8655003398353225
1.0039698079067636 1.411694116098436
1.0146948049920161 1.6843004928810503
1.0114431833741535 1.8745101880466764
1.0185872796656559 1.7829161783544762
1.004032898020218 1.8747645549591252
1.0018727527492364 1.9244565917102505
1.0036139059307903 1.1323038615259187
1.0209834782452352 1.0608982176439965
1.020893093656583 1.2620813880490631
1.0085277963145562 1.4828851298249575
1.025961821860652 1.0236582430295926
1.0920688039543038 1.3564262308524968
1.0280625750141037 1.5896340803092797
1.017933182766433 1.5103255026880196
1.03176202722178 1.6437512877562168
1.0030450389821193 1.7249604526936482
1.030764831971993 0.9642372974486215
1.0287122010040561 0.9348065829068029
1.013885039678114 1.1212158776703176
1.0151218204519274 1.103461029701108
1.0114718950065151 1.227634654845453
1.0094569224480572 1.3608661983012271
1.0060469008562742 0.8280204619862841
1.0019279190236932 0.8578553086787885
1.0085379997954467 1.0023649623024542
1.0011200766213602 0.7230086462800129
1.0081371715851961 1.2191651527103686
1.0064626389522935 1.178020168086684
1.008477258792937 1.3006253255464648
1.0108089262845568 1.4710718739811486
1.002848668421877 1.166337454763816
1.020504217635982 1.3906723159697645
1.0033593681592183 1.5531617023851596
1.0058978748145573 1.5353075028975596
1.0042074965338905 1.6240015817102627
1.000898397680018 1.7196035176584705
1.0207569423906224 1.176474011263502
1.0084349990789612 1.1453690156643288
1.0076468839889083 1.3061806309199384
1.0113974279132596 1.3034727706537408
1.0389590982317316 1.4044605245706212
1.0056954148852955 1.5371893911709744
1.0021930368278356 1.079483560726415
1.0117369458144836 1.1081806226475053
1.0124215998398354 1.2524436750770738
1.0070297527119616 0.9695132972849865
1.004856713758148 1.219500855915936
1.0017352519187654 1.198262856559892
1.0021724072185056 1.3070343817922367
1.0075806761089905 1.3301629696894355
1.0209584360829194 1.398556341589459
1.0061170405937412 1.515489268721344
1.0063380065254774 1.1949086617499476
1.0077077006139041 1.2190036600068093
1.0043661075665509 1.3471263638506799
1.0048913001258133 1.1324413891808618
1.0023243182236083 1.2196415740177262
1.0035813319386633 1.2356261572805667
1.0062233351605898 1.34463370368248
1.000468410650577 1.203899676071358
127.75269457417679 1.219699654603935
