1.0000033986229457 1.7532527661315083
1.0001104704252144 2.712100296918824
1.0040469452569813 2.0097920827223588
1.0024967753095388 2.354703124830852
1.0003929193398968 1.9732580951751713
1.0014668845947459 2.62849430180872
1.0045760067695295 2.5118594211975274
1.0013052823935324 2.287576107643876
1.0030897365419749 1.732611668627705
1.000701990241139 2.4361072867669398
1.000938464241575 1.7582302498323494
1.0055233348048938 1.772653043975537
1.0033066343830974 3.2279489641103463
1.0001458526174973 2.085455066154448
1.0016534383748312 2.687479495690824
1.0038030416434869 2.429878654124141
1.004459978732318 2.7286613415918577
1.0000446690567502 2.7238661375382627
1.002837527511608 2.1033381446331876
1.0018217815786572 2.597969561829846
1.0033632046738237 2.7067932868406155
1.000117725264621 2.7144205446261793
1.0001774024590586 1.7407741415201554
1.0015143164649647 2.590172077292163
1.0023359185563883 2.7124070567232677
1.0001860406365854 0.8211961209278485
1.0002274156171116 3.6700684574744264
1.000050827628388 2.4915480901790987
1.0001443776530756 1.785845585191693
1.002169907459638 2.610258596068009
1.00241322599515 2.518202922190232
1.0013055997883442 2.586335780014376
1.0027131695461686 2.617536440410121
1.0002592666435377 2.617846239672222
1.0039214173860553 2.42883218161019
1.0039186544483922 2.712909038957136
1.0084400121832224 2.7219029747949963
1.0128799469900203 2.7294010760874126
1.000778099203895 2.7265781883145546
1.0044165034761863 1.786583347580391
1.0037701309123757 2.709450194767008
1.0037088837187713 2.720928805127263
1.0037948821363933 2.724226140080091
1.001339489466854 1.7713808506019362
1.021584272754728 2.705176909119564
1.0002702399729118 2.715542808065146
1.0004480238708684 2.414618700567541
1.008134834155794 2.698667457531697
1.0007344720156444 1.8078315434676948
1.0001478879181598 1.7936484488765556
1.0017556173349385 2.15822811361027
1.0017103585557736 2.2956896915679605
1.0006206988419788 2.5198271525107607
1.000150399036788 2.4664826494316685
1.0009088802027888 1.7349534288723998
1.0019872267321672 2.7001374133707525
1.0128960859247018 2.7093012501626217
1.0008415730109619 2.7160509877893126
1.0016864881276237 2.4598397057036605
1.0017027729773975 2.7031994097840304
1.0013462880422115 2.712900448626728
1.0017477774808423 2.275207831996876
1.0029550925735486 2.6988133887083894
1.0014763602302466 1.802159574064236
1.0001778410237856 1.8474192703225456
1.002115760799366 2.4008608075223385
1.0006782987820066 2.224657492724341
1.000097161962794 2.1865708634009637
1.0083235298494262 1.7389478626000305
1.0286360835500035 2.6907370569275795
1.0031059679042624 2.701537525124781
1.008371447168829 1.7676500986427648
1.0020555925505124 2.6953652953284912
1.0001911803577264 1.8133108369350999
1.000545899065724 2.2092314608282897
1.0005758048423423 2.1941191248048586
1.0028308644281188 2.520748105948263
1.0004880539860423 2.1915217968342966
1.0026824213221095 2.6824962853530714
1.0001711147785008 1.7348467738919537
1.0008269826706053 1.9234680645637516
1.000054183065412 2.1749422188198695
1.0000269163001478 2.116983632105411
1.000431396258203 1.5497441277464787
1.0001101410817135 1.6441470596529744
1.0013748412481918 2.0286469028206224
1.000684035694647 1.9061210923491019
1.001239513328607 2.008083888752406
1.000882470125114 1.7673009464686347
1.0002582230565122 3.0551332296264553
1.0000779198680323 1.602669216512584
1.0028703842100868 2.16419347449761
1.0024337661131024 2.2683392132258984
1.0043584476068084 2.3618077194794234
1.0007749083544675 2.9906605632818617
1.0001982923676211 1.2980336750732469
1.0043692051690047 1.8468719190983738
1.002217829378948 1.775430477469369
1.0025142174677537 3.712574044763004
1.0010356584710518 0.8819531435423825
1.009247613743514 2.362459537803692
1.0021060332484621 3.205741173296941
1.0007473591785954 1.6612867062833203
1.0082207420106761 3.487451322417996
1.0007297871963288 2.783466133229668
1.00853739279477 1.9184715644107466
1.0088835374374094 2.373730775028246
1.0065435985232698 2.4580299098684826
1.004094910257335 2.436105500805817
1.000708790939439 2.440928653278779
1.0097396554673281 1.7577489888324513
1.0075753938887362 2.693352637788605
1.1387178759301 2.702867802903244
1.00145538046893 2.726814577458197
1.0020188016494822 1.8423093045474692
1.0424919992491275 2.6931892649814175
1.0019004596306118 2.722323414157884
1.001174862405068 1.7828615209091385
1.005115330460055 2.6890202393996754
1.0007131950594477 1.861303760759279
1.0004535135826944 1.9604670750124775
1.0037367005135733 2.596663602240045
1.0011635566483295 2.3249809355620608
1.0020465087116663 2.447481534495717
1.002974667456695 1.7817948483182966
1.0265010238041201 2.6908689048929375
1.0019844794721622 2.7018103989156494
1.0017502161056597 2.428663946889186
1.0131427460968998 2.700556013154986
1.0029499393981915 1.748428575283042
1.0024101947607216 2.099426423614827
1.0044755610003486 2.570986934082429
1.0023240522974697 2.3901546312529747
1.0041820295287862 1.7600432343745263
1.0024091842609737 2.6897631608525967
1.000671809258909 1.770890703560512
1.0037263734776536 1.8563420592576847
1.002076664029422 2.5066375181759035
1.0024907003646941 1.8172817605782157
1.000944535428981 1.5748037798505325
1.0001450506529495 0.943117668641629
1.0006085065852497 1.8205868490909376
1.0011346573891629 2.0905531640224813
1.0004759157342489 2.0281526950309265
1.000150959394333 2.1867248740196716
1.0008997849855532 0.8117911247338059
1.00163656932687 2.2248983792649617
1.001823482671223 1.7574746349198302
1.0003907915054269 3.6936909977845995
1.001074892446893 1.607444664996769
1.0023754248560577 1.7458655932121174
1.00134477598098 3.165484924502728
1.0017375776878428 2.2233944414880513
1.0027251856300299 3.6823131539310716
1.0004342281762453 1.7812769171337397
1.0011562770798241 1.8717558216149175
1.004005947719364 2.5442853027276735
1.0036204052052322 2.48031753123667
1.0029982357337652 2.481050023090428
1.0015870161817158 1.754342835338281
1.004441683147929 2.6739040831486287
1.0046383166730664 2.6852766383717617
1.0047831932075146 1.7143819565605556
1.00256074478559 2.676141084965908
1.0012862370912596 1.8257243959434286
1.0008068465410027 1.9897892754790014
1.004539792193219 2.4200528309094698
1.0013353079681984 2.4919769050627822
1.0036538195042486 1.780290375689539
1.002865367755627 2.6783183088779654
1.000244225419985 1.7709647614827477
1.001054304138423 1.744506316975988
1.0008210713668628 2.475346598808033
1.0029130490211728 1.7507172626247578
1.0001469438166986 1.6843552922085054
1.0001679040582776 0.9740014100320109
1.0017733914216624 2.1560709826202116
1.0006202168163123 1.484671599885652
1.0001402117294198 2.8172965009414477
1.0022842963773517 1.5272995410030497
1.0045378784569827 1.754181726726132
1.0018816667064425 3.620150178062702
1.0007858284951516 1.967094284358565
1.0013626045038158 3.577973552781563
1.000193114876915 2.0264764319956665
1.0022966555430646 1.7976415700126194
1.0019467689524837 2.471937936985245
1.0005662311114374 2.3220645015186174
1.0026321542668144 1.74504375385562
1.0070474121531778 2.7207876425352646
1.0013482820824289 1.737410796962706
1.0008883428365714 1.9911696467095463
1.005605820627261 2.4510105296811338
1.0020529939076488 1.9132853734723643
1.0000177445649427 1.6084300777861462
1.0001424809596333 0.7807513951280051
1.0005744072669112 1.5239746733875572
1.000705365741744 2.550844954750273
1.0004114436662304 0.8218533669104842
1.0003272742739049 3.632917391361491
1.000169931151023 1.2787561294091312
1.0005386505018095 1.8408224207010355
1.0005974104052355 2.1933827098745917
1.0009974211152748 2.1672428834765753
1.0001934647021404 1.5056029991801276
1.000085782699076 0.9951617668178458
1.0000624036914079 3.4121369535745365
1.0000266945503589 3.0796559967782904
1.0013633551273502 2.3440203122390826
1.0000000000074984 1.4104231681398005
