2.107038889457725E-4 0.6969258299597433
3.752869405019888E-4 0.6918942226647091
2.3819724866750257E-4 0.6944874835290831
2.2158157239317365E-4 0.6967609267316219
3.955794678648373E-4 0.6929986818287066
1.7993497752889822E-4 0.6969658672473995
3.8832950199599434E-4 0.6978191542994643
2.0762162345321788E-4 0.6973642094391038
3.248928308918739E-4 0.6918633590378467
1.4706697202553797E-4 0.697149735595037
2.943987764989406E-4 0.6960939641329551
6.274382668547817E-4 0.6914769954816283
2.683085090370059E-4 0.6942340128260633
4.568995884956331E-4 0.6893264299757406
3.453349053226181E-4 0.6970687783656295
2.0671188302275558E-4 0.6965769181733518
3.055490608223752E-4 0.692712759521333
2.9154050166207366E-4 0.6954081221333951
3.608911767922532E-4 0.6920716766680873
3.362709574518409E-4 0.6944708031360769
