10659.361366669533 0.23377868399751728
1.126961595168771 0.4033350622502984
1.431232570921808 0.5511317901052224
1.1764213702016137 0.9589058536882477
1.1795593864654945 1.1353184840923043
1.2820441778820124 1.1769301257043676
48283.96263370277 1.191103500612858
1.3257274271258606 0.44361133943197123
1.397511282702851 0.7770914026964544
1.3558578288516319 1.479179695936686
1.6805579396734265 1.436232612409182
1.5019426488961805 1.744617705055047
1.5697622572647822 2.7920311697639457
1.1506941119427645 0.7027890561961236
1.2077769010783892 0.9705654161690163
1.25529998576891 1.2772777502337254
1.2880160310621882 1.5384085428549987
1.2978084088850799 1.6766497657348811
1.1761027682195269 0.9658084652021343
1.32185907123324 1.1099049776267997
1.2149288556602702 1.3329359394468878
1.2344882209613344 1.4538592520749534
1.226257427993529 1.149350715490028
1.2017957529914542 1.2165219678360055
1.283874057922701 1.2797311607099588
1.2146634765190691 1.1949367500875507
1.2058549965655774 1.224655690690502
60214.86755150685 1.2080192490302353
1.3422256233779295 1.4761078999457824
1.3504550545341298 0.9818841815966017
1.2495542221935718 0.6426009529052117
1.2138791141202954 0.8308156938948026
1.1505039646336996 0.9056876311858083
1.196177706626169 0.9609623535272214
1.3371610830036214 0.816879986530852
1.2748636638645483 0.8179067470721607
1.2531825476157001 0.9696270190673741
1.32680443596153 1.1150083051305901
1.2967640879442994 1.2907351650688792
1.2165708207334662 0.7995015564056889
1.2075143950625666 0.9361429411419385
1.2483085193752688 1.0746395938632638
1.2233815999516413 1.3286331394804942
1.2750796249860339 0.8718959916941654
1.1595500857746948 1.0245751603910318
1.2074752277638168 1.1537014017165679
1.1932380905925462 1.029162176573091
1.217811185151052 1.0690745450070256
1.1792957538131486 1.0892004582012724
1.3682301724994352 1.0039348188223078
1.1803501180335223 0.7834610023724912
1.0977802236917529 0.4424824962545277
1.1085058479322356 0.6050777155207818
1.1460983211479796 0.7070986787685137
1.162765042333189 0.5734329847952137
1.1479560192980023 0.5809440112305437
1.2075106247687977 0.667987814317687
1.1495980637957453 0.8579031371215591
1.1530082938659847 0.6776785657916464
1.1687442795812322 0.7210920820745137
1.1398734648221758 0.8735221088554019
1.1505013164990767 0.817157197834341
1.1458333622136903 0.8726901783144445
1.1399101747540545 0.9266720409472202
1.1459338929681224 0.6822277080002179
1.1373467451162615 0.397285234604221
1.101049250896036 0.3345783365953892
1.0890532310248433 0.46786109036361323
1.1294414757260987 0.39608350491306576
1.1144221708034077 0.43835947931660857
1.1076639812493743 0.5479766407093867
1.1243447125103543 0.5727007759445997
1.1271024082042862 0.6190368814286822
1.111482446940839 0.7267227301964369
1.1231917862324272 0.36908305216742593
1.0520907456468784 0.23734750450194209
1.0497977908472422 0.3100816224036197
1.0831680593967485 0.36093256964053877
1.0764954818489558 0.3983055343066551
1.0992669951647134 0.5162063732152646
1.0520603705678642 0.24519005890024367
1.038846270883307 0.23644785654627903
1.0773385940901115 0.34087576583799684
7445.11184687518 0.2197485809426279
1.234838104715653 1.1671222581999177
1.2977423038029712 0.7786943576913439
1.305157531352432 0.9183797463325595
1.3261212215243026 1.5425161263321319
1.305822020055341 1.8826036224754465
1.3161802396672333 1.9883226353576768
1.2009140105983194 0.649889464238159
1.3053858720307687 0.9396880678898599
1.3213966386794902 1.6944588148893116
1.4000469964299431 2.112157675182662
1.6135347943740102 2.18442266650421
1.2481497514153248 1.1867719489985362
1.3224924102237914 1.5711157800759101
1.3742095142532598 2.02716383406362
1.3798498919244608 2.2592667760523906
1.286720600448123 1.7599984223846254
1.340478611164508 1.9671289717205547
1.3893546086551518 2.1133758263503246
1.338327665624027 2.004585885510928
1.3291865990428886 2.0888236708548953
1.3445121877968536 2.089070041451623
1.193394488146218 0.922824083998505
1.2970654902443743 0.6777124481675423
1.2137365771455921 0.9105421956041021
1.2784890453440902 1.3582714552146846
1.5528476739703336 1.3862845722155617
1.1584328307610632 0.5557657470794555
1.3405463303851437 0.8474098635400517
1.3158154583940456 1.507801528382569
1.4950904162549974 1.633217281363876
1.3347470545157427 1.101787611137108
1.3496067415913722 1.4554956997032378
1.3268333040492093 1.7158436688384675
1.4313143102272055 1.4954442521493854
1.4576114095044468 1.593771876927004
1.6221477127174655 1.938179042658914
1.180423579075533 0.6763068654474759
1.193874984433236 0.6033272246918399
1.1873870712913133 0.8244539504373469
1.2508217369795203 1.0144636232746642
1.1696682084408805 0.5670162511568932
1.1982805177583566 0.913791621231652
1.223876354879585 1.1514175792800991
1.257942282589882 1.0553184142242062
1.2899506136090997 1.172616938408221
1.5389550308182476 1.1844335035137028
1.124349265087424 0.571296827154586
1.1306882234634057 0.535138097829895
1.1572696720573301 0.6908027125632114
1.169842546240944 0.7017481722983439
1.1868380330871389 0.786043033119471
1.2331512452396367 0.9090658850169447
1.114498240739068 0.48719835806746886
1.1123943621221504 0.5213448892188648
1.1459079644752257 0.6364157223388336
1.08036142751931 0.44896921700760495
1.2694757647525674 1.1696000603468204
1.285088676139653 1.125077571938504
1.192779468866819 1.1669696519904718
1.3089347684192365 1.5313413484861562
1.3047789188039394 1.730154369478639
1.1707343971503386 0.9029772803764118
1.2178355743631366 1.1961995016967146
1.3156126585653327 1.6218448641293843
1.3224863583476618 1.8507513980887733
1.2945520851563521 1.3989536275523093
1.2896660283394372 1.6729480541748303
1.3136302982493948 1.8674185321806092
1.3202256178840752 1.7732478338908233
1.3384414130381257 1.8588642507947133
1.305273550375735 1.9280534297859546
1.2330067009966725 1.0994274060977351
1.2048510869523463 1.0459036037618694
1.2552513658304472 1.2469973370452045
1.2888394616385637 1.457237458385415
1.244264698995205 0.9732756579894318
1.3192691890447432 1.3104407299826977
1.3062173140482756 1.5624804960619136
1.3095615546149824 1.4846699440699895
1.28164051693058 1.634053206819188
1.3454909902230527 1.6934493455083495
1.1966702301521381 0.9455994335328759
1.1764819475015043 0.9215321126640548
1.2180080017645942 1.10877955436005
1.2500090168748925 1.0674791707761193
1.22901780519271 1.213049620728027
1.2947980834760056 1.3454636678639003
1.1463488703714342 0.8185083034962805
1.1681423742577806 0.8576582148706577
1.1760250542809099 0.993524195510013
1.1540093316503608 0.7055316085530279
1.2084517088817806 1.2120372895891531
1.2193550262245934 1.159147420683112
1.2411588015740624 1.289287285885117
1.2405925279629137 1.4706194112990065
1.2583997325831122 1.130599951051713
1.2548305738362335 1.3796345289223022
1.264404745784809 1.5507169386603135
1.2571230005508498 1.5325926700174677
1.2787755500463498 1.6180447299204455
1.3966861131386659 1.6924846725324862
1.1985320164777409 1.177222168592467
1.2030549544249638 1.1403677689649538
1.2273058188255435 1.301607106704614
1.2665781751703449 1.2812319775467385
1.2771728028866025 1.3897733529918233
1.2714056201958281 1.5280846043190923
1.2099469336384097 1.0692179931305819
1.1926276541719205 1.105441683412762
1.2339504502028005 1.2390388523518059
1.1800225787774485 0.9598866178016685
1.2525763376114074 1.2069282192622728
1.2044722724320907 1.196754278987927
1.2188529936959653 1.3069905535438726
1.2308224028259043 1.323126063895557
1.2375596305075738 1.4010083460835205
1.2731873357835652 1.5056725696933575
1.2034829634676745 1.1913602753917432
1.2093729897752532 1.221321639033785
1.235592659558758 1.3404857693629706
1.191225628861945 1.132104377290214
1.2084661715777565 1.219051564028035
1.21028671115599 1.2364534620944678
1.2336553537043222 1.3396782534084013
1.206583807541017 1.2026329091423293
41196.14971635244 1.2197528111978109
