81528.81871857017 0.39970590150949986
1.4783954998766986 0.5029995694688127
1.6588798655175676 0.6824115226153635
1.4552361338732949 0.45757041389888226
1.5018884172696123 0.5020030587692816
1.4797326081061846 0.4770883596309141
137083.64501677302 0.7084559552914687
1.3936010435421777 0.37573180587524385
2.3915959075007978 1.4256085896991544
2.439059525159389 1.4541602140290657
2.4432213919556953 1.4569038922218884
2.4702414268251904 1.4734926996785287
2.5075642446836945 1.4506283263254018
1.4441827972118828 0.43690780909002436
2.3988762957449765 1.422173281137717
2.459344560696243 1.4756729337362047
2.471416653494561 1.4790815835103501
2.5635624476393826 1.5770684202372336
1.4168899885296864 0.40865418060116177
2.3847524358160164 1.3947997370229475
2.4093495397685447 1.4030191297394805
2.6060361536837595 1.610181384517574
1.5000468494185473 0.48739480632177
2.437784515820603 1.4423579837102185
2.452709483105979 1.4060019883380601
1.5476236421996226 0.5171411898492502
2.4846431820756028 1.4947135412790602
103852.55504880149 0.517638006329473
2.428570438295377 1.430032439544717
2.405888434900447 1.465628921592879
2.408789987705025 1.4560941376779424
2.4734039204651896 1.5534755450450364
2.404221957106948 1.4069326284294243
2.401980227791836 1.3930215102296488
2.4167472062518476 1.4074955104026439
3.3495706851516305 2.4375804942420727
3.3591983647452235 2.392526912989939
3.399971339268842 2.4833475486321235
3.3937665124169043 2.452403315302103
2.3726853799226997 1.3909468943241712
3.368221617566579 2.4653574582504953
3.362281918371279 2.4228414700775307
3.3667857028080794 2.397479300087674
2.3869544633232525 1.4027120782344151
3.3425154606689564 2.409515936877579
3.3588377916184067 2.4311527445317007
2.429591650174795 1.3891031337832194
3.3315491581323387 2.387928559250262
2.4405985034073945 1.4269092631524791
2.4353994411723354 1.4614480142612507
2.3787009985829486 1.4230631728242695
2.37578862778735 1.3978451855516565
2.406159189284907 1.438551452422038
2.39569331409354 1.4190807632925613
2.415560937112878 1.4802199626727073
3.344476978172019 2.426507938677695
3.3532080753147575 2.434685453786977
3.353343036959135 2.4109325670587487
2.3776235402046497 1.3793611433053488
3.3276971822944343 2.408354145816947
3.333820433934453 2.3684506825279072
2.3966279819167786 1.3732249519972468
3.3961656175789874 2.4430645116010252
2.3823723904059575 1.3619765833972193
2.3852707870891026 1.3810430783444807
2.3790721788341584 1.4222426210998116
2.3606380843950445 1.3780229349668955
2.3723517975843267 1.377087971202596
2.354564378848969 1.367090090674072
3.326520093662434 2.4306903706654985
3.342113284728139 2.4258452282630243
2.383971868419182 1.418150255455173
3.323298540013111 2.411818489051507
2.362258369496442 1.3644546663708463
2.36388333143678 1.3448456529474841
2.338716159859943 1.3136094727048895
2.3903456855786365 1.4452757891125825
2.4072611442143996 1.4509446170327145
3.3103360014808536 2.3891428201366764
2.353450510867313 1.3359880100496488
2.3634962285619867 1.3846570513524783
2.3353707287822214 1.3683362157630525
75185.40725517973 0.3830798483385924
1.4722891382270178 0.4817268361244826
1.4606144341632623 0.43744488470575343
1.4450114289286549 0.44873572835074566
1.488665955110573 0.5010112441540993
1.4863006743905358 0.45104558208418194
2.632249675809959 1.3527448659582908
1.4304486812448565 0.43911790590104494
2.400008655511003 1.4414662557424953
2.4217470413378113 1.3952997374676432
2.4907768628545313 1.4923977845849987
2.5940608192803305 1.6173505214560087
1.559314214796181 0.5196446580988128
2.4224958798240293 1.4348200213689135
2.4391804774233083 1.4143589944968509
2.581125042295122 1.646508014190684
1.458405576248476 0.4448256650865365
2.404737105916491 1.4304506638310732
2.51511913541331 1.5159248353095878
1.4363941969610492 0.39401471713369507
2.5351342085747364 1.4799900987025731
1.5437592148511472 0.5218788546968798
2.418169042851959 1.4737957598062523
2.3863136515023613 1.4138797382541477
2.390603288643319 1.3929863116197467
2.4121651763892595 1.4540719801747852
2.418509833507988 1.4733685383639301
2.36827676591862 1.357811351744718
3.3739886835235677 2.490122505490915
3.383305210571731 2.4298931252587574
3.3496817373656325 2.386735682150336
2.347610804457541 1.331491429234293
3.3690054580693993 2.4469381174078437
3.399722441242301 2.413968838874772
2.466210741588145 1.5023657811006426
3.383019378167196 2.4870384177642597
2.372634907728923 1.2591569168025605
2.3986519728900424 1.4446535280721304
2.3886790878905533 1.4361983148875002
2.3878913468790866 1.4200351193625746
2.4229009005369915 1.4709171053479095
2.442737244656109 1.4961827310504106
3.3133263026075035 2.3514430220258506
3.3535052678194157 2.4397086644108077
2.407097227247763 1.439445100729484
3.339242900901645 2.4243526528078907
2.4080465391061225 1.3691900388165121
2.4329498711263313 1.4368474076855242
2.371993896221478 1.3996215196092672
2.5016427760780346 1.526896007722292
2.4292829842250176 1.493903878474229
3.331434965936257 2.3863590222629685
2.3565693659814917 1.2963851791213128
2.362850092816135 1.3471075632032643
2.4011800176003675 1.3910289395939976
2.3607528085377583 1.3816174515448136
1.4849098698533707 0.4879262137318016
1.4791096212463208 0.4553775141340785
1.4423108872592973 0.44384572665885863
1.4587542166156782 0.44195961873602496
1.4875158324266506 0.47285719089421935
1.6277049119374891 0.6250014250166704
1.3940783120949884 0.35646171538516447
2.417938083987975 1.4350291507240296
2.4467639262776473 1.4599897584738115
2.5181196398492043 1.5013517633083384
1.4628488603993337 0.4415746634689454
2.4101488740751 1.4281360918513006
2.4748762449496358 1.4675795182390676
1.548259797960776 0.5642371044431096
2.5151315802402174 1.5145369129171462
1.5458390322654265 0.483372962340532
2.3885812214807385 1.4019505889700992
2.412806494610995 1.4318495344404736
2.3655820752446957 1.3774618113722807
2.4644637695628684 1.3895490899060645
2.389634007297894 1.3767366174476081
3.3717927752099763 2.437701040734538
3.3585330992926017 2.4001258424460294
2.387044234640435 1.3898726789127482
3.328673449530096 2.3687236039229904
2.391135010708097 1.388654436229688
2.41269917172738 1.4335076451371602
2.3849400060214814 1.4039071435049353
2.3637302570016434 1.334751685925372
2.385672891636795 1.3949330542769913
3.3893309691563065 2.4336476671725817
2.3895100339094224 1.4175309561094935
2.844303592391233 1.3912903758301458
2.4456723896627834 1.508834739313035
2.3886136261879285 1.4026019260272498
1.4267837750324206 0.4095051177997505
1.4476871824433595 0.4099225853147964
1.4672617489698943 0.45432394149834415
1.4532837863434465 0.4046709317519739
1.7235139574956777 0.702243956739415
1.4243508282024173 0.3981544598805332
2.4349522895844946 1.4428813534143157
2.5051581298322985 1.4566695743771707
1.505132299086565 0.5136377760758133
2.548513614406525 1.4797456728374863
1.6160197813299944 0.5921914546840643
2.408912306993181 1.3731414004976215
2.3637931271062373 1.3663740348835716
2.348603583193383 1.2421126583283737
2.3704072042661286 1.3775495271958524
3.38646954202562 2.418662720144494
2.4283190542653905 1.4414865575393159
2.449209876325117 1.5010361067920575
2.3862616903041918 1.344903506531265
2.4335227168815488 1.389916956479882
1.4534123878211336 0.43933977604545665
1.4657926776580052 0.4245163676313767
1.6550620353231074 0.6155663817869683
1.5116383771815678 0.4596472512217566
1.563266032449 0.5209329630482717
2.5438254859895593 1.505722531963217
1.5370634912222578 0.48745018123163375
2.3734158424875638 1.3568755380046051
2.390396240831752 1.3935217955338692
2.357244378356714 1.334153037790248
1.4536999479461985 0.4248595475755065
1.4891634001653122 0.48998230772967016
1.928792302422361 0.561060151562601
1.599574187464053 0.5799991345520566
1.4919623987356765 0.4797365971455978
102452.36487931294 0.4713539207478204
2.796825250467636 1.4412459272326104
