1.0053707422562232 0.9798092187063442
1.0028551655226503 0.7216093181774837
1.0046283548429904 1.80088005337061
1.0016067014367254 1.6885342580590215
1.0070852307497062 1.4538628325357983
1.0012098206399431 2.2003476377599043
1.3141102976052923 3.018292453038744
1.0059635458636824 0.9420063119589991
1.0084293954718582 1.4100169965817493
1.0096549765964533 1.752120096900109
1.009296442096892 2.343663218532937
1.0388126483346851 1.911472155924875
1.0052551897175328 2.0336844733372628
1.0041516781012834 0.9785851630632154
1.0040961558598787 1.5097303318351705
1.0040183558617186 1.4655724457838004
1.0076093293902464 2.5490886755418964
1.0205017023557754 1.7743589838447587
1.0031003097466442 1.7210524210170686
1.0111465929378998 1.251820584846222
1.0109087573589783 1.8233876304431276
1.0016142161260397 1.4684540222996367
1.000463747099885 1.7310603902847639
1.0092926231907762 1.9785376891084883
1.005394471037413 2.3028390026356607
1.0017569139101394 2.1875575782228243
0.9991054344740586 1.2541614843713271
138.6534749430473 2.2193247517798804
1.0041267566703749 1.746014187831628
1.0050439661748956 1.1958612018756727
1.0104950648122353 0.7161260820413256
1.0136568422769168 0.8503844655434837
1.0061703448337602 0.9319271561347641
1.0063981872722403 0.9855462308720051
1.0044829269447224 0.9460818405333247
1.0036904369267028 0.871414059922306
1.0138853213833137 1.0842636745125431
1.0278178248481342 1.236185942892951
1.0056476261029803 1.3330612286185826
1.0070281978686322 0.9232862095851204
1.0311593383137514 0.9889011786310371
1.012978148651764 1.1374849819087527
1.0118833121927673 1.2757875814064787
1.008085365490819 1.0128698153741769
1.019197114732292 1.0401891026869379
1.0052312054804087 1.1419494912791213
1.0165128983930398 1.063526769334329
1.0030727570374813 1.0864874159741587
1.00185354591198 1.0934438310517038
1.0101447282090497 1.2121212774177632
1.009903244309357 0.8271041957211096
1.004530058308367 0.4680209619000574
1.0203218823587252 0.6125326759264447
1.004528414698528 0.717433213193064
1.0154873100684803 0.6267827415856535
1.0040010706164244 0.5839237031329636
1.007497149405464 0.7279325090700409
1.0030527420522015 0.8636890678153242
1.009720915750201 0.7174265351763114
1.0181131051789953 0.7635326753119022
1.0044985861168534 0.8726744020182178
1.0093465044925252 0.8441410238488934
1.0212090626561345 0.874560124162538
0.998781685523107 0.9243937525228878
1.000586592273278 0.715983100268241
1.0028129586343097 0.43325699849474497
1.0074006633432329 0.35803282632124106
1.0066877647428394 0.4690787823488205
1.0035847469647767 0.42337805817858243
1.013544683058245 0.4600204082259559
1.003947051739252 0.5527822802526839
1.01338580740769 0.5907883484937853
1.001735194043844 0.6235982255799503
1.003312410041512 0.7183456863794885
1.002970100982042 0.3925580753928599
1.004592807309778 0.24359707411862086
1.0085554184875267 0.30728379808609013
1.0039659479154388 0.3762466319284182
1.0034768054995276 0.3995579885986783
0.9998262859298362 0.5154477223052221
0.9992333950309655 0.25041431916125206
0.9996936273994952 0.23559856971239895
1.0085169570149852 0.3464333628012555
239.7865273476679 0.2197548231127744
1.0057498673265217 1.2193853252714975
1.0086764572927303 0.9704653295820651
1.00813151498637 1.0135246763311785
1.0175590487131683 1.5953780074353028
1.0043109468305662 1.8865796482060972
1.000836879373877 1.9841349232041257
1.0136288563927351 0.7190304219642604
1.0152765903833614 0.9829249445895651
1.015986345609878 1.707999319388503
1.0234663743463899 2.1628477831534116
1.0061466698299943 2.334715088051924
1.005794101595629 1.2238753335828128
1.0207257908752652 1.6159466614942275
1.0156378495364355 2.0566361150507673
1.018364238697686 2.2780301477548734
1.005109892588079 1.7576549423659764
1.0054590830360035 1.984123667253638
1.0007407690830759 2.143597521141444
1.0222089866226287 2.0208402978034403
1.017605225701854 2.0857300079325487
1.0069870240649046 2.095038566301269
1.0031287409216547 0.9686994116591812
1.0087711472949397 0.8175220088247434
1.0141269411783485 0.9591124980267511
1.0124761214307163 1.4159400396257509
1.003589742386322 1.580972879627392
1.0071426910711698 0.5781582273621084
1.2129518463999363 1.0015767676295044
1.0273645070605006 1.5558690576397929
1.0088660689492017 1.805329584109996
1.0108125858796204 1.1986613744866719
1.0462645834303181 1.5394090208913032
1.0097952403437729 1.7671730809388129
1.0191389896261633 1.624924517436856
1.0610088293828586 1.7141740363430926
1.0111135774048223 1.7560088471224882
1.0114031467282056 0.7201887432813039
1.0066805414071602 0.651416043048133
1.0075563131275278 0.8539986084019981
1.0056518574442783 1.0704701088763415
1.0214258052593619 0.6169685362273972
1.0210056523266067 0.9425555335865398
1.0036019431546686 1.178213938258155
1.0195198088269768 1.0984427103075467
1.0115455061214205 1.2269289036720514
1.0000198500008615 1.3137520578570854
1.0047921016875665 0.586887115081511
1.0045434499128982 0.555343343638754
1.0082834062011887 0.7147993265158528
1.0038338599310652 0.7129353562241165
1.015065757046206 0.8153579553462815
1.003662183897795 0.9447030188845071
1.0073144743917721 0.5072671034951135
1.0058149346141454 0.5304459898696865
1.0068979496609392 0.6553000663544128
0.9974206765152146 0.45418679493148384
1.007287977256648 1.219382358805466
1.0045421044433456 1.132421533419028
1.0108311097435236 1.1618309579627215
1.0052681204468263 1.5529458751880756
1.007389136064521 1.7155088298606762
1.0051716264077588 0.9244669095043385
1.0159822324861898 1.2122361792217868
1.019674694957654 1.6444352858285052
1.0048492633095223 1.8650322711901568
1.0131205374792223 1.4150942134138962
1.0113635807154164 1.6818355561189209
1.0114244073319119 1.8724092652692486
1.010397461364966 1.7866421283171905
1.0225810731124554 1.8747136832032234
1.001850933087568 1.9249173446888415
1.007195610336075 1.132668412040361
1.0156430211950058 1.0613526275049043
1.007065526051927 1.2641282928636708
1.004180534983553 1.4825124272426553
1.011782857051914 1.0191853352080757
1.0225779318358517 1.355026598251134
1.0216708356716946 1.5929953186867767
1.010697418497417 1.5128832169782134
1.0328799530017534 1.640412743230136
1.0151652107619782 1.7253101746661148
1.0213658806068113 0.9684773082521955
1.0221195966145138 0.9315460020376756
1.0286216587157893 1.1199691436337722
1.0101093873587121 1.102498656669518
1.0042166435055646 1.226654179964892
1.0083351918815668 1.3604008580740337
1.008287849229937 0.8269585959812282
1.0023808705466895 0.8569454093171188
1.0155051628291054 0.999629597669788
0.9994659750303732 0.7210823268028901
1.0054184670615425 1.219603899917428
1.0123325390698659 1.1777563554533572
1.0041410646858928 1.300618797203083
1.014553692321362 1.4681337195719395
1.0104824264727406 1.1700223954803866
1.0159400755588508 1.3935342348023754
1.0085086115549622 1.5538896057978182
1.01565234699235 1.533470789394679
1.0088689121683352 1.6251419178608635
1.0047432013342892 1.7195666281580273
1.0071646663413523 1.1772472875234972
1.0226278735335028 1.1484207871431324
1.0059644030622026 1.306601030024849
1.0237005336468734 1.3018395695154192
1.0208024244239746 1.4050481922290086
1.00399187701284 1.537051294249329
1.0094121776193876 1.0792780925534389
1.0090639541038204 1.1072040673882255
1.0080297652676549 1.2522081328784935
1.003281770150767 0.9685920199217503
1.007946701168749 1.2196203283029117
1.005736243158949 1.1982255926058725
1.0049846931870388 1.3066778902361236
1.0053452774400775 1.3302408263376801
1.0099225295533087 1.3998623204746163
1.0059904938608157 1.5148391686988707
1.005939398723232 1.1952059974805749
1.0066162008392725 1.217746149464753
1.0098916145247523 1.3466153314523437
1.0046529877754597 1.1315666987073285
1.0040045993519378 1.2196375582608172
1.004043858224427 1.2356789491861506
1.0036820611252464 1.3460982918038487
1.0034759564384255 1.2038378567823425
271.54309291361466 1.2196484938229037
