1.0001474805737685 2.5978674534347013
1.0005877548137492 2.1387498575323614
1.0021766886430095 2.145336969900772
1.0004583494188013 2.157298108018215
1.0004393255531532 3.273380803998445
1.0004829279985326 3.7600936357299775
1.0531324560402862 2.956300558108703
1.0005980004782602 1.3589602056743377
1.0017442615617733 2.1632918373422685
1.001519030564427 2.4269739285913214
1.000823201103456 3.2105596947167223
1.0005204687981015 3.5872453508243787
1.001755659344446 3.443168482613915
1.0006000440756235 1.9314823300611177
1.0009129789691313 2.2863428353689415
1.0007810443825775 2.110541414255823
1.000940920892807 2.3048282964586275
1.0010688648760666 2.4778480462982557
1.002963610379309 2.4285707434834025
1.0024774145308946 2.3295473468834405
1.0009783264272103 3.009469167023991
1.001721691775522 3.1765050836048916
1.0003681700122362 1.9220087603853864
1.003313093325078 2.9098572073029874
1.0000983446361464 3.014639956431207
1.0013106436237276 1.9728654855395487
1.0003591599824486 2.2344325019749647
1.115404146927093 2.9311113601287584
1.0017856612643585 2.455561596380553
1.0024655020329942 1.9072328614067084
1.00414866346047 1.4262115617816589
1.0008683165530814 1.5581391716226944
1.0017328824273863 1.6386348070801247
1.0029002615526699 1.6946052064448929
1.0065081948743497 1.6545564693075618
1.0042606922511885 1.5797633185982893
1.0041029315690102 1.7983275609698066
1.000600984008635 1.9527699550212199
1.0054763309077936 2.037372964103789
1.0015345975503809 1.6340659869871734
1.0042896412133233 1.7069888542538085
1.0012353263169735 1.8472614561042788
1.0035075799193922 1.9846304668589547
1.0060177937533006 1.7243904494088942
1.0015583686446794 1.7645067130538181
1.0053699418730715 1.8510679152495093
1.0076493853847033 1.769935416286725
1.0011547973765424 1.796974696501366
1.0007296377846553 1.8016445087118123
1.0034242442841006 1.921185231287903
1.0022631658668844 1.5429549741096347
1.000369160225974 1.1777857487542844
1.0079485633211764 1.3171419841931646
1.0009266853300582 1.4249723579286049
1.0017635338141642 1.3325904381060436
1.003367101940932 1.2949306204418298
1.0057806385252719 1.4363720226485763
1.0012821072448066 1.5724368012590677
1.0072902054550428 1.4255983793833549
1.0070495015749896 1.4789931970173114
1.001638427378216 1.5832855038190123
1.0027501390053397 1.5535557731145277
1.0020448760188132 1.582772850313447
1.0006497087296218 1.6323356313971549
1.003080537665013 1.4280437975250657
1.0032128389206727 1.143110287908995
1.003100409588918 1.0703273940491413
1.000786300824243 1.1782507430312563
1.0042925129346238 1.1329461932674418
1.0089490557719216 1.1725070675597586
1.0029426113510582 1.2604779016133567
1.0031365862993447 1.304526851697373
1.0061657791410739 1.3315825448053795
1.0003913306574375 1.4311815638139795
1.0001855816748224 1.1001460188727261
1.0048055749694245 0.9519129821590046
1.000411362697797 1.0199627728687035
1.0057116659177567 1.0843077838251636
1.0043181510756645 1.1071533511004892
1.0000985237793516 1.2217199957714446
1.0007391706725632 0.9592883488246976
1.002217116762623 0.9422636133399372
1.0000892251729103 1.0538575017435163
16.633520425927983 0.9022851631017166
1.002828160741501 1.92838249773782
1.0047461448534574 1.6793880880800964
1.0071174002870655 1.7233019840062007
1.0031287521068666 2.3004206619881713
1.0049293090491145 2.5942078052454756
1.0033986225913707 2.6940680134391988
1.0013185646023863 1.4330508448719557
1.0047269361025486 1.6936810724657265
1.003887113606346 2.420759889661266
1.0024277142648692 2.8784799347709797
1.001461699873743 3.041547142618526
1.0027476188344528 1.9344887342521178
1.004537075339827 2.3251120725658456
1.001798390813144 2.7639520321972517
1.001060734936814 2.987671355988901
1.005181101380958 2.465678117637352
1.005433444154302 2.692304413138546
1.0047153959647688 2.851409520921645
1.0075682429336335 2.7275188618404345
1.0022386506384438 2.7971363521058796
1.0002795401413285 2.8045016710584383
1.0005520996215715 1.6827462524733794
1.0023198530600423 1.5271046205193763
1.0011873279502328 1.6817385519298982
1.001918376447181 2.1272170073475953
1.0063998198115867 2.291695339735003
1.0010457817666982 1.2844396315079218
1.0069697055021796 1.6835088974994838
1.0071679356482748 2.264946120505184
1.0098807698686574 2.5109892593180696
1.0118712117193238 1.93741514418885
1.0076278847480462 2.2228844827698566
1.008357491876056 2.478103675886858
1.0071915605271606 2.32752381182355
1.0151151421804174 2.438643385342024
1.0029220292173049 2.465074604744125
1.0016597400226182 1.436766696123597
1.0097589280768138 1.3608419624676649
1.0058781945727935 1.5627812557092269
1.0056282973902075 1.7821139649474604
1.0112476001161552 1.3220967996129254
1.0100329115932114 1.651014037097601
1.0024006227919031 1.8941587762341068
1.0029259947400448 1.814052982081011
1.0084338223276441 1.9386547932681277
1.0032097172134211 2.0252539731364774
1.0116828052245848 1.3022312882617948
1.0072748660606137 1.2665373045476003
1.0057743050673982 1.4261847810940316
1.0132405471552206 1.4270804172734104
1.0110126439634903 1.5341513638751954
1.0005487069655101 1.654121925020718
1.0007267080584143 1.2155130006183807
1.0037019839154042 1.2396047558228216
1.0072604515458046 1.366968105194165
1.0004900129687384 1.1649365692986304
1.0084284855357986 1.9268844139657193
1.0069620973198254 1.8402886618104177
1.0042728249725057 1.8707949131262824
1.0061209084023255 2.258468109983734
1.0005157600367165 2.4136807241571425
1.0041361044952946 1.633420347753812
1.0089717597598666 1.9170749581510342
1.005521727466945 2.3550099839120016
1.0016837721164014 2.5738075063357244
1.0008460092275326 2.1359473463541576
1.0046551751189312 2.4052604982914945
1.0036136056597516 2.5842815835367325
1.0011868295899122 2.4942441423384336
1.0125195727897387 2.587488741492635
1.0048152536205952 2.634679177414359
1.0026834246755099 1.8403663914437947
1.0176872775293846 1.7730205820552078
1.0105511724371612 1.9714857946731956
1.0058331884126666 2.2016084308799346
1.0031876815550467 1.7328720958845711
1.0219166036984761 2.073511412659963
1.0080248664608014 2.300786614847315
1.00369695099099 2.221188411419683
1.005765315111717 2.346733661334326
1.0039671227626052 2.435391003871102
1.0031980917547194 1.679214696836194
1.008921879359024 1.6409738807503524
1.0063108018570932 1.8319960440875824
1.0048072011820424 1.8079563499725475
1.006003648725906 1.935768463981618
1.001253540738635 2.068743272665454
1.0009760818922286 1.5501852923129098
1.0043716087991656 1.5672938341564056
1.015857645258647 1.7144779212279544
1.0021105293988732 1.4329264794398289
1.004836888357235 1.927825264215276
1.0003170262666776 1.8929064855158158
1.0064414107161186 2.009266760498468
1.0019574994259959 2.1775697900499793
1.005556375460914 1.8741335960460703
1.004966808435324 2.1013358096729866
1.0030674695264343 2.260424834315839
0.9996871001848556 2.244523319155564
1.0007002116762163 2.334067488997058
1.0016657183414037 2.4275191836006575
1.0025832551855318 1.8873259558278406
1.0133326385698114 1.8558111921026215
1.0006867399380925 2.016033456097351
1.0159225710104356 2.0115467079339577
1.003875998849003 2.121184129658138
1.009516514809857 2.246216610499599
1.0014030489704198 1.789525620022737
1.0115125192364132 1.8196732142128194
1.0024569207220704 1.958124596731753
1.0012045897407114 1.683100016421868
1.0008896066098425 1.9294397046955887
1.0047802407592943 1.911655654958837
1.0009004379290125 2.012471711092779
1.000033595501415 2.039673440148867
1.00272152003321 2.1097080016785923
1.0021558706917 2.2242530677052645
1.0018761925608857 1.902010984936691
1.0033574589295102 1.9270657361660986
1.0018287948795006 2.0537512925143413
1.0032178832665475 1.8411722335380238
1.001653242534813 1.9313086919062614
1.0008217038435119 1.9442093985814195
0.9993987506205494 2.05601601347635
1.0004196944676387 1.9133017861234254
2.554499435090344 1.920373844438168
