1.0366559005120963 0.7875636924695768
1.0003348162061418 1.6623298057294438
1.0000628364061994 0.8257152252816813
1.0056871965265086 1.6075791714430712
1.0036408377711505 2.569939401149306
1.0001673138043525 2.7118627973253013
8.542152399729835 2.5032052005595693
1.0026280728792212 1.0755504405859464
1.003303905025203 1.2435422194797687
1.0062326602906253 1.714672492656959
1.0079801790214176 1.8531331030616265
1.0102469910961918 1.9714961425638595
1.0073645624996854 2.720330179725637
1.0008533695462682 1.168491574209523
1.0066330337521876 1.302177000173975
1.0038435439685518 1.4395147126201744
1.0124530531657039 1.6116892200009145
1.0009765905340033 2.7158431044355975
1.001602840315563 1.5658033595410858
1.0030844881123824 1.9618282277072252
1.0018015846377462 2.300682126435024
1.0037806943626062 2.4699904978504863
1.0039711635855544 1.7649130655363705
1.007754303465676 2.1968821753343013
1.0013480783273179 2.3048324833669853
1.0006562471048983 2.187645645588619
1.003829773319786 2.2340195337042648
38.89405457453179 1.942047398687127
1.0133030515049675 1.7425709531661815
1.0017127943347717 1.1962934450400184
1.0069646501782246 0.7180288959750123
1.0115125456361391 0.8495032390020012
1.001327814662113 0.9322138613310579
1.0009088688043688 0.9847998648124545
1.0020341452137136 0.9463911997042737
1.005676170422157 0.8734266182503612
1.0059829622790437 1.089690495657885
1.014303367425422 1.2370133252533246
1.005605677139758 1.3363318028943123
1.0046917410895762 0.9238057579856345
1.011526972223719 0.9910140363558455
1.0022049068238534 1.1411987956780034
1.0042973562209254 1.2767230814382247
1.0044001934863616 1.0144724981107638
1.0170319698362829 1.0528265787414175
1.0073285663169464 1.1488380910821383
1.0023720922974455 1.063624216003892
1.0028994637623792 1.0879510151232679
1.005369156095718 1.095048844858979
1.0011333485531326 1.212494730927895
1.0062378445587004 0.832202608606736
1.005218630336233 0.47055884584386276
1.0034405363825385 0.6103089302548017
1.0133921516182796 0.7191359117419055
1.002593454686205 0.6246951444829196
1.012150352157483 0.582404762342118
1.0140246632909515 0.7265689257664801
1.005917444355277 0.8670771623252159
1.0077919473226034 0.7199525114126905
1.009724683505876 0.7665443116853381
1.012932232371496 0.8743541366340101
1.0061739544238937 0.8450220965912478
1.0043587543542358 0.874924160214886
1.0006790459058534 0.9246940209107641
1.0010502080809385 0.7193612058680667
1.0022682022696685 0.4355052473037386
1.010519243488542 0.3609182820673718
1.002409920867024 0.46967938135187504
1.0023064027186979 0.4246084949069711
1.0099105200779697 0.4611780100722225
1.0041621187425394 0.5539037111327975
1.0037334548803367 0.5941325784756148
1.0093910087554447 0.6243081285720524
1.0017735065405142 0.7203629390647183
1.007215210302492 0.3926786234191622
1.0051127232491093 0.24354335565025098
1.0037433972026908 0.3077937122844968
1.0047924663036654 0.37530335030506023
1.005499057986648 0.39892355446940697
1.0049126988693944 0.5146947543733646
1.001165885738841 0.2510247782396251
1.0026136077083925 0.2360312543052223
1.0020968075967118 0.3458659920292713
30.350762269765855 0.2197217270550223
1.0027652643111076 1.2196808001737105
1.0021462301522195 0.969139114091356
1.0057599858877295 1.0182261976790996
1.0061133633577153 1.5964167165443357
1.0044275812194572 1.8871691091151581
1.003140666704631 1.9848601814462312
1.005303616093975 0.7188252709733065
1.0038236499033135 0.9851358333722741
1.0098742538527885 1.712430170698893
1.0103149329447718 2.1693825716007646
1.0010836152716363 2.3338225579580767
1.0019776725619383 1.2233900825609547
1.0045994899917838 1.6174131887419483
1.0121265785651528 2.0542534155026906
1.0042968619618773 2.2763716985849465
1.0071480168891345 1.7590372986800746
1.0149522890333385 1.9813995354727374
1.0059194955932869 2.1442758295943944
1.006845022088766 2.0187046586868918
1.004024708942379 2.086589617364515
1.0045231127316938 2.0946792991709042
1.0015263350323103 0.9700713137508584
1.023820918038302 0.8116265907283293
1.0046233754024718 0.9614166341285733
1.0083203839476955 1.4202565763524726
1.005082150843357 1.58430644098501
1.027699985726961 0.5678440955393007
1.0167030468418279 0.9673604345262454
1.0236340749185202 1.5485732864267874
1.0172512790212378 1.8023661014340622
1.0160961206915167 1.197450677104589
1.0205737113920066 1.5330063584859388
1.0077891004583401 1.7696523169681888
1.0108181667339877 1.6217222811894076
1.0049957211957858 1.7232712513340451
1.0023265374467407 1.7532980720241673
1.014794465846498 0.7267889932735281
1.0051649496717894 0.65030892895898
1.0056435657279306 0.8560607876020675
1.0023273082622566 1.073516782756285
1.0110767528262472 0.6081951071587715
1.014844317112668 0.9421849622725336
1.0080305675548775 1.1800380052638353
1.0325635360827792 1.1051495436874088
1.0065786245024646 1.2298869051152619
1.0032841655168778 1.3149301157335076
1.0019987397769166 0.5871773117788637
1.0080139761874867 0.5571834148485302
1.003817531875199 0.7158639742167616
1.0129919764424888 0.7122873856442908
1.0142585992320368 0.8177127222020901
1.0063990365044455 0.9457665344566462
1.0069487101445231 0.5076737916416127
1.009526676633766 0.5311433530415424
1.0048454052230082 0.6600999872979258
1.0016854427311084 0.455614331516637
1.0048377884515785 1.2191011282110074
1.004616065414582 1.1321524434653585
1.0066460526116323 1.1640649296277241
1.001957092951082 1.5523374010172044
1.0013092758358833 1.7165564457136075
1.0037556792774656 0.925111652740237
1.0047490480086003 1.2078929022672638
1.0096975539860547 1.6458298144905172
1.0061318641637744 1.8641608367510307
1.004720865110122 1.4120490379481914
1.0112598414380367 1.6841731727784903
1.0066247438297584 1.8727098932401476
1.0049304824182106 1.7864188059925372
1.003242349081993 1.875570817796107
1.0014521676799586 1.9243636645892237
1.0044884008987818 1.1321495966197603
1.013851531281408 1.0596539489996222
1.0148417344577647 1.264135288576339
1.0037938767740777 1.4843062365163358
1.0057436677477782 1.0215066948121883
1.0551638386077848 1.3531700313240858
1.0085912423307328 1.5894909911010215
1.0097669352330418 1.512683112629528
1.0019420652031585 1.639361586917174
1.009617629095554 1.7267107139335673
1.0023614573340665 0.9698989347405769
1.0112041652440014 0.9325137197653393
1.0036574522992234 1.1239571311564092
1.0035858072426518 1.1022271745214016
1.0036992739073134 1.22802263354816
1.0069201927275109 1.360477924238387
1.004381772078318 0.8283511647106732
1.0043413353532615 0.8588257726285718
1.002612212762708 1.0012256338861454
1.0035091370522007 0.7225475368124035
1.001250836473383 1.2196778061718485
1.0013091710400885 1.17778207936037
1.0086978246435934 1.3017199472461738
1.0033331690721048 1.470234457032053
1.0024222680546129 1.1673158739349463
1.0110961883287608 1.393445088076152
1.008723453697673 1.5528356134312618
1.0136089949274851 1.535904257117879
1.0122440892169926 1.6223535489750969
1.0056153194262172 1.7205327222416575
1.0251455586643987 1.1786539828193423
1.0025015483456485 1.1464768530468463
1.0050179845504195 1.3071330689756093
1.003843833673832 1.3036293264819254
1.0119948011676485 1.407931445816732
1.0100576468822244 1.538129275671971
1.0055127071098866 1.0799498094517124
1.0292922456391773 1.1064386063900176
1.0039968414119964 1.2524241877282818
1.0013165306440075 0.969969780877856
1.00426389170337 1.2196956412919824
1.0020170518381295 1.1980972934387997
1.0034268805682793 1.3065766660016842
1.0023054240375968 1.329990255289602
1.0041296225276064 1.3990733532057222
1.0007547553979304 1.5149640120323027
1.009819476566077 1.1953518410341888
1.005123992380695 1.2181677731535663
1.0008771486483077 1.346954819919206
1.0052114836996267 1.1323177589740459
1.0056287501922374 1.2196413394120569
1.0010606474614605 1.2355309604007432
1.004290043480861 1.3459423509166182
1.0051620129937902 1.2038932924725683
176.4597079405152 1.219812315899234
