177290.02705787477 0.932047897381141
1.8124514110527001 0.8525606261225274
2.1300663004515843 1.1011588656652405
2.43118080505264 1.400271576511534
2.728341221440349 1.7901391323459572
347802.5781107235 1.7436387441654901
1.8330208336308171 0.8165343394309683
2.1743096930918195 1.071720157478138
2.7227727960494668 1.6827498098066953
3.0774119458971247 1.9588368710483768
3.2907130732079755 2.245114033681909
3.278566808148434 2.143605469953174
2.1859755810470585 1.2181346843835175
2.439575698322534 1.4828314448579158
2.7865199150131805 1.8080973203243627
3.0742199218611104 2.069953078859821
3.1823013891081 2.171357766090967
2.45340207027899 1.470442245687444
2.641437675302492 1.672364617923002
2.8414450300549903 1.8701120373253122
2.97655961687496 2.012862207421568
2.663922756269826 1.699579848897807
2.7742713114414586 1.7766634334538054
2.825758727175035 1.8647269192657179
2.7249137508960235 1.7685463437352817
2.7657162610244153 1.80413141623951
345931.33442928054 1.7199254378468027
2.56773477588597 1.3610246539499382
2.132208102799142 0.8688647206847817
2.0009694144060313 0.9394262140645929
2.269666426946961 1.2852724890508425
2.44519957584893 1.4654986959672558
2.5253197961028966 1.50640854088077
2.058863104673214 0.8070622652238033
2.1358789611430504 0.9897971571106317
2.41030492857411 1.356980186743776
2.6874967283425955 1.6284139031064946
2.789055083071716 1.718218345611294
2.1807755657512446 1.1144296790253334
2.3420136399601157 1.3074164062307547
2.6367463067828933 1.610245840164271
2.780879863297111 1.791098795689141
2.4489244764169653 1.4035146632918178
2.5455482014717896 1.550854315189385
2.6654520852039503 1.6821020952039134
2.580679546020895 1.615833763271592
2.608146487071295 1.6235528447998435
2.6137801863752976 1.6422092743079209
2.509664054801693 1.40590659074067
2.230303092557066 1.116714310423675
1.943700248443998 0.9429163062853942
2.141346776858881 1.1303020794848815
2.248635741705067 1.2363308068836585
2.051831331716631 1.0149468330188176
2.1135399330976323 1.0955654786614055
2.2369785572120144 1.218924369383214
2.3794142042617565 1.3794372423957382
2.2076519836866715 1.1472330520013054
2.290724921107402 1.3200467855956362
2.3971701335563704 1.394809007224322
2.3486900122885017 1.358598116951101
2.4248263990391625 1.4676460172937733
2.495146922544847 1.5528094080871602
2.18409083763481 1.1775212054969377
1.966951853873709 0.9862029753681523
1.9054191979288424 0.8813240153885339
2.0127261775722367 1.0239047654190454
1.9270720361855296 0.9251770802217183
1.9882097481367906 0.9967251538275014
2.0892547020715773 1.0968770659724667
2.124285878347955 1.1044225276220152
2.162086700324712 1.1745320092085139
2.2416094274287666 1.226719958180288
1.9265724085213467 0.95293830997617
1.7825014502475285 0.7827137972784879
1.8600190535462149 0.866682999899203
1.909585474673817 0.9204624546560938
1.948572997832327 0.9403836500281411
2.0561108325478017 1.0514647868702154
1.7957097305414182 0.797170584359044
1.7883053055477942 0.8024977866035831
1.9868808034590553 0.8955035704187532
147146.0147394361 0.739269988366383
2.4933350531982508 1.3523735948042388
2.262798872205985 1.1561450951062302
2.4255292896520304 1.4199928141664575
3.0428346859647544 2.052169331496492
3.3847064799427393 2.4521302478691465
3.4785061280121496 2.5085371316967477
2.171772094046071 1.1836922908436114
2.3649285284271135 1.334301215322174
3.088762556438618 2.0615738799737366
3.585575412244051 2.591291061728785
3.7284856275515885 2.6911475214839915
2.6310759009609717 1.6174870776129582
3.050117470211645 2.074556533712095
3.5362399022857574 2.6108661152619597
3.756201577672934 2.8243240461678925
3.2080720891695247 2.249733717580485
3.4616331003140512 2.5125522615829414
3.6270611391622714 2.6615932234865247
3.508074937119403 2.5676546404030858
3.5825114369171613 2.6611178213944666
3.5996204846712123 2.683192751407165
2.340745708253363 1.2284939931096124
2.234064972970386 1.234522392136929
2.400400795860201 1.3150573883599712
2.8607523602449305 1.780096412160308
2.990625846005858 1.871462008740557
2.0295347696342665 1.0038448784100318
2.4015157281591044 1.3714449240907185
3.005090300934272 2.0328865554213422
3.2779108211967807 2.190142102853824
2.6289481630793707 1.6535081207898654
2.9813808619745634 1.9727971968616622
3.216552891983616 2.1849835704333076
3.0525462450907925 1.9754102067800963
3.191649678530489 2.1855331135051697
3.1398945998539993 2.010860931264822
2.1920156562440267 1.2071186155746099
2.1462896501519872 1.1510754280113669
2.3693491274880687 1.3896788289713804
2.6021254402362533 1.619778099870606
2.0745740318838113 1.026613119785598
2.430334707151219 1.4188712124675324
2.6704073642738733 1.6769816609423946
2.5846802355548952 1.5934094781182067
2.712934740148979 1.6906755918375531
2.791398871840153 1.80341079281109
2.1059859019202856 1.1060130763880698
2.07620839728792 1.0836439536896494
2.2270565010684233 1.1840608420448668
2.239450333647854 1.2489037158202245
2.3353827412303745 1.3257750175443008
2.4542177741840057 1.4547383453404783
2.088946483596808 0.9722571381184144
2.059910966788717 1.0500560182389318
2.1769577389631602 1.1483838230860166
1.9803918668422873 0.9653138471234013
2.667501373528496 1.7059858894445217
2.6169428252730347 1.5848493050939276
2.6200286332206764 1.6106692388777042
3.0379878877474393 2.065287716717731
3.213235896302365 2.2301951527746535
2.4072301603497204 1.4511465833725805
2.6525000077898264 1.6599820195893558
3.1194709333075625 2.1566861259102725
3.332574957016347 2.3429767217767106
2.863443491383455 1.8977713670096583
3.1651591256901423 2.207037930060812
3.3512742092157692 2.3900995067528683
3.2645220311774854 2.290760459982072
3.362466918278397 2.4179896985478586
3.4164313499894465 2.4703357563419766
2.601598836613798 1.6529311429982099
2.5519368554650423 1.5961891382692124
2.763414654760046 1.8063834722416021
2.9824961136735713 2.017332999085048
2.4740053973371974 1.492883048335742
2.8302980852633515 1.8721346944020127
3.081756213441189 2.12628628018498
3.015384688342111 2.057499454864117
3.1259313264089528 2.1663490865032364
3.21404932535784 2.270026995763602
2.4841165517990027 1.5064782227018805
2.452122556408528 1.484066470598966
2.6362209139613633 1.6635764649409919
2.613786303129042 1.6406107314533416
2.765959336060197 1.8082689741666509
2.883995945142962 1.9047923758714247
2.3426120525823606 1.359290231365721
2.3872518443948016 1.4014530455077416
2.5165952560671765 1.5436355903820553
2.249115724202051 1.26038306420977
2.697112824124085 1.7647818255586525
2.7248642728939423 1.8244339507688645
2.8028824224751356 1.8540074336666967
2.966367571864053 1.977645280308412
2.625358681853644 1.6334054953728696
2.873228097312954 1.9018481958354687
3.037038280269173 2.095968717673677
3.0120081462324566 2.05580271314921
3.106729810458671 2.157152350581347
3.2033296654304273 2.258471721408432
2.678340244571609 1.7231511190867972
2.654079200329442 1.7229559530021041
2.8055801306204367 1.8411460267732824
2.7926521046121664 1.8617423614335706
2.895050822214424 1.9418563927871288
3.0260489731373745 2.0862889937986298
2.5842875206930933 1.5720322409084793
2.6391713015731764 1.6941912408449433
2.7517922586951036 1.7788662166052536
2.4903174381562625 1.5090466533865898
2.7037522675645733 1.7608479849455918
2.7013431994370034 1.7615458363015306
2.8038070716258656 1.857879112533736
2.8120018811213696 1.873397666069752
2.8881836808379826 1.9462281246244748
2.9988451302487533 2.038588833490373
2.6892680967197133 1.7329923690297442
2.720319695617439 1.7779807437794308
2.8403397294436443 1.9134428412544673
2.6341718309760167 1.6589436929659511
2.70580833095019 1.7508053497405847
2.737412047796173 1.80119980959227
2.828118137457305 1.8716010378219723
2.7057909280983243 1.7768009393329764
341558.3021144468 1.734101420402753
2.527513800535365 1.5086661528671965
