4.870155840039573E-5 0.6982836697811013
6.89777942610383E-5 0.6982525294379526
7.622676263320344E-5 0.6982745158656762
5.5759044083770216E-5 0.6982950635182171
1.5169490146206706E-4 0.6982936140095468
5.227754071986191E-5 0.6982823495232998
4.8411146700885E-5 0.6982872067640965
6.876298263351929E-5 0.6982692251257168
4.8946717581847765E-5 0.6982696005660959
7.025320566928632E-5 0.6982741711474583
8.691947120436655E-5 0.6982858539559061
4.9932670212762244E-5 0.6982641817426046
5.4720451089941894E-5 0.6982696812160305
4.8080381136134E-5 0.6982863529946435
5.090867030639134E-5 0.6982837794443794
4.1370883201992923E-5 0.6982734954772548
5.345363139980961E-5 0.698291838088485
1.0903535138330906E-4 0.6982576040967706
4.255048006380431E-5 0.698280357750954
6.361558928308077E-5 0.6982982006629043
