109838.00408914678 0.6261668854712532
1.3375870612731164 0.39814980912015874
1.4016492932464402 0.4907385053493513
1.3206437433370883 0.36771379936825693
1.39296567998655 0.471827577832827
1.431220159574786 0.5103965583139823
107618.96560855964 0.6006442522448596
1.3345515378385358 0.4366356823523293
2.23523247816175 1.4675978702699184
2.231298925347064 1.4343811484455404
2.26176412804851 1.4763353058466868
2.326556421063725 1.5455871928448535
2.36548685436612 1.567621175296083
1.3372966519831915 0.4445084626230578
2.2009582579519353 1.4222725107584109
2.2382503997276646 1.4803824607245144
2.2566625637584172 1.4417712665896467
2.3464903614840726 1.5605307449711832
1.3411319744204115 0.4395234993559062
2.201195514314956 1.3950594406283874
2.2687152902537675 1.522226128101169
2.3213708698847055 1.561040876775476
1.393070980673533 0.518100602008424
2.1758963463324843 1.4008134475484404
2.275147252795948 1.5265702401621701
1.377121403663917 0.49408681173441993
2.2518179050207747 1.4879386974026716
92867.2378598671 0.5193774791006769
2.262652115896546 1.4559744661054153
2.2101372918695725 1.4476798823919361
2.215931222516668 1.405754304821377
2.2591245797796624 1.431181215040074
2.2837997157020125 1.4330822188534658
2.261387437742195 1.3601757393747733
2.199550175956251 1.3896944914782712
3.116385072513814 2.52801270863109
3.195111014818574 2.582183949247826
3.1344413816573202 2.454528588207962
3.1515856847978236 2.442617200256924
2.2742007795751307 1.4913415528758618
3.0561586892631105 2.423224702789648
3.1125324256751674 2.4426550282329904
3.1199759198740282 2.415588092357237
2.240798774185062 1.4931203809796518
3.0535744253907304 2.447462506046053
3.07283671401324 2.4221758118251224
2.2121662594694755 1.4198783858641577
3.0576384026012122 2.460458368246007
2.163995429666958 1.3448316335541144
2.2562117187481094 1.4692570579812503
2.249151991741589 1.433007586925985
2.427277837792264 1.6819948305338999
2.2683309496558057 1.4132710923717922
2.2566940785176666 1.4221999301244577
2.2363280031206196 1.4213505653982839
3.1159575301250895 2.405729261557952
3.1679261688087106 2.449198767256487
3.167472835200994 2.4565124344694858
2.25352415752823 1.4871739710972394
3.1220995499330937 2.4339980378235424
3.1256392557689505 2.4188929121505205
2.2675876583701173 1.4641033610300282
3.0738570008188937 2.4235103407862115
2.185850029282416 1.294804539410634
2.443256830121509 1.5252803851325036
2.359995292835595 1.4208780798911707
2.314805820550042 1.462874715593127
2.331406266712634 1.5196169655436884
2.2474542707841345 1.3508237378908672
3.1593222441947564 2.3805843808549283
3.1832509502032953 2.440045161483745
2.256276253090285 1.3999575350260143
3.145361813810384 2.4032848575093047
2.2533610361293155 1.4367567973838675
2.3135342131568324 1.4373016669607523
2.348216754929209 1.3669707618028415
2.2728106799114176 1.338146519317903
2.33605438021094 1.3777010265104894
3.202214818684652 2.344081388487706
2.2657354030760155 1.3442424602716336
2.2761632672452423 1.3084497831399937
2.284612235218318 1.341181884608396
2.3023435926094713 1.4166297744203646
64560.00220524835 0.34156540150023107
1.447669416609336 0.47955443849565627
1.4573753419110824 0.5342420078881114
1.3560293183177987 0.4383330270374369
1.4241665342876708 0.5130979597553775
1.4448664645740779 0.48539320156569754
1.4848961908075116 0.5672080453755742
1.318447004079888 0.403498953106315
2.216254564745343 1.4267893686760071
2.234543318344199 1.4349965543402448
2.2825950116432137 1.4719424612432739
2.345593505753671 1.5011341228136605
1.3204899514308053 0.216443899870213
2.2344277250435276 1.4698160180874926
2.290833231621021 1.512889401208489
2.3441043927594523 1.5555312770488583
1.4520279011821549 0.5818717252553821
2.2619212343955364 1.498953334526164
2.287939228395697 1.4902329187486938
1.3844221601346225 0.4373806531547501
2.318399020185615 1.4838619913120559
1.4603242871238895 0.5370663274174498
3.0258770750192463 2.3982584930466815
2.2719316937273115 1.5070250849761524
2.2765849762317205 1.4493452227467962
2.2891287873802977 1.4733181062441352
2.2592485353143017 1.4447465666591397
2.246715306048003 1.4728429699449093
3.1089340772836804 2.4053466872491613
3.151422254017251 2.4699496167100055
3.2287238732633137 2.514068537290713
2.2108449859275776 1.4375311485836337
3.07902076262971 2.423932461645147
3.1100989828406798 2.43109576234017
2.1735996103720296 1.348590161626924
3.07201307885533 2.4833634733790806
2.2341743504052163 1.4203471895641817
2.284460965581399 1.4899928104509172
2.240785473462471 1.3249271754960392
2.298554305944432 1.459049686181733
2.3698503989133384 1.5445483868979437
2.2662626421141523 1.4562938918018529
3.1712803596898502 2.367792500490213
3.175085814262561 2.4819751485341657
2.273992792159958 1.4535922495866107
3.1289037111763656 2.4341617180457122
2.239259322077331 1.4032288321699753
2.3465786177194485 1.4286329935784936
2.3601724426022366 1.4569766464558669
2.365273560716584 1.5409602438632142
2.3217165049054516 1.4267713641323667
3.1899741960091497 2.362049070378288
2.3051466766781834 1.4302869900973874
2.3608047200733755 1.5094247160145122
2.302999452628685 1.3844782389609986
2.3034835340256086 1.4231928332135604
1.4243568717899784 0.44613394601708806
1.3938902154295123 0.4523025558901412
1.3581801635605166 0.3674174412436032
1.3852964239425365 0.4186285063404298
1.4586325249576872 0.44770730977679113
1.4870707055894106 0.49039247290360843
1.3468858119712392 0.3745880225868776
2.286267882887472 1.4606412350051436
2.2924821850589012 1.445764663873516
2.3301325316577532 1.4658713775257624
1.4602817890963964 0.5477878915573324
2.263717255543103 1.4376768510533657
2.345818292899257 1.5112088348583235
1.3598380902657237 0.36579483572554083
2.37494899828801 1.5079444224572214
1.4525781393752646 0.5372420358565972
2.2641353159962434 1.4364375296399137
2.3092704025597275 1.4517244152239661
2.3046594455238028 1.3828309767176277
2.255739215177866 1.3459719177311407
2.2507736646040497 1.4249603609972608
3.163604805527596 2.391128805436752
3.1585401461094884 2.421399801189485
2.2722293651735037 1.4739759912421766
3.1196738765305865 2.395097814768
2.2087210904600996 1.3683041805878338
2.319908686155011 1.3865621239118473
2.3365187934203613 1.4082981414023275
2.295232382424709 1.425246518959761
2.2968373140091423 1.4040973562303924
3.191802902093273 2.386787522118327
2.299525208258851 1.3897229137412288
2.322645934638496 1.4502732641006135
2.3198527182999316 1.3972556970632486
2.290313426659539 1.365628599030229
1.4230405020420387 0.440537242275601
1.54610522376174 0.5531918898201345
1.4296838201457953 0.42078244995272623
1.4631823900293721 0.49575418631607016
1.5493797669365796 0.5181390568628017
1.4007759381444977 0.4374099116150443
2.3220050191433064 1.4335555679068999
2.502707506639305 1.5041970780397782
1.4260501805289856 0.4410168063535807
1.4749384387279028 0.4644908133438621
2.371733328051545 1.5070394268270224
2.307840279149559 1.4244523823598936
2.308032112186585 1.4378873577053115
2.27651175250955 1.361549425320979
3.1844747256350154 2.3967323632262336
2.272405327446755 1.3098389147572154
2.360797611990172 1.4417506693463498
2.2961569229829086 1.3340071004870713
2.2827190337000127 1.323204362127861
1.4575203635965712 0.44876302256809664
1.487729256162292 0.37643808167490844
1.441163822382576 0.43424959815796743
1.519338996201903 0.44974297235959176
1.459042660201138 0.46913751737758536
2.44392677955942 1.5359672479823543
1.512569995108307 0.540733075226855
2.296498529925368 1.3714512224013036
2.2844560101953526 1.3598590554558545
2.2820209577939723 1.3373284446371325
1.4949685664271606 0.43108935749661936
1.4389736953104846 0.4269923063385364
1.4646700668813541 0.4305741519553213
1.5762114920510455 0.5395480781142115
1.4431705551841574 0.4366565498423619
260432.34726296482 1.404022206711255
2.276217982492892 1.3114413190287257
