1.0000002349606758 0.7804725264651388
1.0026286062067689 2.0599973876197497
1.0037650573033732 2.5038568417379836
1.0027114457728632 1.5446443658636642
1.0009613131780526 1.6295437215972965
1.0000468614610871 2.7107182093755777
1.000414279321907 2.296809724649736
1.0026746471140398 1.5321059312506597
1.0030329419750215 2.7205215133399925
1.0039748195580047 2.1468159693809508
1.0009198271576512 2.6698158134013457
1.0137567804983145 1.8291057404856725
1.005088666018276 2.9182888366455697
1.0017341189421296 1.4803580797613503
1.0005477527679734 1.737764299372357
1.0045035220969292 2.712816965847059
1.000763524077969 2.7110555858304455
1.0006515517180266 2.72724148613682
1.0015275820067377 1.5359341919791283
1.0015878254812165 2.6748410530731075
1.000503265387715 2.7107623160110697
1.0001483620386082 2.7343331185542343
1.0006846106957568 1.806151541982344
1.0004982769767925 2.451869275477996
1.0008367030430212 3.691973628208634
1.0001627481547828 1.7413057963336587
1.0003135635259404 2.7081284142143294
1.0003480660180761 1.8501855600167296
1.0042571301790484 2.3608017834559134
1.0008742223823515 2.548110871579213
1.0007731101312836 2.0752911506150795
1.003697149120327 1.782336459991647
1.0000979072615155 1.7632160663014185
1.0000222494285778 1.8246747786570945
1.0029793735323749 1.7408347203565615
1.0026003922921987 2.712201253091815
1.0037087020719997 2.721061534367383
1.0150071450738587 2.7242168700198865
1.0002063539368453 2.72640233606951
1.0184417703757176 1.737496965804855
1.003595201147401 2.7081715494269423
1.0009252045906967 2.7196350691578326
1.0022882338958514 2.723827381935146
1.002867562339808 2.2640721652948326
1.0043735575751422 2.703958837041484
1.0015074555251455 2.715685325051696
1.0016336403648614 1.7936319505235065
1.0008264676341185 2.698915620964306
1.0015552899016047 1.8118675946518188
1.0006696981937593 1.9866130574112637
1.0013321054932365 1.9980097487305128
1.003297727464202 1.9145863276365631
1.000317836062081 1.8093992817834423
1.0002453167585337 1.7708974599802434
1.0043751726839552 2.2445294871734953
1.0032072101119438 2.7034388124927826
1.001323123151552 2.710311147766131
1.006773272432586 2.7155005925873144
1.0023092449202327 2.4978766432198185
1.0038562941734357 2.699564327125918
1.0003475610126031 2.7128659210681048
1.0000657668564894 1.7348657710317084
1.0018153312289206 2.698495424094679
1.0004268898561361 2.379076287163815
1.0001814576941817 2.002476159256631
1.0101911080854913 1.895664149622288
1.0026266719625858 1.8021687377644628
1.0003707377179705 1.8155944712063024
1.0028324560805586 1.836481613275708
1.0031127139074802 2.6905553246285763
1.0052578942058297 2.702817840288208
1.0018895188347514 1.7293247142236163
1.0023454243648962 2.6961803460110922
1.0000002864095336 1.825662348566497
1.0000273527475576 2.681872423789521
1.0006848053902788 1.721332259731375
1.0002742684981913 1.7672798738240207
1.0012920521743385 2.4612695285328146
1.0035224946465586 2.6855963473063476
1.0001194786673742 1.7598484989980507
1.0003986181367763 2.2456907922351386
1.0009622317615812 1.7275445159871476
1.0001475008857255 2.238684846142101
1.0004196506492604 1.3074112048434494
1.0010574517019635 2.262376934458768
1.0008671513646776 1.5466070598655495
1.0008843267621252 1.8585809786757554
1.0007278755760203 1.36442444158218
1.0000972178245144 1.3526303402468476
1.000020239569725 2.2898927770428403
1.000189124782981 1.6611741707593857
1.0025918703608299 1.7412272405655047
1.0037522177311877 2.3185417398367534
1.0135022255197774 1.7721449529522988
1.0003059405979942 3.312095616993904
1.00444489573571 1.4184048042474673
1.0030599201735781 1.8133721932400455
1.000947163778299 2.3277825234726683
1.0002585911863833 2.952880034076461
1.0010294032944322 1.9719302236093392
1.004381358033925 2.1848775396058038
1.001411252594306 3.03622982459218
1.000278517543396 0.9141490888669082
1.0017564928333385 2.966037143191207
1.0003533751048368 2.643521855918613
1.0004492772715787 2.3655051684424424
1.0008239891780228 1.7874043670596633
1.002501474497385 1.7450009611106219
1.0027227665682876 2.5438235497718424
1.0021974031060719 1.7382942492701394
1.0331694094644652 1.7826122593445968
1.027039960021482 2.763360779107148
1.0841282916213295 2.7048344921017877
1.0036754632754323 2.7166589886774797
1.0066310736861603 1.731468335632122
1.0074673086141315 2.6918398714789857
1.0134110786639805 2.7030339434173167
1.0018558404667495 1.7571965899568913
1.0169997665758959 2.6848231805006866
1.0004049657955068 1.73234730010619
1.0043757843579357 2.5165250271961708
1.0051172966953017 1.756568648929549
1.0023110966546516 1.7530780853608627
1.0008916916171575 1.7612058236350638
1.0012552102689503 1.7376997888565666
1.0057273796202841 2.690140210740628
1.0006862323538943 2.7057593035384664
1.006340062444142 1.7246271525063839
1.0017932469545627 2.704713009274763
1.0012812073929647 2.267001676090876
1.0004508314969187 2.6131289887299
1.0016211495594376 1.9833824330977063
1.0020507826662657 1.8783425757271914
1.002799373466719 1.7771803078001946
1.0088795341270298 2.6834674040676254
1.004229934147589 1.7231168356606812
1.0006569628327728 2.601848213777698
1.003279857950345 2.593278122849796
1.0022771654697091 1.7702137518809993
1.0001527806061143 1.103410992659281
1.000669501608296 1.5191778177146351
1.0002255695978033 1.007272704677555
1.0017127295562225 1.4223755507117328
1.0003179696705173 1.2976490284702697
1.0002053913518558 2.690732922998289
1.0002882159639042 1.4783600005563824
1.0033438278586686 2.093002629386466
1.0012982278023261 1.7810016319376505
1.0002939925332033 2.757799994741377
1.0003255018994113 1.257969232007231
1.0013937514999494 1.9425448560037004
1.0002565528014942 2.129105976965512
1.0000647439844896 1.4782880107772636
1.0018150551078424 3.0233255065660742
1.0000496813948903 2.853339130011492
1.0003964007566173 2.2885748350481823
1.003526788914982 1.868965536419719
1.0032335937672767 2.6182364764336157
1.0030010706681665 1.741193331968394
1.00344182148127 1.7331397070717158
1.0188736120002295 2.6750687348392557
1.0042527546886948 2.7364385804695317
1.0024933111800147 1.706767636408809
1.010143453991139 2.7234042125150677
1.0018171476960025 1.7439187606268411
1.0031605423359042 1.8265732552410154
1.006015879401385 1.8749871058574112
1.0000698350362642 2.537555624147897
1.0025207865356653 1.7611577213385208
1.007054120801514 2.677040153769812
1.002258767815713 2.1418346310240928
1.0029636782620739 1.838545479710454
1.0015982305085056 1.8617077583179276
1.0019235585971393 2.266017199444965
1.0000327403267832 1.054168634143156
1.0004150281246007 1.9320145291807416
1.001969416777287 1.0263233898809698
1.0008899975371341 1.1355418466730358
1.000069630539218 2.529223931091185
1.000966211055982 0.8758651997289448
1.0014342476940967 2.1110384000883844
1.001111249004776 3.625838277153376
1.0009886329958686 0.8232004224388763
1.000922760041767 3.575661915517813
1.0000000033544725 2.2787343727420426
1.0041860020999696 2.4502885980469786
1.0075231921161047 1.8608417325256252
1.0001156783780358 1.864901857473434
1.0012014025222677 2.159409262971931
1.003804837267893 2.6962225853431305
1.0010992055675705 1.7846703779307982
1.0030716462164762 2.5589831876037197
1.0022812056491641 1.8816016870967323
1.001040809793411 2.3126606147712048
1.0000179222315149 1.1675610051538032
1.0000269995455566 1.6959410221230686
1.0003727070332553 1.006225255238415
1.0000628214441247 1.253926914868771
1.0012923304289663 0.8518375673819902
1.0010396071689478 2.982778052195867
1.0000971701333117 2.212617976595494
1.001834928416686 2.5732153544596743
1.001317868677521 1.942138959961981
1.000675789336711 1.7627279880200626
1.0000005566624457 0.8177227372447977
1.0000447453153878 1.5207321518894616
1.0003133095060603 3.163352915581991
1.0001352205611642 2.095039187572527
1.0000504039486455 0.9853782199353429
1.0 1.7764241998803905
