1.0000801244942503 1.476761392928688
1.0071493922892818 1.7307252121096928
1.0050240453240706 0.7617660197936675
1.0195449058178254 1.6119371910571025
1.0037927345327675 1.614314648317233
1.0048854422732736 2.123494907783628
1.2848316291099873 2.2093753458257828
1.01004726166595 0.6936921615522631
1.0028941793774695 1.2406072229662914
1.0161148871191865 1.8028558444564107
1.023804510159711 2.599640846907444
1.0029985643656711 2.0696288295845195
1.0085917012369163 2.733680071968079
1.0084994010025055 1.2286270452228505
1.0257440317246496 1.5968541880246918
1.0204382599771649 2.164021852499444
1.0123161098092839 2.553254944410221
1.0008375191549335 2.7162555438123315
1.008679562388228 1.2003846185027824
1.0079008043102093 1.8562697808675157
1.013015041429063 1.3334169515662
1.006490765564286 2.2418350350410816
1.0107430774674946 2.0457547429113294
1.0065018791555382 2.198353215820525
1.001546469464032 2.306560970951665
1.002464769266715 2.186812660517585
1.0007178817666793 2.228033779351791
58.689792981244736 2.2196147987536397
1.0040557675601345 1.7444274609223434
1.0127272572282122 1.1896875625230128
1.0124925675725696 0.7176840202025213
1.0239033871430525 0.8532282894676966
1.0047614317001243 0.9298792238289574
1.001509778298861 0.9844516272822474
1.0124139143373014 0.9411789433537319
1.020690135400125 0.8658629246599814
1.0163532172168295 1.0879395415605928
1.02318875221671 1.2284913836279423
1.008177079816835 1.335321218296016
1.01033863272758 0.9227750408164358
1.0083773346977831 0.9935026600215511
1.017359303397992 1.1324377879863006
1.0093859424772071 1.2803560211678027
1.0056882959513345 1.015014246523611
1.0081469861928978 1.0503887498502913
1.0303134562371865 1.148778483338777
1.0166119666235613 1.0650312020921624
1.0054267171543587 1.0868617194727126
1.008682249721561 1.102017922326717
1.0064145372795275 1.2089119423257049
1.006481102034215 0.834400859442308
1.0345986198472916 0.47234183621674725
1.0129688321116899 0.6046847012210492
1.0240746213765228 0.7212363558975319
1.0035689217009987 0.6235794593268642
1.016528987006666 0.5805274662272977
1.010693991013744 0.7305101294268772
1.0060035418664692 0.867548295233759
1.0219275139032757 0.7220221648804123
1.0176892806555948 0.7649033220156052
1.0040108879901994 0.8729917136911147
1.0213124735870043 0.8415810441320069
1.015469761522902 0.8729953159821945
1.0036975673816644 0.9257558323505428
1.0182418557770296 0.7137138329334418
1.0054187539533719 0.43572107934631954
1.0107324219595253 0.3584041600851323
1.0034402869199524 0.47042689418177275
1.0113585455542105 0.4233717259715871
1.0149153777655646 0.46058190825479806
1.0398390194913956 0.5596242872682541
1.0106723381853329 0.5915547427822261
1.0097314927933623 0.6231278213696049
1.0053099620697665 0.7200132748867887
1.0121189092507634 0.39124781228124517
1.0057150699635908 0.2433368153328575
1.0186611892415367 0.305907653183771
1.0151721303340042 0.3746641146935623
1.0117746392499185 0.4000693645685026
1.009366030638827 0.5149823751899969
1.0026427148275654 0.2508689313083866
1.0038155949211773 0.23558052319780165
1.0004921151230528 0.34540579825462014
455.3590682678735 0.22018894118599
1.001293207423276 1.2196089590819794
1.0133125180851605 0.9699226044361664
1.022951325854787 1.0177486770599526
1.0141362675447383 1.5944633700424247
1.0188157380773901 1.8888632231389018
1.0107287008415118 1.9829111097215004
1.0140724509786743 0.7222418604547876
1.0185801275130133 0.9891881986852566
1.010825214851067 1.7058856589499023
1.015770064196154 2.163084862256722
1.0083619345164838 2.331119396599701
1.0295198188560126 1.2309829844221736
1.0262653243691915 1.6134796013252422
1.0210760623443869 2.055915217864764
1.0138485576806413 2.274270811612706
1.0064303529727139 1.757583346958324
1.0100469406794277 1.9828777281379757
1.0098298010430276 2.1428780209382605
1.0179110294936502 2.0193174035445813
1.011680036840033 2.086223974229665
1.011268319276937 2.093878870067849
1.0127096349650844 0.9736163873322814
1.0262540114459018 0.8243526501906563
1.0211543269492172 0.959033061449578
1.015326835291348 1.420749886152079
1.0212717598772527 1.5865024481106074
1.015600458172324 0.582934760526511
1.0235357483537741 0.9769886521068263
1.024970074498998 1.5469122269577054
1.0147120008006534 1.8008192856565537
1.0128054680047918 1.2018051930144997
1.0246954237316486 1.530533863662894
1.0287073846210721 1.7760632368540743
1.0289274438799636 1.6194313504757607
1.0233675016704606 1.7289681161395025
1.0096823434945303 1.7532527028242777
1.0125689532709625 0.7254037898932488
1.0046838892689172 0.650342557098258
1.0023834034617214 0.8539417735313192
1.0241812147061178 1.0808875817595998
1.0401255507369263 0.62134458806209
1.0569260169270012 0.9570806279779854
1.0164127140040158 1.1777686519756516
1.0463819620432504 1.1057072435858823
1.0342184318807548 1.2381960719646803
1.0153396687941925 1.3188814707811891
1.0147143287278781 0.5904171334889607
1.021578413007298 0.5593129756798982
1.0133818859846968 0.7183822556276988
1.023671629963396 0.7176784447682479
1.0290535608687272 0.82182111965387
1.0158932009195576 0.9490938466692331
1.006004789707847 0.5057353823925004
1.0074623843264876 0.5306552578032651
1.012446106427886 0.6549765434300923
1.0155323454272192 0.45857372179574907
1.0087874395668484 1.219590231061484
1.0112971547849026 1.131715350177674
1.0192078812526095 1.1664162688878816
1.0238801050765653 1.554758748309916
1.0235726683296296 1.7121898509417788
1.0223459209172914 0.9246015823760808
1.0251817852099454 1.2041864940522895
1.0563584658012122 1.650185294985146
1.0164336830330596 1.861472863641639
1.0198147830249962 1.412793150052877
1.008102462837409 1.6821463394154463
1.0085971039378914 1.8724004547760595
1.0134974705372766 1.784883250060111
1.0185353381817608 1.8759159304546356
1.0326503114783223 1.920416942449615
1.016629227120541 1.1318904646043897
1.0263943256219972 1.0627205208280786
1.0145788328078476 1.2657593556722473
1.014593254002898 1.4855436704056562
1.0493840070184908 1.0261938387806373
1.0232725750595935 1.3573230484104124
1.0407706095911413 1.583677280044781
1.0225678763137775 1.5118986105422023
1.021547755300757 1.6403957134158733
1.0187494958028736 1.7276931026573386
1.0258600174481907 0.971538077445727
1.0259175224187194 0.9360572574875249
1.0167915115203947 1.125696459052358
1.0073829664230167 1.1004127928446308
1.0275996830730443 1.2287658350853428
1.0151965561579077 1.363152067661597
1.016651227476524 0.8301712345060874
1.0207012517657017 0.8607217677888571
1.0196355273823507 1.0022406112134108
1.01886034618519 0.7259862944795821
1.0306618598699866 1.2196367005763213
1.0188554139316772 1.1781656331765118
1.0134037660804096 1.2992197962596408
1.0011273473630327 1.4693932975475898
1.013170948921577 1.1696505407282054
1.019375319678483 1.3932536911228952
1.0180515952461593 1.5502481650675346
1.0570852265517465 1.5368943772154227
1.0148638606565166 1.6217289800140335
1.0110339238235782 1.7183618628473323
1.0339061944622177 1.178848565429696
1.0173750975701392 1.1477713144586255
1.0222316877235493 1.3046735667395142
1.038388264418264 1.305449190762086
1.006817554704782 1.40753254984683
1.0174920810735109 1.5379792701865964
1.0117619871013337 1.0801040518594693
1.016536175794424 1.110463963447228
1.02105599266442 1.253206638129281
1.0012220128364282 0.9694555620864981
1.0172617023445523 1.219633865770757
1.004857695979065 1.1985621343770607
1.0015814004536547 1.3067462529844929
1.0147890338526377 1.329070690102991
1.0029209293207664 1.3981376509154977
1.017229152078495 1.5127673292248773
1.0086761529569284 1.1945527362655326
1.009604194713607 1.2182378002340126
1.0222390387578872 1.3446357629673755
1.0285385087233883 1.1352612243235067
1.0079305116125425 1.2196317587281769
1.0084717208419827 1.235190680618755
1.0031417268182723 1.345009063019217
1.0582772851674813 1.2021212409287672
113.98125857495327 1.219687000037441
