66986.97346457394 0.36562415689973204
1.0724669639138127 0.37394041607235334
1.3632805736114857 1.0006923896921283
1.1718832678253894 1.099034799055975
1.1304917943883939 1.13557544165698
1.201464130360927 1.1685933014728667
28915.058484808706 1.2180794978913536
1.1421638619784265 0.6147150202745486
1.174585526277757 0.7713861088739976
1.474431251751463 1.6490965779131384
1.2673724598284 1.757169876301356
1.2127287984290158 1.8968813435299436
1.3654348683989128 1.9203566854783913
1.1043754823153522 0.7021528342656237
1.14761649867945 1.1060330369243816
1.1563377461358078 1.336864415314725
1.238138195084193 1.5359566449532793
1.3148325291245828 1.654766613910588
1.1121607139028136 0.9715244914095649
1.1493238190388129 1.1216151554169076
1.1536369048629527 1.327671355298978
1.1852009941036958 1.4549979515041103
1.181755962800073 1.1166650530992372
1.1714458248493034 1.208441132195573
1.1772777902387017 1.2918228143797355
1.1591662439765935 1.193790028151846
1.1539388972354663 1.2262317372078069
29699.102822083427 1.2144235754545236
1.608251905494141 1.0905515073090355
1.735972938555085 0.7329882347325762
1.090824835445205 0.675819010534361
1.1773069094185287 0.7110741009803936
1.1060792092077492 0.9113443866562692
1.1173221834750064 1.016717550354725
1.1255046614303346 0.8922914331047442
1.3443420953107894 0.5853386664964146
1.2436820005145037 0.9558915233665348
1.1606278842967144 1.1940484243957814
1.3522085186987711 1.2005948847611236
1.1423264639592208 0.9178096686638817
1.1905270280666431 0.8677704895187757
1.1776146461757993 1.0763997583163918
1.162089320482511 1.2568575986930401
1.1692087545592493 0.8891650007734031
1.1188773598115378 1.0273355325441826
1.2258615275956797 1.1787739182569612
1.141165661631595 1.0349191187584115
1.1454114478368125 1.0776496350963103
1.1217512604225675 1.0986617720041374
1.1534774471175775 1.186855922048141
1.1954511109634027 0.7731866391534461
1.1062559495819317 0.46932630955788573
1.1582541045929258 0.5707528716188575
1.106015365857805 0.7112235357998611
1.1368699957710688 0.5815432214376537
1.123212114676901 0.5452336831909991
1.1445323184453182 0.6814308750266302
1.1689279353067266 0.9285738688488628
1.1830846175031937 0.6706870212216238
1.2250042042396747 0.7146983377667999
1.109315113632567 0.867821797737753
1.0964075334194565 0.8461406694885438
1.1114149767433805 0.8696959790594035
1.1110035489499095 0.9221895102933727
1.0972521285692378 0.708781705193301
1.1488137934627771 0.3883720595722697
1.041618844283507 0.3586028089561611
1.0519324604273772 0.4712977063525757
1.0769237011247366 0.4057686362214812
1.1355502532539008 0.424692522578481
1.0908452819651777 0.5447899750642926
1.068779338367511 0.5906833989350835
1.0813063739198276 0.6202519473495014
1.1149140083320983 0.7109847407555426
1.0728443295497718 0.38232779982298903
1.0619123427685564 0.2297347842265849
1.0375569726712603 0.30777241470399647
1.0646803193753804 0.36975595291761787
1.06210577396346 0.3962962569734402
1.065398052604585 0.5143758501519038
1.067595447500413 0.2385900670092008
1.028187341710181 0.2355688105234225
1.052009329536659 0.3418575879071535
5076.497248502513 0.21964564079699003
1.5065540191358875 0.8993608143703429
1.1406593975102064 0.9272042988020468
1.118107251829516 1.0119501133943478
1.2328191510887132 1.5807833995467089
1.3330363469197675 1.8293549247190808
1.2195608518258294 1.9850140663880325
1.241809532478782 0.6341075402980164
1.149621333181135 0.9364661828520239
1.3410520196800062 1.5986656596443227
1.4480945311065119 2.043448616671516
1.451932433444425 2.189217640685079
1.2362450904786484 1.1544761267496604
1.232876013009066 1.5950659623694519
1.3003400668298277 2.015631102240238
1.253731048736412 2.2701952549191238
1.1991491728583996 1.7516047960868437
1.2542143957031198 1.964867769367184
1.2750427186178181 2.123380635714452
1.2296056382218796 2.0122103006159495
1.2523989746989286 2.0742960846214995
1.3990433181865038 2.0539593698585064
1.321081996579285 0.7954472975116335
1.3156167150155642 0.6627496322006619
1.2231885664025228 0.8828336331954929
1.3481714503526017 1.3151711572112998
1.4302820376149952 1.403908847908368
1.1335290969652834 0.5279880799392767
1.2019369782923204 0.897343436080622
1.4080373692887447 1.4201671264962137
1.357798171452837 1.6768212736143846
1.3171002279935244 1.0821078707541427
1.3756559919945874 1.4229491780890942
1.3063830841171367 1.6890756702519276
1.3846956758748266 1.5128510728041635
1.404581472516789 1.598835656336296
1.2290638164269834 1.7687268076982188
1.1037011194869637 0.740942810856523
1.0781194182355733 0.6542874501300394
1.1666203944649103 0.8157848157681998
1.1455601225758194 1.0515809501603122
1.1272127364124949 0.573904779781966
1.1924704742242194 0.897895327529074
1.2750415127013244 1.1066093446747627
1.1982597203094565 1.0714744840194013
1.2576589453119758 1.167750084781047
1.4431483253417514 1.179327570993289
1.0808611733435882 0.5738844664821701
1.1161790646103333 0.5311429703715957
1.1227054807160808 0.6935643279785796
1.147439142868657 0.7033470044177458
1.1535263653820236 0.8185058914441086
1.1328140219397846 0.9271273589408194
1.1080839028056308 0.48428272261066635
1.1127636422851894 0.50980360167091
1.130010262087457 0.6327241512939346
1.1058029814961792 0.44197058547314416
1.1854546135100645 1.203546023062109
1.1446710784720882 1.11117876252109
1.1968818855184837 1.128143502212261
1.192505858351342 1.5406146913351848
1.2413204946671583 1.7250257662756552
1.1125495474757818 0.9116010129434313
1.1702062237605841 1.176533336964539
1.2660503219929942 1.6030734961863315
1.316306204572028 1.8108951747646662
1.179824558246447 1.3929989903963134
1.2134480226437874 1.666961495519999
1.272869886839644 1.8482669224346502
1.209118374476066 1.7771837619754212
1.2206818447723933 1.869733420718022
1.2334931521785208 1.922368987735247
1.1282658199415205 1.1271567475281026
1.141355393401871 1.055280612188649
1.1574910080950396 1.2532868331106273
1.1702083473250042 1.476852468530083
1.1695276791712457 0.9822101573350706
1.214080216677615 1.324736956691797
1.2758833471607502 1.5471346719877073
1.2243478924761322 1.4870121395234501
1.246311308933648 1.6120468796072887
1.215902270298793 1.7100512199325615
1.2034990008664426 0.9313941866525532
1.123749681296297 0.9227467099322747
1.1943499317220605 1.0976584903188145
1.1798520338355065 1.0757041992338572
1.171203655049071 1.2106657087873445
1.2167504701195548 1.3337262013747548
1.1025152613498952 0.8250562324706348
1.10736187519683 0.8529415594748448
1.144474358572031 0.9856088129461993
1.0992438924131198 0.7150085640801414
1.2323790799868144 1.1855573608488812
1.1350008154060962 1.177214618588469
1.1642990908058317 1.29483868792058
1.1867495118368054 1.4645524321344037
1.1341888320799578 1.1638776865042841
1.1693189534852508 1.3886695599974113
1.1824406327056676 1.5466671562431757
1.2171876795042584 1.5172153820010474
1.2552928653426265 1.6022424135230695
1.2009105750323723 1.7153363333149736
1.147942793673729 1.1702614599422803
1.1515095074579709 1.1386496458724158
1.1515696266783695 1.3072641506246887
1.1550652250398887 1.3081684510556528
1.2127884520997236 1.3882431555480697
1.1840989607638384 1.5421191344907625
1.1636597247657554 1.0619972579515797
1.1463127498621588 1.1020927739897188
1.1838367706638875 1.2344626707290118
1.1384233410173328 0.9592503744426409
1.1507866808376703 1.212970786794184
1.1394022419675696 1.1960425569733872
1.1484753763536932 1.307921573796355
1.179490367152249 1.315584711882944
1.208226561412149 1.3816988598372617
1.1766547800945817 1.5124586004574294
1.180317868250053 1.1794006582575327
1.1400909369036216 1.2188642123772877
1.163328310441753 1.354609423495584
1.1300884908131739 1.1321626634084634
1.161640947735535 1.2090809427574363
1.1411165729088393 1.2359911292075325
1.1598053892503577 1.344754284058388
1.1395771960494048 1.2035229127821578
28283.75956441774 1.2198164278724073
