154307.7627756633 0.8059101431399911
1.9413103413325752 0.8148473441099824
2.1283260530054013 1.111271323984953
2.539138763644566 1.510360204063938
2.5882329714505357 1.6011239340969647
2.707748723466933 1.788559811692596
335347.30684182444 1.7218295234479508
1.9151870202647756 0.853983142847185
2.216526530600338 0.9524144227850618
2.7069965523166277 1.5672543817314164
3.0481428778929764 2.025039015777753
3.1883453087528166 2.153366400584826
3.206338768024964 2.1788771104118387
2.309411207369524 1.3206555964636053
2.4333986994476153 1.4634118352446968
2.7454624963074155 1.819428322352159
2.9864105769222014 2.086904686122319
3.1166077358684374 2.235384160915398
2.4402863129811587 1.5074473212419013
2.6426094838099177 1.7495023363099986
2.7623337903703207 1.876203530859873
2.890104348642246 2.0156801917757745
2.572692404518707 1.690244467127664
2.677530288456285 1.7968892415882045
2.7177512324251007 1.8352845568181426
2.636566683186147 1.7845562549824787
2.6497944331654883 1.7947916720556205
330643.95042041 1.7550082563504719
2.6183174536402594 1.4060281046645435
2.137705157161393 0.8041602609371219
2.011847760848501 0.9237113282615858
2.2909938822081655 1.3581479128439091
2.4226795161467645 1.4792776799236864
2.4822969043760197 1.5439108551888547
2.074440609652733 0.7744342902543834
2.155104454446919 1.0114804875452992
2.396136297526329 1.3710969369227348
2.643394734124313 1.640704648974136
2.72957354137037 1.72731273419849
2.1779106580860277 1.127300738930249
2.344928803269396 1.3491779014509078
2.578356400032366 1.6757411542279064
2.706234376596698 1.7561117778782482
2.3759304285417584 1.4460857439369708
2.4722495192466933 1.5842699824235122
2.575640714674699 1.6696119953925925
2.4844943557139123 1.5912621090631935
2.518058326195776 1.6400015799807237
2.515896122541589 1.630302906732679
2.5489983108546292 1.5111705870513699
2.220714205794475 1.1313977785934142
1.91981067897035 0.8704190206591768
2.1089246381218483 1.1333424774635161
2.2120799496895946 1.2583334100911743
2.011083553289488 0.949937811607988
2.0448359516249504 1.042217838296641
2.2123216282113365 1.2695517495492354
2.3437574541538586 1.3740159758795565
2.1790061988316043 1.1497451883600094
2.2168886861207286 1.2701501991179693
2.343618674769697 1.4102561257855388
2.2959086587136053 1.3259082400444038
2.3339484396806403 1.42443816611838
2.3679468014727085 1.4538001622329495
2.1544303071976953 1.1099271400785051
1.9181701159645235 0.9362072599490698
1.9147977918034438 0.9550627505043889
1.9900932095804347 1.0094385950673403
1.9239858030448476 0.9521374338321036
1.9818991785666644 1.0034399146439499
2.0847900731808453 1.0798650623964468
2.104080214340854 1.1459361344872394
2.131122791212736 1.1640493142423431
2.200076771973959 1.2283459504754382
1.8857461006051817 0.9068106515562667
1.759462347060802 0.7802346527022337
1.817752355265385 0.8439550105447091
1.9021869785496228 0.9420701720985558
1.9126847976359085 0.9461065226387417
2.011890425047265 1.0266746188710034
1.7610092759471745 0.7918604942722139
1.765241912752822 0.7917686642961208
1.8531184629091553 0.8067762600117729
145803.96643323888 0.6959225254387781
2.4815147498121632 1.265739363936232
2.312665597095261 1.2482386056386259
2.4464651961907062 1.462049795194058
3.0319736121060252 2.1091728850618745
3.3207855184183286 2.406731143090661
3.4387539302680032 2.560574226004519
2.176157652410182 1.1751706944953284
2.404225031046771 1.3027301972140362
3.0940524236078693 2.0976680879692484
3.536780822854065 2.591786130960377
3.6699625934670035 2.6850476711842703
2.6532642074514268 1.633465930321943
3.04992408923163 2.0828013556156013
3.4488851580855706 2.5690883335392933
3.6529680817896355 2.7777187299746786
3.166915930696085 2.272559527860311
3.3708547230402615 2.556143695998835
3.5217372792764094 2.687400884019076
3.3939839934100133 2.602046531326344
3.4506599695412077 2.641994837038247
3.4271508322647333 2.4399466399146847
2.333263293898272 1.2750644167766607
2.257558964280324 1.233594316126299
2.3866466499286916 1.318729457610828
2.818150356199661 1.8274084104355839
2.9355598667503155 1.9015344645020082
2.0425657919187588 1.0754440050577825
2.3896740372456575 1.3502251822239404
2.9433157071234324 1.9276943109092932
3.151853184574103 2.13771569728172
2.6045953138023528 1.578182548694036
2.921231648154458 1.9585242795915967
3.1307379869353547 2.153855695683152
2.9668758541298885 2.016743104770075
3.0619360427729956 2.110254970984168
3.0286113041028964 1.9810583212463746
2.2035563970991072 1.2188775779402485
2.128639594038142 1.126336006473851
2.318202825744181 1.331356415124782
2.5135437487675727 1.5413028797013597
2.0735826048186414 1.0525367237662662
2.407692644392144 1.39297098999194
2.6191365407114082 1.6333182831747137
2.536807410366998 1.6030980061941293
2.6870930218554574 1.7594938133263984
2.707812918601639 1.7656233093187945
2.077627010462385 1.1109236533172897
2.0518809285958106 1.0806847667320638
2.1966676797115685 1.2201338792163308
2.189411028361786 1.2114412767933587
2.2916738584996192 1.3346333614832067
2.399559592624472 1.4537103631813386
2.0050824252114854 1.0461122751086736
2.047115395537296 1.065070875803727
2.135021789683379 1.1535175056102
1.9585767128079834 0.9769801920118647
2.668698645374156 1.6771964679445364
2.592418070372892 1.623798547170763
2.633496958551634 1.6327001712208746
3.0206678841895753 2.095356237687165
3.1671451794363517 2.245964919446215
2.4102856008663913 1.4652645605750398
2.6875023638657667 1.633391269683095
3.0892943784807088 2.1373720999778323
3.3012328350816307 2.39658909074172
2.860611180343338 1.947886916703568
3.1280101901962643 2.221775447586471
3.29759086545825 2.4194529886866407
3.2059736201340128 2.305770884939502
3.285033447334617 2.452242760111684
3.314943377890928 2.4746144353073105
2.604312838976449 1.649287898706457
2.564604747657018 1.6182142338655519
2.7384723371825106 1.7965673835875438
2.940210313339618 2.0127092070237174
2.483603408065768 1.4783982625495247
2.8417039782234257 1.864110640028821
3.0479558041311208 2.1226524842589596
2.9905508932088263 2.1180636500310692
3.0732464514483673 2.1934936377438743
3.132670613005353 2.267893780582063
2.462502650937454 1.4948176704855962
2.4329345841923007 1.491960457948394
2.61376061549048 1.6765538313821902
2.6462540361333997 1.693829638213092
2.7005957614531853 1.736969461871565
2.808679261480304 1.901809121122135
2.3203899599187525 1.369140950390605
2.345298694905351 1.3955537895194108
2.492767508716626 1.5390006534573883
2.230336835029138 1.254125256094276
2.717588478759743 1.808178329591883
2.6746260110417373 1.756360460242127
2.796840046015348 1.840905070957354
2.945422073996307 2.000667913292154
2.645126673665331 1.6529049446170685
2.8688757188476606 1.9163301062883558
3.0196712447427143 2.10349467873795
2.9957875842180335 2.079825612775675
3.0780514212583694 2.1772158281463447
3.15907940845287 2.2939599717516557
2.6868179936669097 1.7615533215957022
2.6696703402117903 1.742648856920988
2.8057353387201056 1.8679516819213078
2.7957855335327615 1.8500324291651995
2.88127356316872 1.9509370277109197
3.021663524477027 2.1317380871908025
2.582617838755468 1.645317730089396
2.606926212398582 1.6607147689358017
2.7356606573222857 1.7687805609789633
2.457428024575569 1.4845779550730116
2.7130395700105066 1.7835047977701421
2.69489775571723 1.716337743509586
2.805549933589152 1.89791377604287
2.8130167144340232 1.8655520462438862
2.8814851664979484 1.9491737416549941
2.9867227843159485 2.0792668038821858
2.686445894574776 1.725348902053351
2.7190536413878412 1.7893935862219905
2.833419448765616 1.9025793317664799
2.624737585297151 1.662803735424946
2.7153874635052895 1.7628360772213254
2.737275333396095 1.8044947853938196
2.8300655187022006 1.8750747131224719
2.7039972960406127 1.7749262258202876
340216.2087362033 1.746690742225482
