76141.29365491284 0.406052194412356
1.4054908080684554 0.39795051328526215
1.3908403074721427 0.44059342816132285
1.4214959190356702 0.4441310622668787
1.5322071543406093 0.5623793138122086
1.5048846541049536 0.496912572688623
114012.74270453412 0.5921198293977699
1.4042492200279981 0.49350704200335116
2.2949483965346777 1.4513445294054321
2.335992451757005 1.4868474947661516
2.4176013057070778 1.536700610483937
2.5047370353158405 1.5829235987057784
2.5206616593464717 1.5519832390634745
1.3698689945398337 0.44925421118037806
2.275076389726682 1.4716599763755147
2.304798958334046 1.4589853950855882
2.4256475962586315 1.5875032931171444
2.5641443055162094 1.6340784149005896
1.3825271996068655 0.4202778589184976
2.2563506291137596 1.448082717203505
2.2929947096020147 1.453542739992058
2.3698957055528433 1.4337066114627717
1.373674141945345 0.49233869379023504
2.2274907628512737 1.3851930103543943
2.3030945413525794 1.433702198881608
1.391295052791055 0.5018250987951746
2.3342696796160722 1.484813545836589
112015.95667711417 0.6231027577280279
2.325080095839068 1.480266192259143
2.3556320402497715 1.5022967923804962
2.335513881948972 1.3944033910087472
2.3797131369383457 1.4703774598342634
2.3830759550343665 1.3989583151476368
2.374952032783793 1.38354895769986
2.273566571100632 1.4069703862176
3.1855246427741326 2.380176912212356
3.285418296390431 2.4929194462423574
3.326311516448678 2.442193619074892
3.3427562680009517 2.472186638133156
2.27524550596675 1.4269143429881233
3.2554152610408638 2.544394262860621
3.279043742412474 2.5403405063118063
3.280690711933981 2.4833071882918922
2.253532105200079 1.4820648706642592
3.100166799930774 2.439669573705432
3.133824624235924 2.3792287783616177
2.2151180924130554 1.4311785322169286
3.0675786458459897 2.3143086089659652
2.1835759476045205 1.3838417122672522
2.359735396382549 1.5395175294330974
2.287136357429226 1.368571680470595
2.3393710030118995 1.4378320102301398
2.4078611655120215 1.4473243638024067
2.3955650518906193 1.4309540185518563
2.2860584881971047 1.3226096434517598
3.2832515935981377 2.52920547917285
3.293855584043884 2.4753105291347763
3.2895822856235246 2.396143185449943
2.263729187178672 1.4076632519416554
3.17427052892913 2.4135808375099375
3.2409080931958205 2.4444585646126913
2.241192840583216 1.4365857049751976
3.1164371163137194 2.386981515715386
2.229464183369072 1.402819810017054
2.3549410359982774 1.4679718607058512
2.359122908208872 1.467435743199355
2.3548015096228334 1.4240287584183458
2.4149275755014865 1.4946010620405725
2.3377081776230684 1.4270741027470986
3.238132319349796 2.4014808172216187
3.2681901141729126 2.351642930384144
2.3228220762421494 1.4086569914582863
3.2060305764965484 2.3818710575567814
2.253495542428381 1.319521201812446
2.3580267958189753 1.450818538560277
2.337985944318617 1.4146471517400572
2.34518435315481 1.411727000913883
2.333909190960057 1.384574220826655
3.3115975118511023 2.433527321759905
2.313553902144728 1.4257046167316267
2.3718908373327086 1.452334106512852
2.3685506066826214 1.4239696859476536
2.3219845335966527 1.3274478272241097
82522.1274442147 0.4301371012995017
1.4320439192482128 0.4158624938839531
1.389372977463126 0.4367372581355596
1.4333705740289011 0.46975984547383887
1.4644243857725128 0.4889454190118515
1.451826000111788 0.4229127140860834
1.5653055505190294 0.5354475949797772
1.3937320115293812 0.46049612152670083
2.319582352352683 1.461414112339254
2.332706496296934 1.3759199636462405
2.4407714361730326 1.503230699934249
2.508143376488335 1.482996508807261
1.389058550356462 0.4548055795775149
2.3506562658885617 1.4814884993695567
2.367879269614412 1.4904607131453422
2.45123860069331 1.4832286159682806
1.352079386432867 0.43393335695252827
2.2440765248921215 1.3802805375787357
2.351825533274463 1.5372989703295974
1.3576831455512055 0.47377717103672184
2.323053523169349 1.5026592252071889
1.4829783392091564 0.6024589683176417
2.3605907691435633 1.5077461739944333
2.3170342898960934 1.4605025931992184
2.3705443518097926 1.457923234821271
2.3844357018585165 1.4478433346765371
2.4602003235759256 1.5319958855124798
2.2825190128960937 1.3808257263515855
3.2078265497865206 2.4095265083027666
3.3293321693187234 2.4077261962708603
3.314267864280066 2.4582731582789066
2.2557856208311957 1.41961420291044
3.168910307539026 2.447131936454662
3.193262093804392 2.400958132705025
2.1995354396718363 1.275814907390153
3.11364641642633 2.395195410470572
2.1912230386037836 1.375674606863686
2.35308206839613 1.4981872000551277
2.3292069398821402 1.3939716929789399
2.3989951720657525 1.4783523890720525
2.3666260999429207 1.4137152715012857
2.302878305286537 1.4059343747419157
3.272353276217036 2.4017902456578097
3.2886057540619427 2.4218522404814786
2.292129421962617 1.4584724962188251
3.206684500880826 2.434066026559759
2.298582953526122 1.3383461964328898
2.3303482775459496 1.3829004441094228
2.3348457372766296 1.3865636753850348
2.3892844529967903 1.4319980932594532
2.341417933388141 1.3802667823083374
3.303138867075664 2.4555991355551994
2.333834491994394 1.4648895774408421
2.3571016435816095 1.430969590809881
2.3946151044864408 1.4356378100699676
2.324055612709539 1.3499705176359325
1.5412061757622229 0.5805173419463165
1.43790840006967 0.4607007800697713
1.4962530229080977 0.44430737647368956
1.4482784065003704 0.4241025114771608
1.5617848150957951 0.5854453972800444
1.5603925336485425 0.5309308444578067
1.3920331438355158 0.437764219338776
2.3419514864718316 1.4451323945949137
2.402468857994056 1.437663827958833
2.5395608222733497 1.5173493988150812
1.3652271106985132 0.31653665863294345
2.358297705484517 1.472985851197844
2.462324815900237 1.59990403607669
1.3697343242435895 0.4359741568058143
2.3697036262928233 1.5012956331288263
1.6619496661879989 0.787853293883484
2.414541845474912 1.3874857342496065
2.363396658158269 1.4546726810717985
2.3735365722799484 1.4296675347117724
2.435050096734908 1.4565858172328348
2.3410602393379962 1.4258364945991984
3.253325571717564 2.382838978641489
3.2979736652072944 2.4154717438324274
2.315488985988976 1.4205564312502879
3.198745320485229 2.440925247650383
2.236322616412787 1.4063751812080998
2.372439964950066 1.4265925973554083
2.317457917257833 1.2567958963319787
2.3873686025404206 1.3206764212732396
2.3265945094827716 1.348267120660557
3.2807829848267978 2.4252491516812302
2.3146161135942234 1.3908679169016023
2.3479898987375165 1.3859975799253479
2.408997456221956 1.4686357208173513
2.3431354946389824 1.391550725093733
1.4833762984163115 0.502928216123107
1.5484921517886632 0.5967803231494997
1.5069196881233788 0.5069720093988909
1.468892664813731 0.41819776371660516
1.7979550140370135 0.588144332475881
1.4367751578725512 0.4536964942080787
2.385077505525859 1.4002004406734527
2.5532467291044174 1.489037851833395
1.508689813898428 0.49070640394804
2.4749789900994297 1.500869607254546
1.4656334896738765 0.5070927233289582
2.3416953926346817 1.3411982052108984
2.3545063986022443 1.3830908223186835
2.3670868451963876 1.3108275923202106
2.354517471444276 1.4161615909358756
3.2915746808407755 2.3791810767748363
2.3157277335179907 1.4025370073489989
2.791323389245584 1.3556018859764993
2.3485672923593555 1.3775976812401676
2.378096528092371 1.4214582016974193
1.5010727173600285 0.5256598118340724
1.511295403351634 0.4834767308113575
1.5017504734895288 0.40414609646711674
1.5455553123652184 0.5254546660391971
1.4492175679802366 0.40053659861473606
2.45825970438219 1.4678102858748174
1.531025413086233 0.5283276748658807
2.3839229594979425 1.3141145907349696
2.3548135018194842 1.3753568246839907
2.472341882652449 1.4977474602837217
1.5191260799968613 0.5350182235842803
1.4596496113839843 0.3612258094637899
1.5331872423732713 0.5025338281170318
1.5916281665227698 0.5753654070955863
1.4583403291875954 0.3887689119022707
91669.10703015122 0.4499726902862354
