1.6372949988361691 1.5495299894004484
1.0006625977073151 0.7455756577791717
1.0009435162041207 1.1526195106877613
1.0135517076530516 2.048421254069117
1.001871101739911 1.806910255991443
1.0048883104589803 1.2095253139491278
96.6042729568243 1.8082147987689232
1.0020752493679845 1.210148837897525
1.0067677836511808 1.2470143082212175
1.0045202583392476 1.7158188182528025
1.0101598894351933 2.196975980146184
1.0027231439687267 1.950497045744186
1.0034087010622907 2.029070869303972
1.0081133414789214 1.2158317124191633
1.004948295114978 1.6064822469335462
1.0132031464656375 1.359870152984388
1.0045145256399197 2.314109818167587
1.0008822915651647 1.785074993515373
1.0073999591735756 1.6994181442669554
1.0073889447805362 2.0037451179979064
1.0075500544419322 2.0670543186430086
1.003427632390525 1.5805022235384747
1.0027526679693843 1.8579826505705102
1.005252924808703 2.1981681971669564
1.0008157057081315 1.8282149784351973
1.0041907598947106 1.2243157155966098
1.003179190469887 1.2428696586907226
91.27714358891183 1.260523394825988
1.0071125033745825 1.745097663720498
1.0053853569534834 1.198624240664851
1.004594206456053 0.7157853927124619
1.0128265335306597 0.8512775929444463
1.002175013343143 0.9312289576199588
1.0000922463496857 0.9846523708822303
1.0023804079966505 0.946114174847287
1.0244295098729541 0.8702846663630793
1.0097447381230231 1.086082758813498
1.007595617444234 1.235121844598296
1.005899519458525 1.338802951510269
1.0122357816108467 0.9182617927236486
1.0091485602329562 0.9896395604769456
1.013543406038316 1.1412921004098933
1.002086281574465 1.2763340323852868
1.0027436053978243 1.0142415662359743
1.0118494841615415 1.0533942814815977
1.0147023734703673 1.151323400791048
1.0128370657949313 1.0619212750634222
1.0038655462687796 1.089093827562973
1.000713932535706 1.0942124569778127
1.0016152130593132 1.2117588277077709
1.007117926629735 0.8333320593805411
1.0074314694165318 0.46937839078751065
1.0057934782780893 0.6109800848122087
1.0021313417299174 0.7176748240248678
1.0058771652198943 0.6260744103537685
1.0143927954124186 0.5850170724563618
1.025784139249246 0.7239150514322383
1.001813756361957 0.8661596283986738
1.00403831572552 0.7188270580507918
1.021369279080929 0.7661709614324808
1.0024990761805392 0.8733786775630668
1.0080120701527762 0.8440487075392709
1.0054246471063972 0.8747886597437069
1.0012181499442079 0.9249482725961247
1.0051210461742093 0.7175608256640102
1.0041356387960576 0.43446208008847215
1.0117549982941905 0.357896571036393
1.0067509478430152 0.4701034008667795
1.0129621604674877 0.4261347722376407
1.0163438659931983 0.460254870655317
1.0272226851598043 0.5520360424677008
1.001133463156694 0.5942115856297665
1.0034358936800754 0.6233811977976911
1.0041438550565263 0.7201442142456966
1.0050589748179577 0.39414439669784257
1.0108593648243591 0.2428499351568635
1.000697875506179 0.30698419324099246
1.0061595411759958 0.37600535892760556
1.0146282716163566 0.3993237914963698
1.0036264111384936 0.5154693846919212
1.005289016289636 0.2507956743681231
1.0030645484223717 0.23590715663011627
1.0046992983733707 0.3449237662010921
166.44964279278085 0.2198665509000806
1.0024516479664778 1.2195899653031832
1.003754365360892 0.9706253524417757
1.0043886204145307 1.0168298520727692
1.0066691987005203 1.5959681932155436
1.002271679762571 1.886455820048813
1.0034162768062482 1.9833756987692495
1.0066568945576075 0.7171109232958666
1.0168039515432234 0.9917997668930643
1.0146799816187435 1.7111253135952995
1.0225734384046496 2.1688099577227717
1.0046478859737027 2.3352036144750574
1.0068180649294032 1.2251266880386154
1.0108338198487206 1.618820126848953
1.0161131495473297 2.0585331865189773
1.0110172308249579 2.2744687569004904
1.0033631273595307 1.7577974969933483
1.0128204604832505 1.984149963503397
1.0047928353086861 2.143156757527934
1.0018428112671454 2.0181553321375674
1.0032967731732707 2.086956240847569
1.0055452224328054 2.093353940627269
1.0162627184362172 0.9695916825974824
1.0105776263890704 0.8163544042990485
1.0072915658076433 0.9617287088356987
1.0161095718127369 1.4236020671115588
1.0148823088162693 1.5866769303527941
1.0106811077410969 0.5788025542157393
1.0328256884751492 0.9677325261753975
1.0394085417997334 1.565305934929171
1.0011604609615476 1.805899189195609
1.0086311273926434 1.1953883469873463
1.0199349605152845 1.5287386331591828
1.0110604653992643 1.7675612697324805
1.0184160317520852 1.6211161505514198
1.0127696367669636 1.7243966143670078
1.0080429641668398 1.7540536134341123
1.0056322272335818 0.722476028633628
1.006550369948108 0.6517575717222874
1.0083537645483354 0.8563381260516358
1.002270055518065 1.0729597209217914
1.0016491959860676 0.6105721336180343
1.0390269579144888 0.9543680758716624
1.0063048873077751 1.1811953194062685
1.0204023281661387 1.1058205327502766
1.0128076737255833 1.2294325213968689
1.0033677631103812 1.3138569473065926
1.007379094001467 0.5865974017226442
1.0117308068061028 0.5554302385846763
1.017464250616749 0.7127096383676298
1.0052653514906085 0.7115142198989401
1.0291224569557262 0.8241313287186803
1.0116418767784796 0.9437439576384868
1.008654391029299 0.5051322113677805
1.0091421545119221 0.5323049560752768
1.0026662763488916 0.6592697331322505
1.0019004030370213 0.4547790462732286
1.0016366972521966 1.2196473354038453
1.0091398920689552 1.1317435613267262
1.0141324807538539 1.167095042660094
1.002304738220764 1.5521313033291566
1.0062621566593988 1.7157707881738977
1.0167712239579152 0.927660622874541
1.005376629190752 1.2055740353575592
1.0076876920929454 1.647797422871131
1.0040317841300834 1.865245725319908
1.0045295536139154 1.413086367315083
1.011734765000825 1.681262102700476
1.004302369825508 1.874014344613302
1.0066442341121287 1.785703247245038
1.0063545692870697 1.8742145904989667
1.0137153744674077 1.9228153606601812
1.0069501414404367 1.131947719722577
1.0211995476720583 1.0602472721780887
1.022238779760258 1.2688660545607722
1.0056932109630254 1.4842733602514722
1.0050355447106787 1.02056833605987
1.0215933378713498 1.3574571199174166
1.0350052797824338 1.5926430280188641
1.0137073606867395 1.511812569205786
1.0135378720516581 1.6367492024252321
1.003519413142939 1.7247486050627092
1.011757279881745 0.9694431856486955
1.0110730224872062 0.933721518404848
1.0038898693498828 1.1236607649060957
1.0047540478544137 1.1023718275373788
1.0074093917588913 1.2280429890794702
1.0027519429769192 1.3614888704874195
1.008055413945461 0.8286771050424098
1.0287903634410198 0.8607841196631518
1.009538593812595 1.0019378233661818
1.0045581528122502 0.7222175576136286
1.0053173009039167 1.2195555127792188
1.0036088932011185 1.17737430123929
1.0097045123113193 1.2993845079828386
1.0048521071436536 1.470364935035841
1.0023874563825341 1.166693004258197
1.0139095079457225 1.3918022411170459
1.002638330793707 1.5535399356035064
1.0056867140583499 1.5343529835807628
1.0055068926624804 1.624212968362714
1.003380468032908 1.719362160300518
1.0070128467020394 1.178064147112418
1.053743717085806 1.1412792593782493
1.0490961810779709 1.3034876745424089
1.0106851111053212 1.303212826052203
1.0180558165529447 1.408305570478705
1.0039676910357271 1.5369852326871585
1.0042118744378283 1.07981161260992
1.007603676433283 1.1089370356512205
1.0155003659273103 1.249566982157046
1.0030321762278522 0.9695797829163583
1.0003319901750094 1.2196875146340047
1.005042510121105 1.1986166834839644
1.0026756903925824 1.3069294040538437
1.008649168390139 1.330933200787472
1.030636002232271 1.402251366413646
1.0045613525885055 1.5143776806538425
1.0065273318035606 1.1949817135951797
1.0080331507507247 1.217898230904804
1.0106696196934601 1.346407314522474
1.0020931330659304 1.1323744756122875
1.0009073133574782 1.2195906074731377
1.0025166803622467 1.2357532117262329
1.0009010525293192 1.3453140479104135
1.0013446331027545 1.2039895466862407
90.04398704746808 1.219699570789253
