75784.5743969924 0.41411191814565773
1.3892849073670308 0.42225232204578006
1.4241787794725944 0.44228536387354567
1.4186423886035853 0.49313314437385347
1.4303120224706376 0.46776722023453693
1.428405711678261 0.5125848031948488
105643.05207980334 0.5782003282029607
1.3865092494291211 0.4039151410173046
2.291582383496495 1.4000662621847586
2.2949107233275443 1.447043530127151
2.3471380366861916 1.476098735180427
2.329392818548991 1.5014629812953106
2.3365362962875835 1.469464087977276
1.4033844346860394 0.4069477909110701
2.333744010253771 1.485771261204873
2.3098879390081173 1.4372647606257392
2.316245424423764 1.4010508788337326
2.3995512231624416 1.5769967774878713
1.484978499947763 0.5036185264669097
2.419943831418739 1.578864022378204
2.3411821634956373 1.4668012624761466
2.380145984467585 1.5424457362209156
1.4150545560235126 0.4004485311039939
2.333525183749355 1.3617162604644344
2.5830299513970614 1.7317187986109261
1.521450574005767 0.3528340715857253
2.4230564377140356 1.5373994606750292
77898.28657357607 0.3829215475200603
2.331204211221455 1.4448215394105028
2.268960068129366 1.340436197615779
2.287793470076622 1.479618691850247
2.2606755505078926 1.3448696431117249
2.24588999166446 1.4451302406658837
2.2893431802657496 1.4166519010433092
3.249564625437104 2.4874115248125954
3.173845417658839 2.466659369360954
3.1580126849250516 2.4854792847350344
3.1662600973942294 2.5087355907783904
2.3037969197441788 1.4078895677989678
3.2229354420996845 2.5016751121038547
3.2221973449918524 2.4943062755155347
3.157440744791601 2.4542962198108422
2.3152272675862466 1.4141180860174598
3.223706113031994 2.4519313114653514
3.2065390553591246 2.4272845546994755
2.321338672944644 1.2642266043779427
3.2224232852154175 2.412148825224491
2.372654317032538 1.3293750297784186
2.314018297004268 1.4142444749516403
2.2876107080132257 1.3971097159377845
2.3029907863576673 1.4480418836461437
2.2630332800308217 1.4130429197916892
2.243872461449242 1.300853023045814
2.3073354756361826 1.4476358649606487
3.181938597637955 2.384430664556645
3.1724149697215167 2.4700397690398606
3.132810095850433 2.368486160654869
2.307405053063147 1.4030282093225188
3.2222318771886513 2.448377936800232
3.182522211688565 2.1806915636962536
2.361986774852837 1.4859425118138279
3.219069290633363 2.43031081894912
2.3223427640680683 1.4125116877473032
2.363980852975834 1.5191693786016889
2.2958649078866755 1.4149120396897155
2.250000529473075 1.3454850070341686
2.2835411893990414 1.4423112804968221
2.320164881266022 1.472147691522465
3.1899582441517462 2.4425945419000086
3.1583668005738055 2.39438836606945
2.3091783907744854 1.4378420527475757
3.1960431207732896 2.287717329860357
2.319916992553626 1.2013317129764647
2.2942895107063843 1.3700925057379547
2.257289699814181 1.3243680903936816
2.2626228343490418 1.3708362538102934
2.2784320500573605 1.366183053229543
3.1888556406383954 2.3509818024292786
2.2762006180430774 1.3248691773007923
2.2945057226659493 1.4159762319198521
2.2606433664071286 1.3269392825266157
2.2630679478973326 1.3071260999041943
59725.354875969 0.31290837068957966
1.4354214463459387 0.43184438330793395
1.4021075715784381 0.4561258987657477
1.393467554127527 0.45319540784865064
1.340914413075153 0.33210454002471596
1.440028448997783 0.5214143192597163
1.507717480810523 0.5541413394175656
1.4234014175079404 0.4702077916209941
2.343398407727615 1.4791485170062368
2.3558175525928924 1.5324919576764842
2.3440649492648316 1.550655507388614
2.3718494480820596 1.5052821554475466
1.3990525663673126 0.41034634220274413
2.310216611623443 1.4199679299091077
2.311252357645307 1.4454302345930972
2.4495364407228872 1.5845862880861006
1.4463275195837744 0.4795980862479433
2.4094178175874696 1.4986435501370667
2.5094983490663285 1.6663312502984327
1.4281778151198183 0.4021071746430164
2.4501221679750347 1.4879220543581393
1.5782178847389257 0.590469625093512
2.298669668316041 1.3130894267666449
2.2905106528668133 1.422616337628592
2.303028855955751 1.4967187297720401
2.259536342120067 1.419690762689925
2.3619076405515815 1.4115348843435676
2.2893164070900593 1.433097503450926
3.1819055323663283 2.416078233059685
3.1499286891440987 2.441912542026912
3.132479161002707 2.4150480952550457
2.3335975934618363 1.461344139090572
3.1987930949528725 2.392385696334707
3.249286297500121 2.5442630124093273
2.4193843625689064 1.5166185587177679
3.223686741974258 2.4548492258937165
2.3327793729459696 1.4018890945454063
2.424048449154615 1.5440895964594872
2.3273481352251313 1.4903640647485985
2.2804513681745524 1.436078981177573
2.2374386898323158 1.3954672781207869
2.3272967161981457 1.3373674546720387
3.1935744339089274 2.455710203426599
3.188746713874577 2.445430301170175
2.327809025033498 1.4434578253916075
3.203764405389049 2.4261664961125033
2.3246619096503545 1.3430321253094621
2.336497658873451 1.477413508418747
2.3461215698300295 1.5125493519216442
2.2919844871303265 1.4368454470737717
2.313717471967273 1.4311288622249743
3.2160171867501397 2.5048768508609376
2.3250209192950644 1.4215516228460683
2.2799305967486787 1.3722591332046177
2.2990071422038327 1.4364019655953668
2.297037827954024 1.4283218412788181
1.4607775387579884 0.32865839653931356
1.3956732366542561 0.39883271689115857
1.4278034843980068 0.459989961749363
1.4041118136067723 0.43107588405199343
1.4483501816210955 0.46676428822050064
1.5342027420220994 0.6079025854334508
1.4660795196377725 0.5074976919996654
2.3035236584363035 1.4251868802062275
2.3292780336348216 1.506262547570818
2.4281604673490906 1.5319794609123067
1.442984211056712 0.46250603659588985
2.376532972146821 1.5022110490873637
2.378636337379513 1.3384421077515056
1.4697222756342816 0.45126141209530474
2.483152117218524 1.422579833861362
1.5969749122064627 0.5715365771167271
2.3141501087672767 1.4092812170694298
2.3159135864092466 1.4209525562846232
2.385763249892304 1.496328464138625
2.2398075422563624 1.374574485981559
2.2827657069234584 1.332827804984461
3.302239251546208 2.566595543055475
3.2202350004142826 2.468327252773358
2.3330379906126764 1.4174511839038764
3.3528186316807833 2.6049137599807892
2.2931003547926787 1.34297104155758
2.350900118771521 1.4266378276517615
2.2791092936266146 1.369977542218461
2.3228683208569114 1.5211598255325165
2.3319109154422306 1.3982711255785136
3.2017963176854645 2.4210325731588966
2.301817669585498 1.3245714003500964
2.2870513359443048 1.2681518897385415
2.3018523334338576 1.3792176474897002
2.26960128088463 1.2418373040096984
1.3830330798863306 0.3871443106800475
1.4705232542520983 0.5058957155846293
1.4695545985796148 0.44994460199237285
1.407763702526632 0.41139278623214004
1.481143575821172 0.4988530607257828
1.4477350153999182 0.46296172485725756
2.365197878171861 1.4473946479895607
3.9469545631756624 3.2099719897170416
1.5079272769635634 0.4468844902529492
2.430749373673227 1.5222957564766988
1.5536751238245055 0.48143735478839317
2.336216288431733 1.422362618489458
2.2955276086632423 1.3377906616582327
2.2876987318251167 1.4194428062473545
2.3111044239994696 1.395075602603085
3.2233789246427893 2.478713075348172
2.301690542959611 1.3563835713800074
2.32244212790366 1.4082726532593994
2.302423849445584 1.413060496959415
2.310932009746505 1.3504923653599403
1.411446804189271 0.42468127953760393
1.5674024911128281 0.5132285768040449
1.464213707727886 0.4785281796839012
1.5385862564033133 0.5046269984819358
1.4205339920391198 0.4177815500546063
2.390972776871462 1.4763774853739964
1.6456871280382739 0.5221658635073892
2.323568248148291 1.4074165710086075
2.261328354528943 1.3023017745162313
2.299949650199424 1.3170860916589322
1.4176300529033297 0.37778755219143456
1.4637007844550254 0.4673686624495959
2.3756854439964212 1.437432802272269
1.6398259349829116 0.6009135984042127
1.4306372174454032 0.40676361603474254
90917.14473577817 0.4540565277380659
1.9837818734659871 0.605130264159824
