1.8322784546773327 1.0024382668893779
1.00602497589131 1.2194804843044702
1.0024894490125595 1.0707771887414288
1.002056850649443 1.7264306034691514
1.004211989130445 1.502688251602502
1.0040644005082087 1.2671011625156794
32.61877848011963 1.963204813423535
1.0008958365229081 0.4559067869418447
1.0071459680134893 0.988177282475181
1.0111826658521423 2.0143678120032766
1.0062808106651784 1.7301179504087987
1.0021834770909581 2.8851703586402815
1.0037391423559048 2.025625107116335
1.0025780913518743 1.1245442930766072
1.0136357641095064 1.2785445645793372
1.003623868039872 2.162947135059629
1.0076456167627432 2.5524865045575744
1.0026960030520147 1.7254959432804866
1.001467855068578 1.705280965205171
1.0020796883285867 2.004281441062958
1.0070766149597261 2.0662647508682612
1.004032048029899 1.8874525462423044
1.0007928972879625 1.143169212401224
1.0021377104212768 1.9623147610664975
1.0001736772103078 2.3058613615998063
0.9998482607916243 1.2850978485852407
1.0006986506753859 1.3300317733563658
160.2558216108445 2.219505159051303
1.004019289125523 1.7459712013479822
1.0069461145146863 1.1992733755199692
1.0093533044357585 0.7151428133055162
1.0119462910262147 0.8541644491430411
1.0093991257484312 0.9299738774644358
1.0027727324042734 0.9852431156600882
1.0064908309052496 0.9418588766769845
1.0067248176347683 0.870418425335349
1.0052444016215607 1.088351992321194
1.0101033519422749 1.2349790941580339
1.0173444837440053 1.3364853341903395
1.0052700282566676 0.9223954783147131
1.0159897257588593 0.9980563650495493
1.0039352267036916 1.1392429070494456
1.0035135555390489 1.2763505364675556
1.0035807956598937 1.0127720925268684
1.0094031993944887 1.0522689646578418
1.014788983747059 1.1441242290907894
1.0047760360876434 1.064632580760943
1.0101438238664315 1.0866989235806463
1.0001928068078032 1.0938787388749809
1.0017312047029179 1.2120073018588857
1.005279893908808 0.8321468699694623
1.0099962018175512 0.4685184684357488
1.005246046237995 0.6112622325471372
1.0018962979097272 0.716846901771017
1.0132730576277031 0.6295594731506147
1.0135228848095463 0.5867613186511773
1.0100860865082282 0.7288029366242803
1.0058373863315113 0.8651341349179551
1.0045683104662948 0.7193744855174073
1.0092473731369818 0.7629353411264317
1.0045243681801352 0.87255184562973
1.0076380359604116 0.845389279353694
1.0061892589567325 0.8761369543536162
1.0065256827246714 0.9236975592554746
1.000242628374412 0.7185781950219906
1.0068389371106934 0.4336818607874795
1.011588551557604 0.36017622774730496
1.002345076111366 0.470265310545945
1.0040598291147662 0.4248600759909136
1.0024599302547423 0.46263786221290404
1.0103656763867166 0.5526830428549117
1.0035745954595672 0.5940015072160891
1.0076922512435025 0.623367465257689
1.0006272943381784 0.7197496672367756
1.0079504415171352 0.3935628389027429
1.006106726566488 0.24370089429050748
1.005892184265568 0.3072876445667685
1.0030204720350768 0.3751128445310416
1.0046117234325482 0.3999294714206067
1.003549473172958 0.5144764649488422
1.002578036042459 0.2502856375761762
1.0050215697814817 0.23572581766991066
1.0034201373535332 0.34584856216945875
124.73285292770194 0.21973369356777236
1.0019553835898036 1.2196996992924012
1.004680349680451 0.9697290079963611
1.0061874225820502 1.014414091988149
1.0097886578541657 1.5964771188437137
1.0038852775506353 1.8855306528611548
1.002363323551902 1.9843938084338824
1.0030749270232864 0.7192996618773615
1.0071011382225163 0.9861414867880594
1.0137046801895406 1.7143838726272038
1.0143774693933003 2.1671845845306086
1.006509395074728 2.332629357260709
1.0037660678019127 1.2247142326901732
1.0103900232874952 1.6189435615514278
1.0082797538728738 2.0568127605243767
1.005159269537825 2.273941003318095
1.0033986929401049 1.757917730932838
1.003677125370985 1.9838988478404436
1.0132965604412143 2.1443057402602035
1.0150491383332152 2.02047450338384
1.003068619037175 2.0869287930068285
1.0011438806530577 2.093872228047716
1.009298734837632 0.9677573710833108
1.005145874466283 0.8155365333427386
1.007098915753819 0.9596241757951811
1.0066638095258458 1.4164805626705181
1.005329805396459 1.5852866951738394
1.0167271687073292 0.5744126669679105
1.024496364609551 0.9828809280716659
1.0303987794083966 1.5543684923858057
1.0211415362498042 1.8141497171091716
1.008662612268474 1.1968023509575938
1.224153742730548 1.535895925047864
1.022940675477134 1.7749197468796456
1.0212046595753932 1.6132433833477344
1.004594738607737 1.7246947994543471
1.0049634320672203 1.7527964017783966
1.0035501347586524 0.7228860821316005
1.0141338503717316 0.6507042884176868
1.009105043597489 0.8554645030715136
1.0039300348581042 1.0738334792678463
1.0148491325166635 0.6091272067663078
1.028181736840815 0.9399602639348836
1.0085596575474038 1.1793722719745476
1.001485165037774 1.1042602633678507
1.01574675821443 1.2302440045900096
1.001854080370905 1.3149318213662353
1.0071650228020306 0.5873542888278453
1.004841720378284 0.555561509405664
1.0069748993172478 0.7144935462769846
1.0088338353632114 0.7107108975360702
1.0159964660586205 0.8202456552708124
1.003927853025012 0.945884379796375
1.0078048257931422 0.5051048547313096
1.010637307226965 0.5298174234318975
1.0006992426333288 0.6587165726850988
1.0043341939173305 0.4542082502111112
1.0011079557670353 1.2196760381661962
1.0092081711181637 1.1317066037101058
1.0090768053973915 1.1638167991839383
1.0013657998766174 1.5517304413019275
1.001033862325331 1.7162516160921404
1.0068419553468118 0.9249316093237874
1.0242668660241419 1.2036084223010408
1.0144508025814378 1.6466377768917555
1.0037200722649826 1.8653608548624594
1.0085371594373216 1.4115675747666132
1.0064916305077982 1.6827660398948323
1.0042988355882074 1.8737069407300697
1.0121555949492091 1.784687475577159
1.0099044806746973 1.8741049704762354
1.002541327516698 1.9244981816998243
1.0106138235034443 1.131965246534441
1.0088810806098525 1.0619773730535058
1.0117966297198673 1.2653694854096935
1.0050714732313897 1.4829999497527173
1.00654500480346 1.0209918740537176
1.0380585966640097 1.3511367770969787
1.0201098858808249 1.5914774885344913
1.0042275282202058 1.5135150658488004
1.0142606819742914 1.6380081126771633
1.003067920055766 1.7244427604477315
1.0037827515404436 0.9691657129710012
1.0086804555460067 0.9318613984348849
1.0045256220667 1.1235683028382426
1.005294565674813 1.1021500680636755
1.011375182749681 1.226427441359238
1.0146502014408463 1.3593438329641616
1.012103916713274 0.8295845228550691
1.0086503276232346 0.8586026092638148
1.0080156525163972 0.9989607921551126
1.0039461959127878 0.7218675270709725
1.0013444463799253 1.2196594032096506
1.006274860560674 1.177707957631789
1.006535990395897 1.3012482700977999
1.0021811207720854 1.469414430019212
1.0040963530226987 1.166666814218566
1.0108357660434482 1.3938061032984432
1.0132735153796282 1.5552188218513823
1.0042769369773463 1.5350331813091287
1.007497461195206 1.6232992068610312
1.005618413871986 1.7194021029307318
1.007920070618821 1.1776324194595238
1.0404580419325589 1.148558056043356
1.0094012782951138 1.3075050068290535
1.0123708120250812 1.303864374565091
1.0040580760524016 1.408271667449104
1.018778474627271 1.5378635240864695
1.0096588178093377 1.0802696970966164
1.01437750070422 1.1078494392403877
1.0130902106628208 1.2521128187510602
1.0041311816288527 0.9702993529308941
1.0040541523605422 1.2196872327150312
1.0146001301020706 1.1986754697489501
1.0058862201985728 1.3073455025490128
1.0083761628896653 1.3300274932711682
1.011200301357085 1.398197252395014
1.0079535478965078 1.514463886838794
1.0040256410957358 1.1950345797543345
1.0048622600105952 1.2185820784705377
1.0170387842830777 1.3447694020288574
1.0006262685722895 1.1324676741125226
1.002252413377722 1.219612048064949
1.0100632062454853 1.2352298272661133
1.0050865743087676 1.3460903232572152
1.00288525293738 1.2039916304073732
221.01145589399874 1.2197097149724805
