50382.47533058623 0.24869892215734513
1.4390467126833602 0.44232570611766503
1.4085688744003262 0.3956442252020666
1.4719258523505037 0.5059294490092435
1.5588106973201334 0.5855253518381432
1.5439851678520213 0.563460260146796
117428.38300151302 0.6064018248063454
1.4026737854959013 0.40190240323105036
2.369049795829084 1.4606184826905877
2.346754481442791 1.3762052165143785
2.371464606333208 1.393503442054162
2.4840953245341817 1.5052269925103636
2.4773851999730496 1.4096666916791973
1.4089358588183303 0.4302466073719836
2.3477539549176027 1.400428322179305
2.3787505548790704 1.4468127767343129
2.4895871558994704 1.5411630435124537
2.5647724239418492 1.6215335100307295
1.4771312799570984 0.5136945160621859
2.3498881329556522 1.444579834199049
2.4011603177596132 1.4604594998850207
2.4565840724312586 1.5312754005177418
1.4402797410021586 0.3733427038983332
2.4333649956013157 1.5033650811063464
2.4864546358767807 1.5343078540608148
1.4506819949709677 0.46482999378434603
2.5011431451105404 1.5488898182274604
101665.16107757644 0.5094148532011983
2.3556230114251178 1.3755299234018028
2.3755484205124215 1.4815438890663126
2.346422392086535 1.3071726669470853
2.3800781154607744 1.4755425659933858
2.436690369123103 1.4581578209425108
2.3965916528999567 1.3552760096522098
2.3631331157662383 1.4533292053318465
3.3302682351718262 2.538785890265053
3.3221053890625516 2.502504603508083
3.315834709030321 2.444469083961159
3.43287153759739 2.466455932873153
2.3332370458805807 1.365166348857325
3.287726193189171 2.390998780999174
3.3014154935766484 2.433380200400827
3.3178633787497986 2.472293520148459
2.3676934179045754 1.4343502178362277
3.3038626728478455 2.4356242132168484
3.294861321829337 2.402660923982564
2.33936583876741 1.4139057017040817
3.2627099132418778 2.3871827164902064
3.372918268329989 2.374441104105099
2.398833148771526 1.4725305074535282
2.3457903018664097 1.377151433566115
2.4679978886179157 1.5559178541500251
2.442980530255041 1.5425387641278303
2.3757939568190802 1.446908930335201
2.3888715647938525 1.4486726936982086
3.2905747043196145 2.396626301354715
3.321485483763145 2.453419758228988
3.306680359993296 2.3557704922157434
2.3710036908511025 1.3693837105366669
3.30117824805523 2.4584241971140384
3.327611355992881 2.485151003365201
2.3518467940550463 1.32551321144408
3.297071014008975 2.4213560236414486
2.345530126842104 1.4165581987114244
2.4340703879999026 1.497068475608207
2.3939228643135033 1.4482520215006702
2.4463229909614084 1.5407166685176974
2.3818989935600596 1.4492295474427177
2.3543502556279545 1.3649196672414214
3.325292088122823 2.439705431584981
3.310136645218491 2.439099160783542
2.3569171294507285 1.4038265275063122
3.292720957271177 2.4046869191769678
2.3137279367987507 1.27808804955914
2.3584584899185117 1.3602200999848744
2.428248196216157 1.4864285357544684
2.350169540155677 1.3820960081100189
2.395950261755183 1.4431531985606334
3.273207034289917 2.293239722236172
2.3354115782484044 1.3130296411646587
2.3898575561007744 1.395436815638434
2.329901234496912 1.3001571742522673
2.4076848122331116 1.4158100072217905
77845.30826222988 0.39901838030108555
1.4116863534411421 0.4052671700374902
1.485012584257217 0.5043713399389461
1.3559654735859559 0.2809059421667944
1.4725538684715844 0.5005928197739187
1.4885844661183445 0.5003160553030506
1.6583782143959123 0.6918509405930781
1.4465774040935893 0.46948639688065236
2.389586821484529 1.458831159525475
2.452528281260146 1.4736107955944002
2.389678881584617 1.4249288780879352
2.452232916364244 1.5217093008504956
1.4611329022416377 0.49756544478589537
2.3660491628314344 1.427716554157292
2.458855011913913 1.4860527272154485
2.510736432440564 1.5832487649391074
1.414736359069983 0.4102259662974502
2.3933859067914174 1.473760723470906
2.5608882832491906 1.6078548348131714
1.4621596244452764 0.4922382344088161
2.4502335851137778 1.520538135037874
1.5170320076561343 0.5518689276337835
2.4388468224613162 1.563036179974261
2.368261584252674 1.4185864252614406
2.405275377382651 1.4553314824996362
2.4131457707445705 1.4493877885587916
2.3391175254351664 1.2739698364684948
2.3291368706051294 1.3793266366003918
3.338035990137747 2.3967009710175664
3.32052242032341 2.4629806411488153
3.323857480347102 2.4470244375293166
2.400526709893816 1.4869760378640322
3.319770456497556 2.4478930768510474
3.29330115983179 2.4024368139466117
2.4313297718587545 1.5700667677407874
3.266514329211051 2.3754861581707445
2.395575749498841 1.5150446725127127
2.5136969052063227 1.4248509737270458
2.4132832000811923 1.4394578728466427
2.3993799507742946 1.4844334121815197
2.3743239947056543 1.4374585955594386
2.4039926575780743 1.4892912557241338
3.3105223668466537 2.4113552818577713
3.327218600730076 2.4470865029338715
2.358503670695379 1.3634574151629633
3.2963759551139886 2.4321157420983104
2.3691910657179385 1.4535187196352817
2.369189754441315 1.3894083431332085
2.3561074655246292 1.3930864037074056
2.400306506338449 1.4546940251484741
2.3613522920837946 1.402836374349564
3.296255652343377 2.3527221655921533
2.3687441289382 1.4103397568443365
2.3856989128344734 1.3913034005527898
2.3956387449781893 1.4551124422339483
2.3793218585312896 1.411474338455123
1.5118821823114912 0.5239308131894961
1.444224889344022 0.41664292391766355
1.3847264883250334 0.31467819155812615
1.4849115572638565 0.3876896238215354
1.5849038507681918 0.6239163159382971
1.5692766091982313 0.5802571893075656
1.4362962328525442 0.4398178539209069
2.3608095037661125 1.3697036173708268
2.3976784263676403 1.4332408677472102
2.4450541242848094 1.487535552995017
1.5380907008282902 0.5224933366174968
2.441891502778294 1.4772756342282714
2.5006799011274925 1.5727131582548244
1.4393142580069782 0.4385820895687084
2.507682141584886 1.5724833578419415
1.7153189531594912 0.7746485893233721
2.4052778206996415 1.4440894013810093
2.3706762127307686 1.4251029220145102
2.4389560527771073 1.4672775849059048
2.3667319391547172 1.4089047746257206
2.3433990272264404 1.3777632073157884
3.3069029197443394 2.3945791876174676
3.337633399062338 2.4180730809550437
2.3765627232872673 1.4472245345028207
3.326873987541198 2.452371643987224
2.358359891907387 1.335279758975957
2.3754845926025077 1.4072215657998077
2.3877858615767944 1.4204538234518653
2.372624030045067 1.4184442758436724
2.369395992561396 1.3443547137911718
3.345341986598088 2.472388426302535
2.3614367056607026 1.422303800312117
2.3948494523449373 1.4180659056702474
2.362735191750332 1.4082346735233813
2.336653561788082 1.3133136289417835
1.4468954102580536 0.4491166094230331
1.4646218866132572 0.41281227717877644
1.4528839237696787 0.4294348909013271
1.5443551404348832 0.5571347417260522
1.631247220523397 0.6547855949264406
1.4626894438073972 0.3907480486331416
2.4092436554288676 1.425408947688179
2.5719286735040177 1.403712798814157
1.5015817426379507 0.46978275875372916
2.5122824622975424 1.474527279797656
1.5308743051171723 0.5190629526545616
2.3776687333599176 1.3929006235182069
2.3975958415820413 1.472128754807524
2.394601652114387 1.449624493618544
2.396601091449316 1.4437925179765374
3.332498173532774 2.418612243599976
2.3412237505378517 1.3614281592208521
2.3415545641899813 1.2738341658275876
2.4241640163661184 1.4092870946314249
2.3585103268026613 1.3398329248874858
1.482685322961316 0.42892452682884186
1.4722084606663501 0.43158880548724365
1.5308005099955362 0.5425686189918152
1.61038269326265 0.5956588133317687
1.4808178006128134 0.4584111976848411
2.463406949709256 1.4850932308220948
1.5731197739281901 0.5243139462232943
2.3613825495155365 1.3612698856644234
2.3619508478525413 1.3633883395772841
2.4025941838934353 1.3987573399368822
1.4269283560301118 0.35863246783278424
1.5709455953248408 0.5274275164572515
1.5773043037984267 0.5605187016314119
1.8113353708778448 0.729534087233076
1.5243035192495173 0.4836085431891412
104102.52827192459 0.5185219348849547
