1.0001636156008245 1.6531196954041723
1.0002482036809095 2.613087520990555
1.00056887763575 2.260338265696493
1.0002072320039697 2.7085030093958964
1.000168551336603 1.5928778831072552
1.0003790872188696 2.427956972750264
1.0000538522476392 3.5480411249590142
1.0002383253310159 0.9060263161827588
1.000346602509896 2.3905138144885973
1.0013814325669221 2.723980520209012
1.0014552588254186 2.6846797167375254
1.0018372776740374 2.728055067421692
1.0001148409095477 3.0008930725416976
1.0005860744052162 2.1607856936246073
1.0009416249402336 2.7079633658655675
1.00151121669684 2.7179238862423554
1.0015943639487281 1.8563850347389523
1.000447670199168 2.386336301544284
1.0002007039845953 1.9138571243156886
1.002906495911342 1.7441736865033148
1.0004865091157027 2.7083736561803518
1.0000681448302995 2.7155361999253462
1.0015136382023293 1.4791735939145103
1.001766439496052 2.662856370480495
1.0000275312275932 3.137375988052167
1.000486787466083 0.810775068383706
1.0005823854466247 2.69618426318694
1.0002264659863924 1.7910600963980379
1.0004866886081474 1.911482338417765
1.000912720683804 1.8918666210119857
1.0024915170385182 2.5776657963914835
1.0032197132105105 1.769831665808765
1.0033083612299172 1.8201763143625356
1.0003611145881741 1.8187858515847037
1.0004329992425385 1.8157395510500902
1.0014446001019077 2.7121383592158064
1.0022255554053277 2.7219432356850892
1.0093453905507654 2.7255742786862953
1.0010712640638937 2.7259767753034994
1.001225272128343 1.7695154237200863
1.001932444441776 2.708381539428829
1.0036790345547952 2.715096332513192
1.0057439180729524 2.7248024777702637
1.0030931436907367 2.390642389315314
1.0045209013472274 2.7033997139397155
1.0027034655629135 2.7164650862881476
1.005199610195389 2.1619430420541508
1.0007390365963351 2.700311430566414
1.0030825804036456 1.7501175936670075
1.000547503075327 2.1015063294426968
1.0009244506295538 1.7449500822889563
1.0059083154286927 2.0011335446380505
1.0021526656796387 1.94383394785587
1.000663004555658 1.8364387863624414
1.0010283495631693 2.385701040435997
1.0040245964858852 2.698341453768246
1.006339275872312 2.7084407399572292
1.0007694766337407 2.7172363960242936
1.0006706700140138 1.8490757017555115
1.0013609571212412 2.7022127174903225
1.0003167170158132 2.7125882158101517
1.0008906108000222 2.2834015682281414
1.0010730420385154 2.6992018673995988
1.0007577275378556 1.7410974584230978
1.000202035162316 2.0656771360170874
1.0028109748265277 1.818256781593075
1.000491114041089 2.565264696169021
1.0008928416776315 1.7638897595104481
1.0023765042986275 2.2138845314243847
1.0137674088491484 2.689782849850041
1.0015017283380394 2.7020904102245282
1.0021892055068076 1.749682634784943
1.002549629517866 2.695523140450553
1.0000654606051758 1.8301675349762616
1.0011255250952533 1.8369212937815766
1.0020632411236943 2.551171343332511
1.000035444850441 2.5393034227325924
1.0006017245890506 2.46069077009039
1.000888716112165 2.6828866740253012
1.0002354503704969 2.403387062574245
1.000154632894081 1.769212063735106
1.000571878060172 1.8228666782609089
1.000036606922555 1.8114237261295236
1.0029578925034477 1.507722778213294
1.0002358397890363 1.5027859128111272
1.0004331759093414 2.097840378083185
1.0009896814356356 1.047348298967393
1.0036858984324046 1.519309652917312
1.0010073708051748 1.3275708899803802
1.0001128651934605 1.3741567749375618
1.0011685970707989 2.018708699055898
1.001446982153433 1.7745198033004388
1.002536552360584 2.3144656154678978
1.002628730831955 2.4383153616116946
1.0010709898075547 3.009993693817503
1.0012033513353975 2.10065169821859
1.001826934525495 2.422429683824979
1.0012693226696263 2.4018445189970263
1.0013810394831468 3.7161209961735504
1.0007861667198747 1.243311989821632
1.0027104634321373 2.3481509437137382
1.001876457607591 3.0492406622109733
1.0023805480886423 0.8928957838996727
1.0007347413481273 3.0990132484960506
1.0014158101300477 1.541516941615351
1.0003584255299893 1.9960385294028558
1.003517619212267 1.8588855340861352
1.0048809404771204 1.9405712509037363
1.0008569699961765 1.894923484772632
1.0001504451316308 1.910813216533517
1.0005783229718286 1.7182031324321987
1.0069960213288336 2.694560534051846
1.006187683321826 2.7041190920220837
1.001907147321978 2.733923284458606
1.0032789156699955 1.7214408758054984
1.0149384237324326 2.6922535264907115
1.0024172389404578 2.73087406331266
1.0024353974903528 1.8170321450079459
1.0122198197558616 2.6892162721468136
1.0000755464373823 1.8203060343533037
1.001467341927144 2.5117908013823262
1.0032797089483412 1.8479849673997109
1.005625241530214 2.3529225726399217
1.0009160265478747 2.5635899428408893
1.0020624232726574 1.7705141329975103
1.010869120659795 2.6991424291924027
1.0080436769033443 2.7011296678726078
1.0031865257891943 1.819141058076394
1.0041052191992257 2.6918928153825323
1.0037139981006054 2.2649177427856637
1.0042496120915925 1.7681177529518912
1.0058625620299015 2.3745427733339914
1.010503552761013 1.7997030561374792
1.006543476973714 2.3735435017447437
1.0030677912854324 2.684774840790812
1.0012636702679683 2.266893886261015
1.0003443831077565 1.839736531518462
1.0018939981882684 1.8657222671867657
1.0008545418283408 1.7173239398602163
1.0007605513484679 1.3593518286765573
1.000546909740688 1.8945863056519479
1.000863575720871 0.9053518599560787
1.0005700158785533 0.8275605763831845
1.0010631783124 1.4481740262980958
1.0003678602518196 1.924162031756651
1.0010281287641474 1.5652517450182828
1.0033483047575857 1.7328637006156256
1.0025567036843464 2.2142499306138426
1.0011118719164036 2.4118674191538814
1.0006029407790222 1.5293828872435395
1.0013609690912741 2.3070390031283265
1.0003160252902248 2.995140569752012
1.0006427617862497 2.0691336997503873
1.0007822910237132 3.662791026884741
1.0000200120908482 3.1659494130192134
1.0006185963713556 2.0620811921826028
1.0028372984638456 1.8636935833479935
1.0012956952968344 2.533634608053993
1.0015576665168284 2.563911708959795
1.001542664954208 1.743458185074266
1.014159388536318 2.6739777766946626
1.0013238482649933 2.723625600483344
1.0020293344366553 1.7613469222680722
1.0029548593843138 2.70996372140089
1.0024578942189553 1.8130656346349705
1.0002827104116414 2.05405249328933
1.0028839610902323 2.53201057372146
1.0006504101910072 2.5436401786140266
1.0034492047511783 1.756586434042168
1.0217888720356807 2.6794404018117595
1.0005163167539954 1.7151236650298347
1.0004629047806062 2.044313472671516
1.0005111617696554 1.7913236535056198
1.006514923963639 1.712116620804769
1.0000534900557678 1.9085733553097253
1.0001975054780297 2.130886577345998
1.000721185682272 1.572528586089567
1.0002901769733101 1.2154008679012327
1.0000434668572669 1.607058798472045
1.0021916683488605 0.8012358557908039
1.0083208091245215 2.405500686376568
1.0000386674536603 3.6482478314935585
1.0018644974271438 1.401634974493368
1.0007133304587617 3.363708236396941
1.0000650047310127 3.0979678320792083
1.0007292525947318 1.8767477359750513
1.0021096226162576 1.9155813606021546
1.001299713737053 1.8858162134459722
1.003138238577899 1.7541535419767973
1.0032897605656477 2.6583831730535845
1.0018332327579607 2.2594713080549687
1.0002153706901953 1.7756566294856286
1.003090530412702 2.4086559067189715
1.000954706529783 2.3224911032235327
1.000083653789904 2.239921473873275
1.000061510854968 0.8013001521455878
1.0017664466860343 1.4778637450907162
1.000030709700766 2.2331737577479975
1.0004729886433623 2.1256847426993977
1.0008624602660046 3.673620997560548
1.0000440896859912 3.132451066347994
1.0019585976353143 2.0187023401725734
1.0000197170930571 1.941909874057307
1.0007750847638 2.2909524024075307
1.0000875122033204 1.332837113429808
1.0000259087719956 1.4030053650384526
1.0009274593316762 2.8209435366777686
1.000376622017953 2.376641714308451
1.0005711511041535 1.7055638657148524
1.0000000546308747 2.253828387433316
