1.0029231072802025 1.4552135115943126
1.0017280024089394 1.9991745008200446
1.0010685139338398 2.4474848638380413
1.001108210440228 1.9982730864419858
1.0001022297382416 2.853879520406861
1.0005661460319757 2.944283071446816
1.0551357446527019 3.192991083891968
1.0048416008862697 1.4057440974122994
1.0091436986701616 1.8469574670286444
1.0080709108596482 2.6524178578089455
1.0059165214013464 3.2163079797089473
1.0056414550435508 3.364106804349824
1.0102748726526314 3.711715291175449
1.0003155093226261 1.9351404014289584
1.0051586848767686 2.0146746206006654
1.0201747646456432 2.0897623320683674
1.0133999092652988 3.2614528818739825
1.0057486284870607 3.4258776693974795
1.0003241073740858 1.8469742509433835
1.034956350010481 2.4798576920823456
1.0118524664308994 2.1241929993946305
1.0097882822026758 3.1816570928266095
1.0123907926901834 1.928668568750189
1.0041122617146487 2.1678050361370547
1.004391745913597 2.0181951149909407
1.001043150905171 1.914527145669501
1.0013567436345685 2.4622890914667295
4.3485438075739955 2.2537010305148826
1.0019028021928715 2.4594314319057355
1.0015322612479478 1.9103562925441875
1.0057573911122264 1.4315035747294935
1.0006483510133746 1.5622428145418636
1.0038728860492827 1.6460742619770938
1.0010099645029884 1.694618429128532
1.0013375272637295 1.6579586715750625
1.01493485422626 1.5851981178811236
1.0123384051196096 1.8041688929780064
1.0146245436402452 1.9478755681148807
1.0065278321757052 2.0392228926571043
1.0070907649320182 1.627598725280547
1.0117931633756103 1.7063516840460196
1.021491046872005 1.843648438949561
1.0128476958420651 2.001851515158691
1.005349487756404 1.730845050933035
1.01042941926982 1.7632313245903328
1.0180694866806999 1.8529984476997439
1.0122946965162503 1.7765621064472863
1.0023612651132023 1.798346288642526
1.0048309389062022 1.8031686397086717
1.0018304387626182 1.925983872499562
1.0036708376635248 1.546193407397253
1.0090526226455747 1.1849678794224723
1.00159896347611 1.3199201817335444
1.0034284641694902 1.435579196250563
1.012562280589534 1.330124218380094
1.0176251977228512 1.2927763373522545
1.0097358901332685 1.4416573481554922
1.0196857217571063 1.5804519827173347
1.0140786936620385 1.4327622379940355
1.0117868502351943 1.49752110042317
1.017260767410422 1.5842621017051872
1.0006796522697279 1.5576611636111495
1.0089398031830492 1.5851914870441717
1.0056331277730568 1.6390822241962786
1.0018513542161713 1.4289191406779227
1.002171308877485 1.1514353086855114
1.0023342796445764 1.06947290947449
1.002923084703563 1.189013088434112
1.021677023980458 1.1369235642658873
1.0224614263011496 1.1748319819225082
1.0031295726583247 1.265812896144144
1.009978180658649 1.3060396343619218
1.0206083189113608 1.3346139347387953
1.0029533148470793 1.4372853765747027
1.001245634475169 1.1061925171484361
1.0040380168300056 0.9541213118813298
1.0010180039251892 1.0143013075781704
1.0140034214060267 1.0881983270713327
1.0284797169559965 1.1150285523552639
1.0118638353471265 1.2231351902861478
1.000841643001091 0.9618977972093162
1.0016887395720675 0.9472408112823444
1.0071084515625028 1.0581009170329578
10.418598493409345 0.9296163710280003
1.0004804969685113 1.9312183132984269
1.0007677013765426 1.6829602384746418
1.0026740371353395 1.7209187636432868
1.0010707410262065 2.3056461286617935
1.0014825082433303 2.5963807362549516
1.0037345487498417 2.694734657614542
1.0124257359003561 1.4277173604752926
1.0068629781474332 1.700928277156235
1.014721115968757 2.4241805233125158
1.0188903689447462 2.885567299205727
1.0018899105143426 3.0450653642929595
1.024818290737718 1.9416502715881752
1.0193006754637088 2.3253351955224844
1.0220904455903377 2.765658985323973
1.0176403174616766 2.9817246056052844
1.0156437258936144 2.4621597285547514
1.0116981575202237 2.691565123292711
1.0181108845810103 2.8696233274582155
1.0124927426357277 2.7298096901951583
1.0146062000063172 2.7924633672379646
1.0019603847061604 2.804206206723451
1.0033410784069852 1.6809060288810105
1.0096246665431752 1.5260173406184099
1.0090774328243548 1.6959202033282197
1.0144934877818128 2.125872592007248
1.004084012648663 2.295615854802542
1.0155270477822933 1.2934312913578534
1.0319658760348192 1.696415256120225
1.0138707774841338 2.266447154427351
1.0152022173191624 2.521860626535925
1.0217218382291149 1.9158031821431316
1.0265444941650073 2.2499678526424525
1.015357766351928 2.4747977030102817
1.0125112196702144 2.3345004632755866
1.007964542195034 2.4396759508314547
1.0020306950662 2.4659418153725805
1.0032516544486239 1.4349373597782789
1.0022130345461178 1.3671843129512793
1.0043812026734273 1.5654824160179883
1.0017362014349018 1.778011837393714
1.0092365185429684 1.332914888604876
1.0086953470485969 1.658263343187545
1.0092481636851283 1.8905609249747277
1.0179029026594444 1.815039312376141
1.0387301642581792 1.940763737734157
1.0582481127359846 2.030026328038019
1.0020294379969434 1.2998681041920574
1.0050781297306377 1.2677179334446889
1.002694708344476 1.4267706630093233
1.0050183216135522 1.449335288218764
1.0138828567914577 1.5211724712198578
1.0219006520574276 1.6641380879439924
1.0021973257021224 1.2178117076159722
1.0078694382988136 1.2378007559990893
1.0130042622834088 1.3912218219136427
1.0019105239247705 1.1640840763704814
1.004424179244345 1.9366472679186888
1.00118377142389 1.8440280770716821
1.0017982109426098 1.8757333816455595
1.001566590200946 2.2613994211993758
1.0015302334383225 2.427959327784587
1.0160310067033087 1.630075779840584
1.0102364718319337 1.9309106438338146
1.0238815859229689 2.355538993022306
1.0175380267985348 2.5756811605011083
1.014800548450554 2.144907668575807
1.0230446336212582 2.4109103258180533
1.0106532159370776 2.5890485169905006
1.0154394103357267 2.4918133304442724
1.0137992716853008 2.584496667083399
1.0266982900100183 2.6361693560998103
1.0032412803912265 1.8428766251725524
1.0019523665108692 1.7724332731068668
1.0071286127145362 1.984842460939424
1.0035417232148067 2.203495679009075
1.0196738373618135 1.755662174784873
1.0059879972573436 2.0658736489898835
1.010787071865913 2.304021853260752
1.0104542869978708 2.2254756574596395
1.0190405967317155 2.356958597584095
1.0088277536187984 2.437686034049155
1.0057583174116187 1.6788719357671935
1.0067705163908627 1.6421982850012269
1.0043782090168158 1.8355925540042173
1.00546046436939 1.8088839985129106
1.0193507659109617 1.9429787056748165
1.0075647454588252 2.074325251984309
1.0019126335235484 1.5399113594362057
1.0012818081084351 1.572151500044228
1.00370937251162 1.7108766143948393
1.002605767346431 1.429913356351167
1.0100592099313466 1.9306567825708312
1.0069773828765878 1.8874920834093394
1.0012875604827998 2.0079941948460056
1.003308745489032 2.1786497411158665
1.0055954391678814 1.8793121762822
1.0086308384913294 2.112726573498339
1.0089129666052545 2.26646777068683
1.0058391998627105 2.2727058454605538
1.015749950831732 2.3373566742927347
1.0130509230761653 2.42382183355995
1.0050423596854725 1.887520324576997
1.0152452844517135 1.8569351855850766
1.0078872174615459 2.020118134198274
1.011028852957783 2.014190707401225
1.0032869678583602 2.1192732221480397
1.0160921784390302 2.2473213277879136
1.0076139024101023 1.7932956714459767
1.0074029306080885 1.8203874595386669
1.0051986000569082 1.963317526369813
1.0036086064051937 1.6802422945998001
1.0020625380044101 1.933172467582408
1.0056796457739754 1.9110260136275596
1.001002284300894 2.016641142486102
1.0136995912204416 2.044192606829068
1.0069813112213433 2.110514982857843
1.0160697451971537 2.2288246823786597
1.0052023197281974 1.9055078881736747
1.0028401566378489 1.9277747945889256
1.0083888910464276 2.0596311371884397
1.0023376103768298 1.843872449146831
1.0028505943426824 1.9308466518659462
1.00563591162913 1.9797002638984673
1.0128997315769002 2.0629367785134565
1.003191341924723 1.9187971680590277
1.1906060167051105 1.932666484529883
