1.001058548990871 1.9577606028846262
1.0005243613686332 1.4971992438493167
1.0007349666901124 0.7497286721050006
1.0006476617243576 1.4883047610965947
1.0005591800883589 2.624766256458821
1.0004004634252714 2.318447893850312
1.0021956778634422 3.5437987999078278
1.000917309310634 1.6964771531385066
1.0008810601228193 2.7242504233694285
1.0010153420731882 1.7522534460843309
1.0016850164906872 2.7312713577945504
1.0059967839124806 1.7847771535666561
1.0001805234497392 3.4810192122011925
1.0011085489853748 0.7589596471912843
1.0009040837272896 1.7347223440186184
1.013507459668253 1.760563390373164
1.001388975848045 1.797257538183429
1.0000646841232195 2.770678657859113
1.0003787325785922 0.9377242381879962
1.0008989180856065 1.933764245873735
1.0013215505218678 1.7794284533565754
1.0003968759674355 2.715313114341886
1.0012609824080785 1.7693227452934845
1.00141685590744 1.7711438994100888
1.0005916254455876 2.678226674810021
1.0002628274391863 1.1555110070634786
1.0003630052955743 2.695825044457301
1.0000008177328825 1.7737460274156398
1.0009529959658965 2.6259784903329693
1.0008340549386576 2.3637041376151027
1.0012091607962867 1.7724604372921784
1.0038796199517952 2.5242537682818544
1.0039599256109422 1.8258178107171483
1.0008170728305383 1.7454150412119236
1.0067290401378186 1.736571548514982
1.0011871160985493 2.722575832928452
1.0101055547953492 2.7206408833564826
1.0022131045145826 2.739782161903281
1.000910519757348 2.726552645950023
1.0018864258946096 1.913923527801537
1.002545800181218 2.708543147192775
1.0118472323860326 2.7198423279688906
1.0003055963075087 2.724764645003524
1.0006148619771074 1.8975272244412185
1.0033329685565535 2.704054937303524
1.001856685488828 2.7159066488510346
1.0010250687206623 1.7629762874471764
1.0005794857766024 2.6999175405401985
1.000025683028149 1.7410329645859637
1.0020992534373165 1.8224315692120592
1.000400811084995 1.7790305072754142
1.0020019924405883 1.928815616498651
1.0000869848169271 1.7597284441981422
1.0000621794806355 1.8271160007114355
1.0014946181650015 1.734329350003224
1.0026456715767713 2.6995868570032386
1.0017381160298438 2.710477917998166
1.003263726480933 2.715393802295886
1.0032700403452657 1.7572407290971896
1.0073548731969586 2.703079671644539
1.0010229638805646 2.7142418381711737
1.0028445596903741 1.91173606336705
1.0020691129699264 2.699127294324698
1.0001892457765766 1.8107828346746164
1.0006830470639738 2.329878740270854
1.0004464462981337 1.7954232439680469
1.0004249150124611 1.7211817279375925
1.0002407216656002 1.7836232313460985
1.002950523756731 1.7501007415855674
1.0027241664108304 2.690297313018947
1.0087847297105867 2.702834377153557
1.0005060443026477 1.7318382897141937
1.0012549583909267 2.6941013282903037
1.0000654199334968 1.7335372267951485
1.0005435925177224 1.8693676519997653
1.0020913733606283 1.8686083577960189
1.0004950691281047 1.7861185998435634
1.0003099123946397 1.7229609155295176
1.000705674075898 2.682647790567617
1.0002626879303265 1.7508800124033361
1.000034750715935 1.7788583738410448
1.0008633102916644 1.9010881009446925
1.0002864350917295 1.751061046366837
1.000026689267948 0.8935345480798067
1.0009170901186926 0.8415725841391112
1.0006754204843307 1.2341434572185477
1.0010166794094821 0.9719479820095167
1.0016857353618334 0.9557406388681506
1.0037894017272073 0.8969284339163686
1.000162899149194 2.17100422585276
1.001001438596119 0.8332392148619099
1.0012808871388326 2.3011304773020407
1.001435476720057 2.3664576690254777
1.0014018971807437 1.9036579857939397
1.0002377121874046 3.571983332389702
1.0001639743593576 1.5099648418894978
1.002371205638163 2.338846618782764
1.0041225957347892 1.7758067685242338
1.000304975112038 2.9985820511352657
1.0006368257693552 0.7978322687103535
1.0014494070616895 1.7555615016309067
1.0011209595943942 2.978912376361603
1.0010137786639333 0.8091185770061888
1.0005745474589849 3.695195306713566
1.0000014400597554 2.693344672847997
1.0006982503779693 2.677463023120217
1.0018877927865815 1.9446598021477959
1.000843494843878 1.7647524347288512
1.0031034870401117 2.582986126977533
1.0004056533262264 2.3427516081302597
1.009853574129039 1.720763395711097
1.0023541413633716 2.693030700567814
1.0279045509144062 2.697119462731778
1.000986829552671 2.7063221639529518
1.0026603179005729 1.7226894385487745
1.0297754026917227 2.6943658885648754
1.006659157346154 2.728805110283452
1.0014701607017182 1.7430955645827377
1.0026012014499368 2.6885082659545807
1.0005626090768056 1.8268880433160175
1.0008023101259265 2.6285607026223383
1.0009504969730374 2.5637268855007953
1.0027714671260526 1.918871653414414
1.002867895887103 1.9139658575687803
1.0044260724955645 1.9892078509123836
1.0054466677518885 2.690975398828381
1.0060095719797282 2.7127315033210446
1.0031490625687092 1.7285848832826756
1.0027125867703792 2.697460294496522
1.0007825247927042 1.8572577688750331
1.000024360969729 1.9296858351323547
1.001409266402945 1.9087351054754822
1.0017430202508202 1.7331628413821294
1.0055530022382693 1.7782983330148272
1.0025558714748248 2.6875858798544736
1.0011415041045415 1.7566614986812839
1.0005649615634111 1.7930380379562427
1.0019096235188596 1.9076290686531248
1.0007498877347762 1.8947459882055147
1.0008341915994057 0.7984620140812065
1.000090151982419 1.4920866885302813
1.0006144697617345 0.763339975164435
1.0002072809869926 1.5980410835219727
1.0005505909036174 0.7914355979173968
1.0000079292194801 2.844068423219441
1.0015830934542889 0.7423352196825179
1.0010686687344847 2.4324011509619234
1.0013246278104748 1.7722799356109955
1.003265201005389 3.452278747451509
1.0017094273816798 0.8425928793996711
1.0032914474097967 1.7635089144726217
1.0001381546613666 3.60056803914044
1.0028456240315298 0.9659709370034479
1.0007956614296962 2.997032449486948
1.0000697191998789 2.0102746629780097
1.000041576969041 2.635132691603543
1.0030207742045625 2.3594059356377786
1.0014950423079823 1.8827418906651379
1.0003088511832823 1.7609718924683033
1.0061471743855264 1.871190324710785
1.015912942727456 2.6747806492472606
1.0043458446186442 2.6849973966105543
1.003749645552342 1.7879317165356567
1.0035320382257233 2.6765212837519723
1.0034531066036945 1.815939771779096
1.0013714962073836 2.2933027746929904
1.0040547523618832 1.7846234064990416
1.0001220016798762 2.3382212990898843
1.0030964766006287 1.7097767663660877
1.00783160943923 2.7056424156137275
1.0006754184084095 1.8556688239911676
1.0017016260860945 2.627170866314575
1.0016527384023681 1.7819678081316084
1.002767606648045 1.7205370488890552
1.0003594541207699 0.789943933627402
1.0003788817943209 1.8637699965747156
1.000667778026905 0.8718703262831633
1.0013170407351424 0.966160685998893
1.0002470345725738 2.917205897893969
1.000898025938795 1.4145393783109286
1.0012727860370416 1.8426366283042135
1.001246290878738 3.6673401579201625
1.000430694301911 0.9283021704070811
1.00234863094979 3.6755990058569212
1.0000423043062185 2.7398366520232385
1.0002350486964546 2.501599716224543
1.0045772738271475 1.7202983300226697
1.002052665281252 2.561086736414981
1.002034967515724 1.6915261224326565
1.0018084668301708 2.7167645930288153
1.0006073680242582 1.816565339355641
1.0006508792894226 1.737867954365775
1.0022165182685128 1.914315751569156
1.0024420971963912 1.8387034712003751
1.0000138315294502 1.458311702703179
1.000544928422016 0.845716573050603
1.0003252657288881 0.8965250689754225
1.000493132595552 2.752799857750877
1.0001969315960453 1.6709607284652805
1.0006984862557256 3.6658318841397435
1.0002357587708668 2.4700473799115668
1.0015284854201556 1.8396691479183578
1.0018505114505343 1.8967243367540316
1.000059060614797 1.752400650702676
1.0000435830046221 0.764548296113305
1.000035508035731 0.8388246429975108
1.0003624670655107 2.46774104963051
1.0001454163047947 2.8892265035053315
1.0000650793778354 0.7814855309156994
1.0 1.5737509836743069
