158300.04408146927 0.8025069739294473
1.8176955415031468 0.7806634630688442
2.161718601868784 1.0854504931126243
2.4673259937934797 1.389733459006329
2.6747939298796157 1.7159380629885632
2.7432635185600245 1.8175330601548998
344121.1961456807 1.7618901004902412
1.883406690918471 0.8193392156457422
2.231450746701632 1.0652064161017472
2.762145310474329 1.669172322488473
3.102095886366505 2.044852400751452
3.2471259104571737 2.1304974833616455
3.2715300193510233 2.1945297721815953
2.2717550488230036 1.2294460370455438
2.48456759564968 1.4546084231386711
2.8261914424361128 1.8134851995565384
3.1042721671250364 2.1563639025123287
3.1622209777601817 2.165439072606871
2.502218246120355 1.4637798265712845
2.7017901574102297 1.749401604316824
2.8499198035232234 1.8774175780602786
2.96663544779972 1.994564091861632
2.664569702335285 1.6896406139240945
2.7964487880460966 1.809382662833526
2.8190697221763736 1.837245948648
2.731068141583716 1.7637851177983972
2.756027862459468 1.7762688499019825
343789.13144952734 1.6997481462369413
2.561086586650224 1.0840883454743475
2.1685140816938246 0.8463238292411159
2.0242713300441633 0.9147327879502457
2.2815680781300722 1.2922238518949745
2.436760831065499 1.4463415533957207
2.490676278515274 1.5244146798782445
2.0952997054784674 0.9005860506949921
2.1895934743666343 1.0071171864138517
2.4912913842033104 1.3856393978193433
2.674748583048997 1.6146806857582063
2.7722973356934926 1.7654570631914406
2.2126180138704292 1.1033583741182227
2.382018130581123 1.3564524266655245
2.6259130160817215 1.5947411076606137
2.8031184129670206 1.8552070259846185
2.465006675867245 1.4621721614929148
2.5821462191285915 1.59649563787593
2.679490289847152 1.7412708856350982
2.584240091562967 1.6100697869183191
2.61364020699835 1.6173117768297747
2.6268243765793837 1.6638431202756325
2.5453348598718852 1.4388087704998698
2.2484513494060474 1.169859203058323
1.9424899857672004 0.868961530050056
2.105921301121601 1.09412189592952
2.2329306238112085 1.2381528384421423
2.0549890520726093 0.9596439688392944
2.0816616502534426 1.0316993377174177
2.235481314965326 1.2575237469007392
2.383355479029789 1.36602906549331
2.184475958388927 1.1568217577419149
2.3020822309572946 1.335172043426084
2.412437631510577 1.4448018914216019
2.3706715345670393 1.411591845991485
2.433466225617091 1.4463896248662311
2.4517495080765626 1.4795612864334362
2.175006496066594 1.0873018143480282
1.9440852471449053 0.9379477802962193
1.9001320691899437 0.8926544758810675
2.002147354267661 1.0258242287566202
1.954754325631383 0.9389447602742941
1.9954303314326094 0.9924189320583797
2.144279828513271 1.1029985267240652
2.1008249318415615 1.1099152274625192
2.183474113585695 1.2084122346122568
2.2517884329529028 1.2468731243773505
1.9216010710999978 0.9098632542281149
1.8354711277609423 0.8545741172014966
1.843353408153952 0.8469755740152107
1.9204089880800868 0.9116972929431186
1.9338893271382578 0.9415023050157814
2.0633875642989254 1.0947020855449943
1.800626010755286 0.8132485537132554
1.7997891319653756 0.8112039854207082
1.8843703594847114 0.8987591419171376
149568.0376518438 0.7579488662036639
2.5426752465390163 1.2782027797167979
2.310426811639556 1.1647538911448436
2.4874671606145635 1.464542353702355
3.0760239916672205 2.1134561481399277
3.3398373551670146 2.366069354633443
3.450295638654725 2.5349394427554888
2.2429818086601623 1.1705020800284882
2.4201153171885847 1.3605062121435991
3.1221022388285538 2.083130384135841
3.5549824325548167 2.549801665416993
3.6841794178797995 2.6667982322687713
2.7068249882153834 1.7040931226841018
3.0800642654089025 2.069897474436044
3.5098693801805996 2.5575014961539617
3.7031518029422577 2.7362473318307745
3.2411475800915373 2.255351195209934
3.4734181809708606 2.5332536613599164
3.6107972740020804 2.675506947054477
3.505984488351981 2.5555648348884534
3.5707118343894386 2.627676875357643
3.5889947976289895 2.628677867080291
2.4022298091452576 1.3192331291527974
2.345088427678511 1.1950848500571867
2.4308236412282054 1.4110038316542493
2.878159078323233 1.8807471189425726
2.9893968401457363 1.9210916851853914
2.083886795344344 0.9663637163743979
2.4706156281500062 1.3242052202676289
2.9876162484960274 1.9568176433911713
3.1968316504761862 2.137686797792133
2.6590886657598363 1.5812582855194584
2.995650891559263 2.004851693443443
3.203406594351188 2.1512637885844135
3.0803346924418937 2.0410797992275285
3.1669009091472113 2.164223460966099
3.1451417970766515 1.9446060762254103
2.2388968138966856 1.2188094264627527
2.177424005046421 1.153243781270258
2.3577449549718463 1.355160624300351
2.544746248837777 1.547572811554607
2.129741700787595 1.0777315713159177
2.4379512893576663 1.4280781071894313
2.6560764802145056 1.660434848572777
2.59245651422309 1.5908808049901775
2.7147305613642336 1.6745012435278797
2.7946320383340346 1.8103435358438356
2.1003325089826936 1.0408061239496862
2.0929540806814293 1.0863931360518007
2.256329993577261 1.1845274014748621
2.2348650195456696 1.2269210484446047
2.346067352488224 1.3904399310592108
2.44478968851702 1.4377066728270318
2.028585888691469 1.010911955734247
2.0660224453255323 1.0743530127954146
2.186325274147032 1.191733797404312
1.9933790762144579 1.023244435048491
2.7162380875762935 1.7310331282771199
2.628375809830547 1.596452753463159
2.6480333452470908 1.6373226290567575
3.0184930282948113 2.0919363800150883
3.1731026424078075 2.2360908996129605
2.4405149305589378 1.4560836388831508
2.6716585618751925 1.6980193124454714
3.077744717874902 2.1329475338343076
3.286051789316291 2.3222469941678243
2.8843093435993543 1.924236462684842
3.1473641217286543 2.2306747246679337
3.3093660499767976 2.3776372468115947
3.2514554693644246 2.3178205103367837
3.3328892690716296 2.4055426700028035
3.397518252678596 2.4560299734944744
2.675918483829644 1.7194294154834844
2.5527616004226497 1.5757335316528223
2.8980727069238434 1.9769569498432944
2.9433242126897237 1.9998160343939677
2.5130513611215983 1.541649082309188
2.829603768322883 1.908445265583657
3.028056634880688 2.0458210119860043
2.9808303778556375 2.058513639208454
3.0974659283566037 2.1704029821193513
3.189076100214252 2.233170418538735
2.480452832171551 1.4825720852571105
2.4412630030760396 1.4826182004865736
2.63744288991729 1.7376521005593166
2.594393950054558 1.63525297239109
2.736038884230084 1.8041158411633205
2.931664280150403 2.036468058231786
2.3421166490527083 1.3631398262427474
2.4019330384769413 1.406207457796909
2.510770039850255 1.5420332740066556
2.248058748991558 1.2569818775118031
2.7046295300863488 1.7715889188645124
2.6494742222651118 1.7336084010146333
2.752322050459628 1.8059124614463786
2.9281358562520015 2.023108649318754
2.631895007949674 1.7005621841409768
2.833302906269891 1.936851011837529
2.9752663291873835 2.0663699976221177
2.975176878862215 2.0745536043676895
3.0687681727952763 2.170630130899914
3.1639962120953715 2.2332642333015045
2.667831497913464 1.693919095577121
2.656624337869742 1.746089782488514
2.761647234741608 1.8582706563536486
2.76397564588111 1.8488638773826507
2.867468195585538 1.9170132781888263
2.99074043000629 2.0853234766407667
2.5501883724933636 1.5675836422716138
2.5860811960938648 1.6646169913433688
2.715361027862276 1.8103907526508012
2.471609921573738 1.544314777292735
2.6783115495403704 1.7839160326715937
2.659518010913733 1.7889436109055283
2.750059297525527 1.8626977660256876
2.7876565785787846 1.8893128471156821
2.8409305675999867 1.9345976849919992
2.94112571497211 2.057464431409662
2.691214731402199 1.8222764460119822
2.672158276653484 1.779322669458074
2.7815935947849013 1.8749595421887661
2.6123129667189895 1.715576625347107
2.6651221900830353 1.786506830462333
2.6781836791034097 1.7813307670828762
2.7712337897623023 1.8885403989361738
2.645406323260314 1.7240640280859152
334703.15513890603 1.724622347010695
