1.0005324906510624 1.2185354802120862
1.0010767764389588 1.0638498985640428
1.00322353106703 0.9919373301916004
1.002045072974456 1.5996289741691092
1.001081629221126 3.024015815092938
0.9984014538007103 2.407621026797343
128.92472003577834 2.1949543163967222
1.0050155580343527 0.6908076347931458
1.007903206344833 1.2473183686585714
1.0125545831775495 1.4277609266792222
1.005717445036018 2.593560125713732
1.0010770369774549 2.42170389510843
0.9967016432353101 2.284791031843051
1.0020252908596823 1.1952525219221335
1.0093174113478451 1.3010140394140688
1.0138519375109891 1.4537750924253534
1.0098304196962824 2.554186694504384
1.006830756980665 2.009040960089133
1.0088203275132097 1.0516916966178393
1.015642777169093 1.8941699749128857
1.0053231453332832 2.1957480527382227
1.0086407876749193 1.5105875145243362
1.00939310934843 1.1953019425407045
1.0067931692409744 1.2248871638727714
1.0043145337112613 2.306740961546993
1.0108386567285643 1.2214691816521346
1.002045589081167 1.2377027974619588
92.62735052257511 1.3258870432576286
1.0078201202745911 1.7409747183985398
1.0081817658618457 1.1921888581088087
1.0050790729166212 0.7176944773315365
1.0059808096944423 0.8568435796610769
1.0118069953918152 0.9270396407769737
0.9978551244688892 0.9852712423985018
1.0117746913537646 0.9420405491440211
1.0156553848678875 0.8740724305490077
1.0064979152750773 1.0894118976496694
1.0116001810354076 1.2375659510295283
0.9987869882227653 1.3354600916704817
1.0180177944284625 0.9110814872717088
1.0123770341318228 0.9901483288119148
1.0288441180886227 1.142822709230174
1.0050018249044055 1.2789842200922101
1.0110653428318939 1.006333870947444
1.0127989596324236 1.05115132981811
1.014899082224927 1.1463148460944503
1.0349007313844494 1.0653369954017893
1.0110350919552897 1.0881076366028748
1.0020182566535496 1.0952769239565867
1.0089876913170386 1.2095003793363923
1.0071806245893047 0.8276920458831769
1.0247644631029407 0.46248490697877565
1.0020832567875013 0.6127310339775209
1.002058334939596 0.717097958345617
1.0076864828110979 0.6218639592721524
1.0068900385736546 0.5872474914769865
1.0120896673502489 0.7267713332323522
1.0121329856768735 0.8658151248853903
1.0181321849351244 0.7162224020913658
1.0208994305532784 0.7675607155751103
1.0074201922152786 0.8739493027118217
1.007885146962645 0.8436401966042608
1.017296441618974 0.8777686928840466
1.0107366183911757 0.9257464286985181
1.0031699361336122 0.7191246129278648
1.0065711293684312 0.43399713881973845
1.0196708091478985 0.35494599888193534
1.0015725850006874 0.47212881144706853
1.0086616442837641 0.4250306630160048
1.0177736510773723 0.46190975271767043
1.0258111657287108 0.5622235301259819
1.0102238013229485 0.5940396576753492
1.0107439637834317 0.6246508814287979
1.005034695268507 0.719341491315204
1.0142049726939406 0.39446231667074294
1.0054976669738516 0.2442553189956926
1.0023979435611454 0.30764733229762325
1.0057452445355424 0.37589905950622116
1.0049825555860128 0.3995276178882204
1.0007335711316454 0.5144224723668753
1.007194683262127 0.2498451465907293
1.0044602576537598 0.23681558022296897
1.0169894566652156 0.343749537799534
170.09479597636093 0.21985322927519246
1.0055576602841374 1.2194532257749575
1.0066497483684549 0.969495549431811
1.0056565030967572 1.016345813260736
1.0091020943953986 1.6010006187525188
1.010041557051524 1.885155234233718
1.0011270054116015 1.9847951271720488
1.0117496128565486 0.7192545766162934
1.0191546808613283 0.9867363745952451
1.0131791809603563 1.7145801374513727
1.0141154664115672 2.170717706836192
1.001014474127346 2.3351756042064435
1.01377318548348 1.2189953568793606
1.0225318536185324 1.6203766595717952
1.012809242301253 2.055817321375571
1.0047607382387738 2.2778693189318058
1.0046830145177026 1.7568707781409203
1.0066517468363432 1.9841904515304858
1.018457063591597 2.1475055407228587
1.0219459208146493 2.016774717405916
1.0062761560054838 2.086627879263995
1.0033199233756243 2.094013031954897
1.0156028407163975 0.9715510016690384
1.0120523726419168 0.8127947121841931
1.022256690071538 0.9594935956186711
1.0094195252869964 1.4212054670386034
1.0158623113806788 1.5816174832452878
1.0120180352614736 0.5777301053041697
1.0277574905242484 0.9727331114043103
1.0375916620692183 1.5503777747823384
1.0176499237785854 1.804992700687224
1.0074736663770636 1.1972236667693381
1.0267383137377852 1.5377008132677006
1.0254299616127591 1.7647403015448324
1.0111078758828917 1.6222911676871095
1.0204571877093715 1.728151180041424
1.001761310394926 1.7530161361988856
1.0041286009928452 0.7221281874275967
1.056295283785411 0.6615305839294288
1.0149774330584005 0.862403610627541
1.0026219403884291 1.0755507913668843
1.0082437179070365 0.609448397493843
1.0334319126735214 0.9426486632535089
1.0130154039166253 1.1865157726399054
1.023054825346937 1.0978193015679658
1.0252455021010298 1.2301440507812036
1.0157222227102958 1.3145397035372655
1.0121500568284385 0.5877956569358529
1.0067320209768986 0.5586490506047301
1.0069128900046693 0.7162786655052502
1.0280180616673744 0.717087263152491
1.0165279739746245 0.8154287057200957
1.0467648015223892 0.9534856122937974
1.0032688844364372 0.5071963137352822
1.0034239837113563 0.5311348062256687
1.0314539152902131 0.6620284360936457
1.0056055648830355 0.4566760372212082
1.0069376141183075 1.2193751074612533
1.0053804036543987 1.1318604659682574
1.0110967545258625 1.1635076881319486
1.0114079872384136 1.5558955363257647
1.0065180334453878 1.7159660670889152
1.005183717815151 0.9250172177477052
1.0124728963726009 1.2096717933122803
1.0221435856470884 1.6518982227737642
1.0109352599250783 1.8677950411766822
1.0205343476003796 1.414037005079853
1.019583126029538 1.6823311366384517
1.0188559865301727 1.8713751235332665
1.009533550404058 1.7870359077003388
1.0353122739605172 1.8743441559326146
1.0056715037904456 1.9236523064901496
1.0088870688396863 1.1326308037846613
1.0195600628154196 1.0626000930194683
1.0294570284399212 1.2734028692385535
1.0137187124817348 1.486439134672882
1.0067131037639796 1.021761855482934
1.0498654953438733 1.3481127096288656
1.0282697747763412 1.5917015890620998
1.017761896940037 1.5157196904916757
1.008404302113924 1.6377053559918124
1.0283810744653896 1.720402432361231
1.0104859581909624 0.9683954250655765
1.0201779798998745 0.9363015909499364
1.0015143939975222 1.124647012063046
1.0371280743143254 1.0963591474351557
1.014585609025289 1.2314455761623417
1.006806043897064 1.3610367359431912
1.0167597407096889 0.8284648900162118
1.0098108786078521 0.8599807968160296
1.0104291165528383 1.0004247222075673
1.000153584073464 0.7233578339464513
1.0050684965018233 1.2196493818632366
1.0144955875240658 1.1765627538222025
1.004822916114419 1.3010524219282824
1.0035899393622818 1.47134163076576
1.0094581502670412 1.1683414724753602
1.027022708589023 1.3976390115067199
1.005063601147673 1.5541535382318896
1.0222927284837802 1.5362578934315714
1.0021011246788518 1.6232926913824777
1.0062114717828023 1.719979209548723
1.0118720115785735 1.1777960005206478
1.0257986658251999 1.148943850820024
1.0123618252315965 1.3072636811332647
1.0067108377157519 1.3029654150882863
1.0312554985729125 1.40636624616809
1.005586442294074 1.5372846939537412
1.010332599148228 1.0784804984758756
1.0064620040162182 1.110389668031224
1.0248471312176344 1.255707269313929
1.0019856663369864 0.9704177217683297
1.003676896551549 1.2192298581591436
1.015219478148476 1.2000269432413577
1.0054435148318626 1.3066954626988592
1.0199527375925013 1.3322925675316797
1.001251551258549 1.3987607708539032
1.0026294283643529 1.5142279766233866
1.0197890229165614 1.1955637275882125
1.0184186912772684 1.2174736974481335
1.0070935392401998 1.3477426760288456
1.0093552810654003 1.1330307336814756
1.0180141188483496 1.2194471915096026
1.0062801991286923 1.2355764981099455
1.0005789845880344 1.345079708279048
1.0049772666465595 1.2041783637060954
214.3146969203308 1.2198513574946301
