44313.993674397265 0.22281770626879527
1.3675927802277785 0.2965394642508071
2.5122506872323553 1.4238713408719388
2.2796624878528355 1.2968557410136003
2.093476919158385 1.102396487393801
2.1609504050227857 1.1610264703443154
237690.7366128196 1.192146991596617
1.4669236269486432 0.45112375106058616
1.8274252121662617 0.5216700313186389
2.2674717155094903 1.2453542865257679
2.6386268660003003 1.6274641816251254
2.728930216145276 1.6473520008745457
2.7513067152431523 1.6731433982252324
1.6909670934074965 0.6858012186285549
2.0650712278072882 1.0649117430707786
2.3510504674278554 1.2984513523010963
2.5308797709090616 1.5124785889064798
2.6944770447162076 1.6549339785878152
1.9545115117814147 0.9440191756062657
2.120365738225065 1.119662674589029
2.3249498612024246 1.3216073073089127
2.4330702190549602 1.4462088408428837
2.196027178944539 1.2025967594079239
2.2068186695845093 1.2117709396857066
2.281685398391776 1.2820459160040305
2.19031333312879 1.1966751848983843
2.2167381039154095 1.22779906704506
245911.11312802153 1.2362765497351158
2.496128290652944 1.369582660663038
2.050493167652709 0.33902336203418204
1.554914586948591 0.3891741303687138
1.8214323745957341 0.8075671291283186
1.8892081356682882 0.8969959401408693
1.9620284005612962 0.9749829623801223
2.085019863889009 0.9670340057892953
1.6865321885761333 0.5428182426063823
2.014890223552714 0.9788841729614466
2.161557843852765 1.1271840165179237
2.287389025476353 1.1269351572869568
1.8540907250661631 0.8563567969320487
1.8885436632439787 0.8520183044447339
2.079000439608729 1.0887748044127932
2.2588515378263034 1.275847638100011
1.9017343830457842 0.8891175816879905
2.0031676651081955 1.0058041715296315
2.121601635020845 1.1313953769554592
2.0316610503554964 1.0430896512878112
2.070767776810651 1.081850549151485
2.0765287329928324 1.0847372408563891
2.1182031874812735 1.0645222858243426
1.7335123420358025 0.6934217562323528
1.4414226648426454 0.43871429394745604
1.5846544705363768 0.5936372744643221
1.7039354476993012 0.7177878814400818
1.5673496759400662 0.47970054705410753
1.5531830593699907 0.5096664808000537
1.7091169694127393 0.705744601446616
1.8442886317764746 0.8490828993604088
1.7076910376596621 0.6975909301719085
1.7332095297386831 0.7293148141336827
1.856336958282196 0.8602035648903548
1.8077471309156876 0.8019309512930088
1.8626861082607846 0.8664116810284318
1.9125252591068382 0.9195902662256212
1.668131120508311 0.6443676195226622
1.4105898070300098 0.3963723096007236
1.3450609587709643 0.34626399116504103
1.462905472065081 0.4677980320613293
1.4043258795524114 0.39553478094140215
1.4538051639832092 0.4494486487066014
1.5445466384981335 0.5427599839597614
1.591649400603937 0.5844627697529564
1.620518468406336 0.6244341696382121
1.7128260206781198 0.7094386249288396
1.3866622710068572 0.38369893683814205
1.2367207817258878 0.2329528976682866
1.305280490101262 0.30555046949653974
1.3612607952218094 0.348906102699447
1.397247196035671 0.394327850203646
1.5108272631516737 0.5086863963723616
1.248291530022999 0.2466855245144166
1.2354483351293954 0.23613939424866615
1.3426661933151425 0.3410252992473296
43943.56754062049 0.21970455700062239
2.0459772605552926 0.9508492276160228
1.9368646680893384 0.9429764679498067
1.9496785050271888 0.9369575408638707
2.5416838475185757 1.541980398160773
2.836305557589126 1.8237402370053029
2.9292285780157923 1.935786817278949
1.6700297853162196 0.636952044705406
1.8989454416963563 0.8434564599902918
2.6291429457955093 1.6234193907137586
3.0853916004955693 2.096569200207357
3.2033295863681843 2.1365790978607944
2.207048098298381 1.2165844331533842
2.556220003790811 1.5227925675806118
3.007342736727032 2.012198682714247
3.22028886233832 2.236957670394271
2.7254926289822445 1.739993744488671
2.9472490810454754 1.947361342505618
3.107655651221255 2.1228962867094436
2.990697555078073 2.005131867988297
3.057010033438047 2.0698718534551146
3.0673872390979464 2.065688272796623
1.877624417804863 0.8530769933176285
1.7398453450796398 0.7006778573719753
1.9036282461506846 0.8522024590110354
2.3376072842572264 1.310430449833949
2.4606076217178314 1.3724034076468938
1.5326152403535716 0.5102295602901186
1.9070933674443848 0.8544451294059003
2.487581722593831 1.4495988070546622
2.688096478627133 1.6104335138091348
2.161990339527086 1.1607310164131635
2.4974897217851653 1.4580612644319466
2.6936005110396986 1.623069658052132
2.5863992656975268 1.5687038456497615
2.646343047210357 1.6064874184729498
2.6724985396650065 1.5773754759653915
1.687267439170503 0.6796876766359659
1.6254514501117014 0.6146516259191805
1.8267730969129963 0.8049098617466351
2.029692227820402 0.9874902975520189
1.5773981431541828 0.5345564859087709
1.9157190082617022 0.9041688259817542
2.139056427993591 1.1256553423345337
2.0681661398905566 1.0496391343232692
2.2138515267054135 1.219873211016092
2.264141040194393 1.2469338053481278
1.569421536135971 0.5394128477133006
1.5412215310764636 0.530346159074131
1.6968075010155943 0.684600900050935
1.69266941275341 0.6738565757255087
1.8080275816725124 0.8022785789325584
1.9237012030586425 0.9164965198507011
1.4967060854426655 0.49115289801191964
1.520273321480325 0.504483119938872
1.6446791933331915 0.6328611192877853
1.4462859204351588 0.4374883524104999
2.2078144908442874 1.2180131490456412
2.0956390432504177 1.100180385748482
2.1289213892440544 1.1351207038552307
2.515534847890561 1.5208226491275523
2.6906088167220714 1.7153935143629502
1.8986503011672005 0.9027498972195376
2.1698261949936555 1.168417948955969
2.608765662116924 1.6106876720253553
2.8113034359039752 1.818619223426431
2.3698108646236986 1.3553225280854917
2.6491844770898467 1.6515104822408369
2.8363602581485288 1.836124404223237
2.7601133016215904 1.769329442097946
2.8468052869103917 1.8566298986537961
2.8977873279051667 1.9092999403014395
2.1016099254436678 1.1044996307662345
2.031383834940378 1.0213339856156756
2.2359979557379392 1.2349247322780397
2.457291049773776 1.471084852702292
1.9894998814390004 0.986914606692112
2.3251363223921375 1.3159980209618323
2.550670802022681 1.546592868227697
2.488073250166093 1.477315260716697
2.6127545672040036 1.5990972308533995
2.6945790156841607 1.6844211399128333
1.9482951534020567 0.9454714545344362
1.9175946702758364 0.9118273315042426
2.1028671339700358 1.1064899845795724
2.0774589518665274 1.0663036458560198
2.2067964450915585 1.1994798452990467
2.3464958127850317 1.3433691716188672
1.8227203796197364 0.8180378775974935
1.8473072711805822 0.8356143273918993
1.9830716228794039 0.9677290059239319
1.7151853270099418 0.7146698782572404
2.1970442357267252 1.2072988491849201
2.1523286211437322 1.158008210286554
2.280748725382722 1.2922140544436704
2.4471448619509 1.4638522640128837
2.1375724088871704 1.1399031893718605
2.365275766354114 1.3697404835321074
2.522340567636657 1.532102823882786
2.5073654954064013 1.5111394268065752
2.599433912510709 1.6080787462187214
2.6958742446879786 1.7046202255129428
2.155463405710042 1.158865999458182
2.1310938794768486 1.1390454269217958
2.2874883783527236 1.2979592501752748
2.279883488322344 1.282395539645206
2.388423967846013 1.3952114009705205
2.5164269660090888 1.5249047990059164
2.0645665255351844 1.0692569876707632
2.0977216762082818 1.105067418308276
2.2349819789754357 1.2329424866612824
1.9608735234160437 0.9644460075555542
2.206589160091105 1.2189320183042616
2.183584768323925 1.194616971979963
2.289680767711107 1.3023763709769332
2.309840269755285 1.3132506703926103
2.378200924231226 1.3887949556227943
2.494114760207729 1.4962159407884814
2.1771952868808073 1.181989207903434
2.2051329989311066 1.2162534164031409
2.328815902263606 1.337852312991441
2.1231049379972946 1.129395487295438
2.2069240446136553 1.2195376985259896
2.2219163668312105 1.234664343670996
2.3342324558811094 1.3462824512224574
2.191740301922832 1.202454745171766
242625.06816028038 1.2196405255850455
