43967.52779457937 0.21983096887232678
1.3688793007924613 0.35676520074254836
1.7191010564974796 0.6999173873186706
1.9296019867215073 0.8448151900805779
2.14563814509899 1.133092461766126
2.184636494271135 1.170119606500228
239030.71522223475 1.1759901208840278
1.3915153972247745 0.33869193815208753
2.0685360302197586 0.9464418031381225
2.378740252610239 1.2582539700251674
2.7277499012398723 1.6390349019298274
2.7652075947933366 1.709244197769881
2.762398499296254 1.6244901231587021
1.7860344323560193 0.7604712303538623
2.0105069141946443 1.0006674357056842
2.44056666570226 1.4423269443524611
2.550069952725667 1.5247163906198011
2.6859214639166478 1.6931814224566808
1.9608493857824287 0.9632296758558958
2.1788649257570625 1.1781325563566836
2.3101225676957533 1.3068385985522752
2.4412211672021127 1.4439113351259203
2.139987443463492 1.1437531056851886
2.2545086842644233 1.2245905756438857
2.29178753764651 1.2986193988664112
2.1962443070491116 1.1907206805576127
2.220749924879754 1.2301559212080555
241556.02630519943 1.208963802737443
2.4994134628804003 1.3429672439364555
1.768313946538219 0.4062455073052169
1.5884505459389542 0.5217177567161378
1.798507689558344 0.7986572732533589
1.902052697178687 0.9035094809718275
1.9611106803420753 0.9495554541890915
1.8578280020478706 0.462800404972469
1.7631878385544977 0.4364415869221492
1.9647803167554256 0.9188525958925966
2.167946996082294 1.1255511429750598
2.256852578486537 1.2135041585664472
1.7289778035431826 0.6364688536676728
1.8698524981715288 0.8404749125543409
2.0809606216372423 1.0763552306311577
2.2903620956759827 1.2963018271662932
1.9527309376988873 0.9309444154236934
2.0073005554899614 1.006929995219277
2.1304992685754054 1.1383479830588348
2.030433684323875 1.035606484325188
2.0709955859682 1.0735836595859403
2.078355881238595 1.0825244912459024
2.1286711588566662 0.8747925697625538
1.778750570584895 0.7707609941778881
1.4329595746170123 0.4160196824914427
1.5857662660743386 0.5666637309125084
1.7081107228598134 0.7120586930253678
1.5657333263391737 0.544070440666316
1.5932732118753576 0.568118347631704
1.6901478175895197 0.6653783558684627
1.848250474866516 0.8442767359926471
1.6652281451745736 0.6347848677130574
1.7303531634667553 0.7170887391957232
1.8619165194241671 0.8644173200355503
1.837628571301731 0.8443296502358086
1.8683846207062493 0.8734126416855768
1.9113605210569302 0.9164605923044945
1.678363686288105 0.6681380185590952
1.411572595950966 0.39170989565123204
1.3564312551533064 0.33628229507462315
1.464555219134286 0.46385102425699704
1.403237626250363 0.3929443016297064
1.439820313343282 0.42421837569404786
1.5429259018240076 0.5443568148925814
1.5707393761785169 0.568368505180012
1.6156557927673316 0.6198791277411879
1.7123634148882823 0.7155600060342623
1.3718896548811896 0.35713282076820774
1.2348735895842846 0.235356322460643
1.3024347002387515 0.3056039625799177
1.3698473247537486 0.3591207914767295
1.392030945418506 0.39465720613957833
1.5113130975985296 0.5032088739217329
1.2502001077131257 0.2518526325797115
1.232031003779019 0.23534106814286926
1.339573578193039 0.33945461512709507
43851.718308600604 0.21981354724904423
2.0499112755638516 0.7450897408929036
1.888868384399366 0.8118527610559361
1.9710665823126952 0.9596143152380435
2.568092002928533 1.568435953971329
2.8614542471639406 1.863494996123594
2.951570197019517 1.9315525463991734
1.7482797153179506 0.7440468526028963
1.9417803590920397 0.8796302150711672
2.6569710822095067 1.6021684285469944
3.101840228205943 2.082086044008146
3.2262439058619985 2.1651569345559527
2.179620138851794 1.1570198193357237
2.5768479741537593 1.5655257222707202
3.022766243546002 2.0229161920053365
3.2582548387655565 2.2677662634508264
2.722527805977014 1.6875125560912663
2.9595833369982723 1.9576854998818423
3.133026349256073 2.137108733674468
2.995715261517924 2.0041369043968333
3.0633929826240314 2.071612499524067
3.0765684148887695 2.0888329237760006
1.8834378052130638 0.8412916698943587
1.7412605294695314 0.6539804096859914
1.91089311678114 0.8710165607126636
2.354851319261987 1.2866562792964644
2.5418011537693963 1.5376114414303776
1.5505322618128814 0.45209198475444373
1.982062910443548 0.8421937493205176
2.484905053508421 1.4421684870589448
2.8563299856862128 1.8486684359963652
2.150605831760776 1.0493822379918498
2.534996667100929 1.5384637382245425
2.706149950131006 1.6442416947354421
2.5468102923805263 1.511616296336924
2.6453419221624443 1.5670900146125808
2.6374569642951977 1.451963293683086
1.684050031568633 0.6461187276619615
1.6283127103356998 0.5986415808387964
1.8426296794648116 0.821346957783637
2.0610455483039587 1.0583271965501253
1.5780737460979377 0.5247135529410136
1.9669086496114445 0.9259726770460622
2.1560117416776157 1.138406465051202
2.119597431836427 1.1208024386492272
2.1995101273264446 1.1924185696828333
2.2614658022065806 1.2414782084301716
1.5709560278412908 0.559152375534417
1.5403647464746744 0.5373317509409341
1.7021282657797627 0.654075620953281
1.6908152936848957 0.6749376088401868
1.7918232853648635 0.7838537885708772
1.9170603508186004 0.9053867808389612
1.494532360242559 0.4727294159627441
1.5181974519042578 0.5189321089401717
1.642900165102989 0.6417031285349722
1.4424335100215648 0.42934251728614786
2.1930885569443612 1.1821034688780538
2.106569299705061 1.0767297876634891
2.152911456072332 1.1543642222887798
2.5308176993956435 1.5165131192909156
2.6953066122756786 1.6938121936377866
1.9233559593294256 0.9236883353451808
2.173819500124516 1.1455666738366306
2.6200172007222724 1.6076145168524647
2.825395353804341 1.7977316824343168
2.3808078464002644 1.3569035168855828
2.6633504401714485 1.6601292483258752
2.852331866514679 1.8544170504404298
2.7696117917088756 1.773271979308866
2.8629407345570645 1.8578328936114137
2.9053881685603153 1.908529018641712
2.1107728085325097 1.0990917068872652
2.060773424636799 1.0585853896240738
2.2636179349765184 1.2621110780724583
2.4623655315156565 1.454403306375304
1.9886071521548385 0.9413481003347499
2.337197795151034 1.3286023181697453
2.5628078999841186 1.5545088084677814
2.490236431869908 1.4694718377952236
2.6302570101929916 1.6369889833621039
2.704012364179414 1.708475957454446
1.9634549637534193 0.9276210789421329
1.9214696100997237 0.9200204115072325
2.1104999389336583 1.0896328890972133
2.1001013866109095 1.0948587250980788
2.2106387170762516 1.2089556189817083
2.339786468683565 1.3372138590758236
1.8104302819815017 0.7956955561523418
1.8436327287251593 0.8348319968599661
1.9814896993282072 0.9783922158133352
1.708921446586944 0.7044255759539384
2.2081292986301664 1.2015933322877894
2.1701663165750777 1.1595126289793074
2.29219921335392 1.2892908050082241
2.470412103141082 1.469712887506582
2.1690237879694676 1.1658945956410145
2.3776584794227613 1.3678497135382244
2.5386688126921753 1.5385722599196774
2.5230962937416734 1.522196842817741
2.6145599944663678 1.6075023235717116
2.7060938073990792 1.7110845463237447
2.1866025844148007 1.164804882554437
2.1415799658337957 1.1382813809760397
2.2989721887952013 1.2967227938387684
2.2938511641534283 1.3003501167429605
2.3966368372619 1.3954726423061459
2.5323486510603503 1.5369311112613955
2.0712813748865613 1.0662481372993775
2.104723027089955 1.0918905693695296
2.238506640211902 1.2360315963218569
1.9633303564433344 0.9661753931807877
2.2134015814143524 1.2132327956536413
2.20303730976861 1.2010271579868106
2.302403498137628 1.3048037889487896
2.3220799615275105 1.321006759530443
2.388273576324391 1.3829669023393876
2.5040328340389966 1.5015106361169548
2.1860730405254523 1.1808306214149011
2.215804038473099 1.2165888893626202
2.3380568699362714 1.3345372738853594
2.1276025380210477 1.1274674058977434
2.217153564631465 1.2184857566060179
2.2333548182903504 1.2349063694631897
2.338113943280493 1.337002190171985
2.2024573788676185 1.2018075561945225
243798.9374581836 1.2198269042153156
