43928.38394324055 0.2196369193743994
1.4049279726244808 0.28871693082773664
1.660983469013762 0.6386759972295153
2.1470067270828563 1.0490984855500707
2.109402756225881 1.0868272191524049
2.1663599411830448 1.1270607048796526
237534.91921389315 1.1777428510925103
1.4860004102844184 0.4779188347665443
1.8543677834724552 0.7243939102898196
2.3438224829716345 1.3013376121179006
2.595702831603804 1.5110754298944764
2.8578809014910282 1.8082132725128965
2.8130135647096566 1.7580438795537092
1.7093299909733302 0.704509057725224
1.9544385570976575 0.9505603149872703
2.3091246770459795 1.1912649277848293
2.540060473293513 1.538870923543376
2.691770637825133 1.687930001772647
1.9605143518047508 0.9560971765363029
2.1319708817039613 1.1362669466606068
2.3059536984836972 1.30086343556021
2.836423618483357 1.5671723491598213
2.1162561298402647 1.11574982683096
2.2167830220649654 1.2172726948355859
2.339662131847068 1.341824438704766
2.1929166126797 1.1936433092557328
2.2181178605533463 1.2194933797124503
241511.0377507608 1.2049884692838806
2.1858608000220956 0.9093479074424099
1.8465767979844743 0.6246835492525893
1.5509730680255722 0.5223352836280344
1.719821778804703 0.7163670802709475
1.8836653912248127 0.8938097177516944
1.9320649006645625 0.9296485383280507
1.7524273207729115 0.6886318101095766
1.6587784976961193 0.5319523839193976
1.8962467997066845 0.873183473298511
2.111901126504714 1.0863665702034264
2.2043136620871535 1.1940808717360523
1.82595980963633 0.829845421788947
1.8616949461840195 0.8638654115848164
2.0287564055499314 1.0272145606381953
2.190527034467733 1.198479914483695
1.927051301400738 0.9424259478052401
1.9725961905524434 0.983447318132854
2.0907528313254766 1.1070141680205712
2.0020224534435838 1.0164608331607083
2.045757330583563 1.0595778658759647
2.060653131799566 1.0733649494794522
1.990421181840402 0.8423845191024691
1.6744195195622482 0.6952108760356759
1.3687969181287354 0.38537719041504476
1.5133410259789968 0.5499751204608607
1.6507826098663885 0.6874388750233023
1.4898529458345824 0.484657889225395
1.468111768036734 0.504289955455094
1.5998406830426144 0.6550394746961656
1.7499303634577088 0.792186330700184
1.6340430670868509 0.6287535850087207
1.6348568245040123 0.6826886687118137
1.785533853626089 0.8449077007298826
1.7463478033575355 0.7837591845347722
1.7988162257077782 0.8516307657938205
1.9078654481210375 0.9452165847459145
1.5507054767719453 0.6084264863980747
1.3249849813909425 0.378805211031797
1.2652487288090433 0.33064794801108965
1.374373696597641 0.43990201900925224
1.315908261795803 0.38711864587721845
1.3343357534241425 0.4119979653496485
1.4283346864934627 0.5093375621216952
1.459574482865602 0.5378030195379031
1.4998480857654926 0.5896767912897913
1.610377650323668 0.6883704397867407
1.2626565536871235 0.3474311908477271
1.1419114238848311 0.2253258179990239
1.2072531840896337 0.2965508560953462
1.25190084667175 0.3514211546118247
1.2771064790764952 0.3736774082998825
1.3879192041598234 0.4913553337391433
1.1410718141584524 0.24007010141934165
1.133085581964068 0.23309486857898373
1.2251105477970685 0.33162282790008946
40253.18179688276 0.21969272096975465
2.074292289980219 0.9869741049711488
1.8602222813907094 0.7878946939311134
1.9625497854643363 0.935147437759777
2.592046439576004 1.597066621412213
2.8507585625480356 1.844063643565762
2.9455966261876534 1.9292146128283052
1.6866472192030053 0.6739702972065997
1.9165355307700338 0.8845885029835736
2.627073402035549 1.561797967065789
3.1246083437546863 2.068468382590905
3.225511407394578 2.1268641488329436
2.201633396935378 1.1928995380524308
2.5719595526654557 1.553584229156943
3.020552373051865 2.0156985883230245
3.2256692068774 2.215888042463593
2.741561340902502 1.7414518496837248
2.957058399095255 1.9601899125109672
3.117078638304524 2.1220937545409253
2.995583687382093 2.0002230905015153
3.0640501890751746 2.069140682275353
3.0727156855416395 2.0791105701667494
1.8382909921844437 0.7943686073608938
1.73441411303445 0.7253844724158526
1.859171866909174 0.8181568398349477
2.272178799038786 1.2498970488220322
2.583625050772984 1.4027480355746527
1.5145171378997095 0.5006020274606753
1.9022839031782661 0.8901573445091902
2.401994112610935 1.4075702235770478
2.6178553030111686 1.4823953019832314
2.0697750317913073 1.0205809008165725
2.396926110933797 1.3787611204373005
2.604052526473624 1.5674995512716907
2.4754401785950235 1.4272286415119853
2.5891095782823275 1.5907224752512266
2.9571408667237895 1.8552435408266765
1.6166833620269616 0.6008260018247663
1.5469655757104865 0.5853170566597679
1.7156574518571992 0.7683288986137182
1.9173831584221652 0.9151049292953424
1.512849290831893 0.5396733258491122
1.7914798902523899 0.8658837289875897
1.9929921858567288 1.0364980626222107
1.942413253586285 0.9932630841857516
2.0524980765347283 1.0929230898358533
2.148561854962426 1.1802640039622927
1.4593650401404923 0.5235880611278971
1.4231806964973543 0.5137376141648549
1.5631135873196598 0.6348162984904236
1.555283334864628 0.6509427345638217
1.6498770038841433 0.763333671217174
1.76658836966853 0.8620146601243908
1.3652873433717179 0.4732793494751425
1.3899129855947856 0.5040463083288277
1.4916092173411561 0.6042769790007623
1.3245100742001013 0.44092181643363926
2.2178367159828465 1.2183508962017984
2.1185645253817826 1.1188531457542557
2.1428944947331177 1.1334831482801597
2.530970326989842 1.5328659378946177
2.694270577952679 1.6833391896706518
1.90627670733516 0.8926577183096238
2.1675084032600798 1.131932079894129
2.6142929221303723 1.593832565994184
2.821607016939393 1.8036325189502074
2.382319291693359 1.3715287430687089
2.659275691727524 1.6570474345730803
2.846842450925074 1.8345908606561478
2.7679213481335583 1.7723255301958298
2.8556272857809657 1.8604261355647795
2.9056181787915967 1.9058491310912833
2.082263022051995 1.0437622022657815
2.0113218787184763 1.0271277221093047
2.210519195988507 1.2123164137293028
2.4227671117268477 1.4430306942393623
1.9588977231105507 0.9342991175936561
2.284985646229827 1.2999957350545408
2.509000981899405 1.519022940206634
2.4484576225794834 1.467222798685949
2.5688990098659517 1.5952238884262384
2.654962589487422 1.6712299369313697
1.873214740362341 0.9327552972584303
1.8285922747307959 0.8948430621881757
1.9988546656474546 1.0506127988641143
1.9794970267011385 1.0319246926695458
2.0943965052796534 1.1661000903783032
2.2227165832798175 1.2915445698940455
1.6870525929629652 0.7824395428923837
1.712279757027748 0.8158783124039231
1.829895502709046 0.9309118967391727
1.5656908774326244 0.6720058618093405
2.208130816885687 1.1903713686580368
2.1622242879445976 1.1541601574914544
2.29014029856956 1.2927667073758355
2.4617763739096477 1.4669199287868353
2.1488978789903066 1.1135712787480077
2.378214838664835 1.3776553526222768
2.534893192092676 1.5367071923071676
2.5176359729741424 1.5130790935618623
2.6115441091385705 1.611302148698662
2.7036563713910997 1.7048073682668279
2.1405406083732865 1.1482959222974922
2.115499912820823 1.12960363469447
2.2692738193600572 1.2834915696346452
2.2755788830146 1.2925326231720287
2.3621918391708747 1.3707022061001257
2.492237476617669 1.5081811697653595
2.009267412382878 1.0637480862497832
2.021715235337202 1.0720586655525053
2.1505838895604987 1.2000783392247443
1.8440640895996756 0.925829149179308
2.2073922781082254 1.2031820089408596
2.194148210039801 1.197061466445834
2.299992206989043 1.3045244179732283
2.3170191981448225 1.3120559821683422
2.3853085266852343 1.382669621946738
2.5012691980746755 1.4979821797435557
2.168755806132138 1.1816565261419893
2.195197692906967 1.2092892969649334
2.315553853378769 1.325856072054594
2.073540646103072 1.1167563718961624
2.2138611491831566 1.2182047501972917
2.230416441195693 1.2349389389722987
2.3397555455921766 1.344599835173729
2.1878188872277002 1.2001190079771593
243471.27264514143 1.2196715030933163
