97632.01043384938 0.521845412603587
1.3999529278341254 0.4066302436640588
1.4320138246160001 0.4465510201673057
1.5229086772461204 0.5512985389950293
1.464619994154254 0.49421057162141974
1.4918864620485037 0.5297025343977836
96463.32202381571 0.48598153593735455
1.3425965777729703 0.30683004752636295
2.3289324535224543 1.338392386184708
2.3457762352588896 1.3988406650792908
2.4100849115945 1.5249404735075904
2.411857103790273 1.5190225989575987
2.4481726485119064 1.5578288456432179
1.34560118172014 0.29407454075311423
2.493635422748791 1.6289396015536777
2.4291210541621053 1.532462514236531
2.3973783302353837 1.5226033610524239
2.614184698169259 1.7143932089276812
1.5059326872748762 0.5289569128053042
2.345908950364076 1.38691502533229
2.3462359560271473 1.4169206497788513
2.429411298513709 1.4618142742394205
1.3603177212825397 0.32149716939859035
2.3404946680614853 1.3909006409887665
2.4833646776895346 1.604032421734658
1.451999118253442 0.470135940790278
2.409210130033737 1.5195832537349405
95491.1742151863 0.506727407187946
2.380446620498114 1.4759031511197596
2.362385476024426 1.4587624265916106
2.3436313793752843 1.4232641881099233
2.323166780381241 1.3231731744632447
2.3248959599343895 1.3890358319260683
2.4166603757614853 1.5257323776015157
3.2728892703697214 2.405975148833064
3.2666215459111085 2.3885532927197084
3.26703980420129 2.4285242421475823
3.2606381993683655 2.4370158651401077
2.3744360983519157 1.2931214339214034
3.288781582034825 2.475392489822703
3.2594816993381404 2.4423169673502794
3.2647811724127025 2.4355955008596104
2.309053887324989 1.304896509541086
3.2556679869672713 2.438644202681323
3.2766997355383007 2.4561741980135756
2.3552864546975196 1.4069622342936283
3.2298695903854204 2.456069780686813
2.358274727696599 1.4632595012776946
2.3830974448377837 1.4680030697740525
2.337340495144704 1.4369236885655656
2.320847752099416 1.3595540908261776
2.3134951484128226 1.4228612985665587
2.2727300742856724 1.037905389682047
2.3838440292638476 1.500647993395447
3.2554717186627755 2.3743763244596927
3.249077434529361 2.3773986128983946
3.232893090581456 2.4052027903228104
2.3036249493440697 1.3859121333539335
3.247843457994144 2.419737094411959
3.2421888191199506 2.383837051606116
2.2799685708272985 1.355103604903187
3.2278294454027803 2.423580504871249
2.305919036365042 1.4251773681146545
2.3527713264035404 1.4671800124216987
2.2933219739789346 1.391588051391533
2.2663781342090843 1.3397953389320367
2.3079493513944174 1.4495676697427458
2.264098745811968 1.3295346095722853
3.1742770681588803 2.3668034444224553
3.1881539414954077 2.4048045904546163
2.2529648221711973 1.273754193849185
3.2101997817095196 2.384073424835437
2.330558187051532 1.5005268665143257
2.3430220655578053 1.4581412727043124
2.2287568540362614 1.2580575769224074
2.261108907543991 1.3214221069410932
2.2469567678583315 1.3444313453869998
3.1724070276261673 2.3812168500067266
2.272424492234723 1.3980217045776375
2.2511097641665128 1.381801627921222
2.2187958276197275 1.2101056848653011
49261.02073413449 0.2557433860585424
1.4171119964965886 0.42569831195348595
1.3908399180628215 0.371987195843473
1.4659303845760827 0.5066297415606931
1.58169307240048 0.6710908781762027
1.6283489922032066 0.5073054433033526
1.4018993161815727 0.36306923802107843
2.358760129568314 1.3780130589558754
2.42552485720505 1.5412036691555517
2.412728548811216 1.5217357554387605
2.494678944200438 1.6255252428078395
1.4379849753274416 0.4433669530318489
2.315792507190064 1.3533246413355196
2.4818208270666107 1.624377862441492
3.593796591861124 2.4700879478684366
1.3458262284550753 0.2964272600662118
2.376928746898689 1.4639581122918373
2.4814456009531574 1.6042288351704554
1.4451419941404733 0.46655018786292224
2.491977292416858 1.5350247712893208
1.5342235694356656 0.5426212754218679
2.3954114406224525 1.2814716643833526
2.367650491722944 1.435860684360238
2.3395941770963615 1.40720071822557
2.3372636673228477 1.4350947535104308
2.3401254137178533 1.4447280430888616
2.3588147973204734 1.441888101115456
3.344546877357093 2.5022445553629384
3.2937286613968366 2.4167720721654815
3.2847509138069118 2.509130243023236
2.359453770669278 1.3541631072433304
3.2812223713766766 2.495358493229484
3.2686363327828545 2.462044596688533
2.293022590672342 1.3053158630802881
3.2504591496853097 2.4514704282187996
2.311499357040154 1.3937446485880893
2.4581050607679886 1.4570849718047043
2.3443262622832206 1.4702136116743036
2.343572026135737 1.4498628865321872
2.321185635603958 1.4056463571091875
2.3333777547627665 1.4500926257116378
3.2554874318899563 2.4283146617527303
3.241759013360099 2.3977483853029797
2.338638175383761 1.4240851441345659
3.2309624838404263 2.4634006334537517
2.338831416307645 1.4387690536649318
2.3559904252427675 1.4393499845270668
2.3038456288237654 1.414735763272789
2.307721696915051 1.448019666638389
2.3139771515347762 1.4491689357538653
3.1865628574961646 2.365130425543015
2.300797866757462 1.3534824352448338
2.2828833635364623 1.4218670410284049
2.2991054555507224 1.4320238098789768
2.2494859487786294 1.3423863578462834
1.3531022830631918 0.40310876700270515
1.4166964204374555 0.37652176583242514
1.4794313178957057 0.49832189194052195
1.4605918127055564 0.47627908277610476
1.5016686251938034 0.5265250524605641
1.6603079605582325 0.599594023209227
1.4273646118526706 0.40805862514160657
2.371139213902417 1.3633845205361073
2.4708724723504636 1.4523607024289376
2.4152208448711048 1.4405893190127546
1.4062012416313432 0.3716208283897762
2.3879000474546572 1.4449054504631424
2.43414389985971 1.5008187843865761
1.4447197567186147 0.45099754877981685
2.449549895304929 1.4762489205852332
1.504629669619399 0.5282987941714946
2.4206107542882416 1.4615890792443942
2.369132060023828 1.3825988790129586
2.319562951285185 1.3713948632126614
2.3366506324129057 1.4133039944844015
2.371359455247177 1.3955386005750605
3.2949252880811146 2.4503114785043683
3.2930582433625504 2.4279283026657406
2.34194624683792 1.4288614578901384
3.248253539314561 2.3263514836195185
2.3542901399868628 1.4392592295900397
2.3622690581012065 1.4342777574503134
2.312231800441209 1.320179455551078
2.361609081896478 1.433913165208853
2.3592774932031384 1.4780263258245236
3.2780074339936434 2.432104275850963
2.340644520282299 1.425849129806232
2.366892145770491 1.4214316268518026
2.2743655036504618 1.3729081189079801
2.3348016479295577 1.4361276859471566
1.348060617874619 0.34521002587089344
1.4588132779805187 0.4300026991034807
1.4533745684771726 0.4332179865021639
1.511898097541475 0.4810153556857022
1.5795051277848562 0.5430294635068531
1.4414820098883416 0.40162455244871265
2.408086710289478 1.4328173512687028
2.5263122980803328 1.5614937093723333
1.5003456389602043 0.5262760648106848
2.499344294497173 1.504544505205439
1.494705416172776 0.5059274923123498
2.4669136527636075 1.3790278210375417
2.3378494816267636 1.377476910747589
2.3221040034646956 1.349777426324221
2.3356157117310934 1.3509418728921443
3.312478762823959 2.3839873818218003
2.349347160252883 1.404461923469349
2.324622224124356 1.3718856271295072
2.364421531829473 1.4617904786875555
2.3404054726121983 1.4224557610916884
1.4027973767374922 0.4074991728743845
1.4393741150961052 0.3516996909439463
1.6485261124393413 0.48802954061537895
1.5874419285950665 0.5314441861995398
1.4508764090278912 0.42162431919659155
2.4769006925343984 1.499395275879622
1.521090947533216 0.4317310326671902
2.3505365789918526 1.3467423056686725
2.44486991820498 1.543623077625109
2.3878378770987383 1.3523257534870496
1.4654852196967019 0.4823352750349386
1.5318820018405745 0.4634867062801907
1.5227964346449638 0.505742505454722
1.7813947677189088 0.7004606677124805
1.3950421460886844 0.2957490326185786
104062.18743517948 0.5344554751088726
1.5562034383167305 0.46344824577199173
2.4749395684143813 1.348155098164273
1.5451294107516134 0.5089270306612959
