64282.29012451946 0.33998443224101726
1.4055210028354073 0.4451596155664963
1.4548537694093269 0.5377354115902137
1.4775121082933667 0.46724587527439626
1.431741139301046 0.4543953809484397
1.4699329615919858 0.4738665988037819
103452.25481026708 0.54507482482538
1.445404079626668 0.41135910813498827
2.2688611248800834 1.3449425716798482
2.282088773317282 1.371108754075227
2.366884380732566 1.5057759169923988
2.470273518670423 1.5018182985585669
2.4717256352302326 1.5682358158869474
1.436256330730391 0.48199625583796196
2.3020117177693344 1.4644763943700612
2.3189013836960344 1.4425586181701486
2.444477967610556 1.5673113089625577
2.3853438951639188 1.4829024566626186
1.4024745894677249 0.445027205111613
2.359740038830507 1.4541669912507538
2.35615531210478 1.4883768008718543
2.4520683879256833 1.5674545033038039
1.4405140879495146 0.48348632138565384
2.3508547962452386 1.4454859655564827
2.3755616723369735 1.532929093506229
1.3831176315982354 0.41945265545580357
2.3377718931398412 1.466102129620938
101494.76349841307 0.5330443860439442
2.3340815615899215 1.4513815836518618
2.2913303000478606 1.4154101815018827
2.2972258087002357 1.3619202858938615
2.3209316742076487 1.3972643834537568
2.3280836320728295 1.4503399921491567
2.3046064782304194 1.3579476012748706
2.2851224462285513 1.40659119310918
3.196776052626729 2.46893555622234
3.239573955631915 2.388558222511589
3.230362005132373 2.42264438093138
3.2446344271124836 2.4732729042417265
2.301001744358196 1.4580118377684146
3.1699637897734436 2.3420422654914934
3.2130760834607983 2.417303369625223
3.224840443267232 2.4281706763264426
2.341823048964093 1.396902360744735
3.177308774530272 2.3861178286966096
3.256614924669913 2.3120387168729613
2.3058586286420217 1.4200762324588387
3.18446724377159 2.3992170962714945
2.2740123314619227 1.3441478853054902
2.3747641169485716 1.5523533140431192
2.3230949592603416 1.4854139985780341
2.2750858304526913 1.357721533883089
2.3528049736665064 1.4526213521875988
2.334376676536561 1.4710130014040654
2.2852972708519217 1.4174764164610634
3.2109298031420543 2.516249028256632
3.2062511639816726 2.4648614544010936
3.213767810723964 2.4026528053580067
2.345431383138434 1.4511021605809324
3.1804585028613617 2.440589319850871
3.2343107042979122 2.511396573361729
2.2921267831932184 1.440000432748586
3.167478052123756 2.402098844521118
2.275950627153747 1.3705030764248036
2.288765877330893 1.4162502879998005
2.2973914331836798 1.418495235141159
2.2664003765160405 1.344454527731511
2.283722463467897 1.3502403602247666
2.2841004806742315 1.440781163069135
3.184439325952747 2.3215479927585347
3.1661973133702457 2.358151304491622
2.2691615190725423 1.3920664776487535
3.1540328512450566 2.4021845687258696
2.2711614052269704 1.4069466708341485
2.2744486124172414 1.4055455513975357
2.2385302944656935 1.3823369215877996
2.2496271593188433 1.3658253133101776
2.2715986139666353 1.423782055823437
3.1358585587299825 2.3840255466025746
2.360907753816683 1.521320518576334
2.255390213484927 1.3635065845029157
2.230589424034878 1.3231695820804443
2.267237694204561 1.296830337098119
65507.018463889646 0.35146159190507315
1.4268809635010755 0.40599808631629003
1.341654075242566 0.34756006807688783
1.4032699559067279 0.3940163631100283
1.4256079577897716 0.4363814678782157
1.3919040282536117 0.39276831747258906
1.4938093562712482 0.5032299633311614
1.3609987874723455 0.35084149461555153
2.289585279848909 1.3780680563930392
2.4178367583703 1.584629316534162
2.3657409770957836 1.4415361997887524
2.4501634247016773 1.549541790052097
1.3925913819499933 0.41820747952401954
2.3756250362198927 1.4790166115175378
2.376415570541715 1.4484588445091007
2.3844270769010025 1.4283427009091374
1.470492951130237 0.4802251053947715
2.3279416151057024 1.3809678365805385
2.4991387691948748 1.5779567169449218
1.478017100864498 0.48681034740134144
2.384911408653362 1.5198361662123334
1.8255697905471941 0.5826756597081029
2.3041500134217388 1.4440440833992354
2.2734347469099605 1.316108717720316
2.343538986354471 1.472183563141298
2.297932832811301 1.3656382676267895
2.357061697807109 1.2994555928942813
2.286246410721791 1.3437254668570437
3.221176247940791 2.4588666553825567
3.2688523787801986 2.5226997306208094
3.2168406539009133 2.380614751738713
2.28391327046471 1.404684359911891
3.201601378984455 2.446920551630927
3.2161595363065665 2.4231666601412787
2.275708705127568 1.3603059023887465
3.1819594165551326 2.421845490502864
2.28513546662814 1.4049513334475485
2.3442260545925317 1.4469719791136408
2.3447159166370164 1.5149981507578838
2.3572953417559157 1.4623713784458667
2.41231295291784 1.4321323175242398
2.301801597195034 1.4225357712243598
3.2317955957246647 2.4195804048775775
3.2208943399597367 2.4508458731701337
2.291589289411628 1.4050832114955538
3.1777337361651776 2.4189153800477667
2.2992400310306396 1.4066296292671987
2.339102426852527 1.376583035045752
2.275973151500546 1.3547631322087301
2.2691172155951245 1.3591289232825374
2.3132096698738502 1.4333065445647342
3.208023911740365 2.4684209424533385
2.293951445028583 1.4055175901595358
2.2651756264519864 1.370620233881588
2.3521060871622574 1.4493967637027538
2.289637479253807 1.3955255010462924
1.3689855003216354 0.3676689538037185
1.363902197861915 0.3554998562036488
1.395363455202368 0.3887262208464762
1.5360138556765341 0.5213774119263781
1.524312269281571 0.4218671733911372
1.5614172990433677 0.5394979349370701
1.3882690432679565 0.3987301706181809
2.4050209066565746 1.515757643783414
2.3863054043006326 1.4708652446910842
2.4464186932041585 1.5043828300936881
1.3899682831318234 0.39760935498111855
2.3426198023986675 1.3763943165125434
2.3980826806702336 1.4741877677991029
1.456062191926669 0.4791566763147012
2.4522894225195317 1.5141560520939574
1.502774887687573 0.5435766398856866
2.428266545300113 1.43113133348276
2.4026702156755437 1.5066008125355412
2.364142932964114 1.4538752960028947
2.2951379462742842 1.330247225674356
2.3065180498625875 1.3697191384319143
3.22246737380872 2.388575179254793
3.242517600606803 2.3896535004434596
2.321590256564131 1.4325525442429932
3.200018102278184 2.293168054741033
2.3023627595966265 1.4136703517920381
2.314249469111674 1.393828779385318
2.3043051763795543 1.3567587731091173
2.2850196996013885 1.2134667164348523
2.307821178967478 1.3238690670480882
3.2733180523746306 2.35239863355723
2.3049183353567404 1.386158732794329
2.308489571335934 1.403297424515153
2.29134735199699 1.3646033939875053
2.2879301433494215 1.3428492138335408
1.4696887556647238 0.4449938784957783
1.524862025592396 0.4952868871185487
1.4188669235193627 0.4061472633698471
1.4627065539883635 0.4827988324316148
1.6135249391351478 0.6358823392391857
1.414799468720406 0.4069630289264085
2.4115736376607924 1.4825187483965847
2.4771451513299514 1.5172238350906864
1.5048386465751595 0.47783390661626524
2.444929525043867 1.482172068766968
1.5757295688112214 0.5396992380276591
2.319373312884755 1.3343390134244675
2.6451123995289056 1.3145653669697588
2.345009144676313 1.3920994558827204
2.3678473687388717 1.335622112853653
3.2466162170810215 2.309189150544346
2.294282564126967 1.3062040355925846
2.3352602275051035 1.3804894404036647
2.318806979683015 1.35962627943442
2.3771359188501293 1.4775674597618946
1.34132111459176 0.25187958188175563
1.4301859108550823 0.36225301403144633
1.4370580250494833 0.4187112624401605
1.543121368598651 0.5008121410351785
1.4888924477771064 0.4510576197987038
2.48013973771711 1.4942972143095807
1.5297004070073872 0.5160509781552387
3.2785135469182007 2.39085356662759
2.337360487891349 1.3311607206559972
2.327138373793327 1.3437470074299651
1.3810190794879311 0.3091492959606737
1.4405272699312746 0.3760547674138419
1.5098875541358243 0.4846600455994867
1.4947809944530475 0.45611002835735237
1.4943636828407718 0.32003681108158005
91808.3426595087 0.4676663079986202
