1.0000485688329872 2.8428445942757508
1.0006678605858261 1.5933879307045637
1.0002037408380378 1.9636556936307905
1.0011326124906312 2.4318991284410245
1.000519796727647 3.23898815198389
1.0011671120439776 2.4095839273059436
1.01478474126728 3.8851254461204796
1.0039427486496488 1.402231960505895
1.00558715096727 1.7005299144872807
1.0017510528801798 2.721545740908742
1.0044325560072425 3.3038802277808443
1.0018630765738226 3.592759871098402
1.000247914881297 2.929151918909338
1.0039426970276812 1.9389404377490531
1.0044154475797566 1.83079304726585
1.0055639240126426 2.8705467610916524
1.003777193216855 2.5411359186083144
1.000474653433125 3.426305228174871
1.0054879448105845 2.4254203437189776
1.0160476198471324 1.941504728810238
1.0007949239559326 2.054859787227677
1.0008089006244403 2.6849502564083876
1.0042809433954971 2.7535816925070025
1.0028728484315679 2.907093869403914
1.008141365960024 2.998521043764029
1.0010181003287892 1.929409770420313
1.0024991468349578 2.9442744328201966
1.5997035198630383 2.0159468216953056
1.0055396117568725 2.4550889032729963
1.0046309106167954 1.9059219141816366
1.000999234479226 1.4251460881497953
1.000801237256593 1.5657113342039524
1.0034888902946137 1.637501346571179
1.0012612833376713 1.695121021137179
1.0017217740301632 1.656936426514121
1.008144789714088 1.6013631354277091
1.0068840930776009 1.7968064402070856
1.002501584048326 1.9433639124065558
1.0017853231628768 2.0451018867833244
1.007922673252262 1.6343246414154802
1.0033646008859316 1.707248928728168
1.0054866259497743 1.8535399873729894
1.0012814660773648 1.9838387108259903
1.0089255708172402 1.7290144753324777
1.0041297829564055 1.7642318703841675
1.0058630717388257 1.85441729491655
1.003988120184135 1.7735581311619266
1.012198693573257 1.8359132439413046
1.0000172722054295 1.802179877306159
1.002913077368215 1.9197380195482228
1.0024021759599553 1.5453587888088862
1.0027969233742973 1.179296758914967
1.0043171202701007 1.3219822926890759
1.000825649405419 1.4241800824440938
1.003930494683138 1.3341689069132838
1.0026001744698934 1.2999844498119213
1.0075195842193543 1.4366407671676638
1.0062404074094864 1.5754856388251703
1.0051325500728827 1.429426506981521
1.00279614541906 1.4765003036914912
1.0094948271231992 1.5811101800417635
1.0004502763788674 1.5560077174996176
1.000744671364492 1.583539342102144
1.0038852825667604 1.6345493856223707
1.001403842571181 1.4294620948520582
1.0033019668465604 1.1472546431308344
1.0043984779811288 1.0733771873584685
1.000635725240915 1.1795615327654816
1.0143105536994104 1.1421414937984133
1.003589750540435 1.1732674226112974
1.002088774118867 1.2626080707055771
1.0060030767250931 1.3038518612882952
1.004454564680479 1.3332254769006595
1.0009184296572724 1.4286036413450667
1.0002146469894944 1.1026450738445142
1.001929786664287 0.9514565859544032
1.0015030200801116 1.0164128273840836
1.0024004525443757 1.0863702138627622
1.0093755964054028 1.1088731525272464
1.0050272192445497 1.2241175465532366
1.000362372895046 0.9612704072183806
1.0007395880528211 0.9431943990521108
1.002859634298083 1.0553097766922968
1.3670162501028444 0.9338840918166111
1.0013876875016299 1.9302902937973885
1.0014602887345956 1.6784378550316017
1.002357919661502 1.722532045602343
1.0051295340844286 2.3024641336030114
1.000638260352665 2.5946717942579487
1.0022774035446202 2.694067706041505
1.002370695454098 1.4293752002003073
1.0038686496185185 1.6961773544950212
1.0132155094185138 2.4233017614113908
1.0025211354948498 2.878400200826092
1.005719609908838 3.0446068399727912
1.005633918441509 1.9277483164993936
1.0081419516265921 2.325977758212374
1.003468380118289 2.764713970164177
1.0050095186834334 2.9839230127667564
1.0266574530657095 2.4716909574205044
1.0082886831815991 2.696791450019054
1.017886442841181 2.7772180329095333
1.0045831124246942 2.727994304934726
1.002460669585585 2.798067063915266
1.0000961938287136 2.803142599587825
1.0040277842798504 1.6824861218632572
1.0043664620625357 1.5235050089998559
1.003894879966489 1.6676081471356543
1.0127380865996898 2.124547152721535
1.0013701758044615 2.2951599936308593
1.0052361799129832 1.2855466423660378
1.0177725081549955 1.677721967779584
1.0138795942585257 2.2651306090144976
1.0052798551996271 2.5146531576326643
1.0130566421448548 1.9067895016673388
1.0013123715522387 2.242089300644667
1.0064562261142123 2.4789407986910144
1.0055701970693889 2.33058107267717
1.0073523455389284 2.43233931278361
1.0062143137836506 2.4617352271394886
1.0065506802865931 1.431853148205791
1.0056454430657165 1.3596258796788132
1.0048272364331439 1.565382075118086
1.000640744149072 1.7847326333155826
1.0055871582052567 1.325957578159381
1.0082416419509606 1.659114188072479
1.0036440809156626 1.8902172965444
1.0119755256142347 1.8217582679182631
1.0210256378683173 1.9407227759998031
1.0017896366187629 2.024401967230765
1.0074558958839983 1.3018837502367675
1.0115300222071713 1.2623633147254885
1.0062978548252026 1.4257241085565031
1.0020911036280475 1.4258512392476237
1.010889981862688 1.53063870287074
1.0125351520955135 1.6774663964546042
1.0028326365339433 1.2157615727489928
1.0006544176576821 1.2382748589268384
1.0072926731077096 1.3697620964917832
1.0049296884309749 1.165357519325089
1.003910730879986 1.9290504313344234
1.0011666232661447 1.8444499093841689
1.002499514570343 1.8728421183697133
1.0037742456802259 2.2602646456394027
1.0009704547222582 2.4248556164142636
1.0072402665368054 1.6310968957392251
1.0091296479738205 1.915741940289802
1.0025131032623593 2.3552921337293866
1.0040724591283852 2.577078787311369
1.0142586005449628 2.1236040393958446
1.002580339035241 2.391506544307142
1.0086278296841729 2.5816915911550233
1.0049972769111912 2.505136345695848
1.0109676309543603 2.5856561159013847
1.001355997996679 2.6344474001011333
1.0038303397590134 1.841734037217358
1.006552297965805 1.7684262047097488
1.00117119671879 1.9732318292038045
1.0018227871945573 2.191108227326626
1.00319165023519 1.7298329605350768
1.0063779387149718 2.064772837465658
1.0092801452642075 2.2980937555289938
1.0116347807726682 2.229584072080452
1.0101901398820696 2.3367617285279105
1.0012081649679068 2.4342276195979906
1.0025761516050713 1.6781254976661988
1.0035186935918115 1.648018979967735
1.0004870755943642 1.834192090591407
1.0018592330960179 1.8124348716206955
1.004907311131963 1.937598351645232
1.001459493898582 2.0719547013907307
1.0022498636324586 1.5370806740262524
1.0014389908676506 1.5682541957237657
1.0028644847962314 1.7129192847870143
1.0001540981899661 1.4332523514966398
1.001195957570567 1.9295206256627093
1.0041685827122762 1.8863805858776561
1.0054384479415595 2.0184853436511436
1.0009567310907936 2.1797735569981698
1.0064264961036853 1.880786989440607
1.0147387778197121 2.1054069153442145
1.002522784568719 2.2625126682724312
1.0066833048631463 2.2418856102395006
1.0100622200090839 2.3340812777167903
1.0021153521947432 2.4286410739737248
1.005101340700464 1.8815699501172265
1.0091639402424364 1.8608528157572861
1.0092521861639066 2.0135311042225372
1.0081916853402986 2.009287286704059
1.0048107899914507 2.1172548855472337
1.0052568690094825 2.2462515094060604
1.0040408425588478 1.7903728993954946
1.0029066103100452 1.8190217807519447
1.0050738863531483 1.9619424318038496
1.0010413953382005 1.680036989168828
1.0008244710577372 1.928389227182865
1.0032117821742812 1.9067939807809422
1.0002487603195918 2.018526334294414
1.0139224911392026 2.034383952490492
1.0016731036023983 2.1060866162848417
1.004826639414248 2.227609458611794
1.005230954975099 1.9052483701698097
1.0034187468704894 1.9266645775287592
1.0012884468640613 2.0591466639942837
1.0062479415390981 1.8440620804768415
1.0014905867895885 1.9279196991454695
1.002110882627219 1.945498815260462
1.000308452322659 2.056278571694771
1.0004728814396782 1.9119619688431602
3.3984377192075135 1.9326856570359754
