0.004595447935420012 0.6608702750064975
0.004839101839160778 0.6620100550698883
0.004869473871827337 0.6587710612115658
0.005717715406549524 0.6610671011193113
0.0048211091751241275 0.6604189077765419
0.004787481669686393 0.659329832677164
0.004679987506052129 0.6628130905509725
0.004252930261001913 0.660874593824236
0.004419055743188966 0.6637724789285921
0.004505908281553307 0.6612615913397444
0.004558184109883909 0.6589748016603751
0.004505967698973274 0.6621319542780719
0.004677535304429848 0.6599293954117138
0.004762793935166568 0.6596212364706262
0.0046247547722853685 0.6594632162506109
0.004501570488868231 0.6611206082616073
0.004879278653366941 0.66186319207118
0.004505869237446989 0.6609581328931342
0.004474158354923769 0.6619986788273192
0.004473178649578879 0.6613349520436242
