43897.5315541354 0.22257794525307734
1.3309903361323268 0.32237300459205154
1.6998596336296243 0.7255245113034818
1.926970291408084 0.9443228688937739
2.087589342322987 1.1004494402561091
2.176143007189366 1.1809566071972863
237441.31398184563 1.1912960611850791
1.3805021894160685 0.3709314076916514
1.7306493315316207 0.6025169612438449
2.3220244170214417 1.3087599328557855
2.6599142736401356 1.6771080843252277
2.8198163886479866 1.8477174325205639
2.768014590255625 1.7195342529995052
1.8074420449541027 0.7907408069683911
1.9141150151276873 0.9268742720363564
2.271938571445501 1.294452910633888
2.547780932458558 1.5778379622879866
2.6715226075718697 1.7111068405413283
1.964211121352503 0.9614269704745404
2.1069477053839667 1.117763168570075
2.307993227695504 1.3168672036339246
2.4292093670121915 1.4406301540264606
2.1834587692610894 1.1940283865055261
2.2266853766178762 1.2103592232352738
2.288183470676838 1.2784898762214352
2.200853216424301 1.2070829842175481
2.223091724364525 1.2228048430909304
243576.25327517113 1.2194927010485093
2.4036311622426827 1.3965698756935176
1.8364093090150098 0.7265731558023678
1.7200153337967874 0.6873279929947607
1.7431324189066946 0.754098362361665
1.8663498931473912 0.8727815928021196
1.9381744098791147 0.965325645368031
1.8270682156490334 0.29030874618835517
1.6618037499363258 0.5543371751917531
1.8949910314693965 0.8595837089796534
2.1579419396366646 1.1802306469764106
2.2432150275917033 1.2563775822369274
1.9788097641011553 0.9201701996045499
1.8595452215603991 0.8492364214269318
2.067683261970412 1.0741553563761332
2.2305194340895813 1.2360195496046273
1.9329288840979455 0.9335258040106492
2.0084661644944495 1.0139032114882278
2.1232535773635446 1.1310729244750681
2.030753421285552 1.0364331847260093
2.1040649993822953 1.1099839135100216
2.0823143634332624 1.0818746308312246
2.052276348572222 0.9583159396123371
1.7194699986312696 0.674028042744971
1.4181928741862881 0.41108323539467495
1.5697084588096493 0.5864843194742837
1.6891628596601427 0.71330193737227
1.5828886625545335 0.5823487406332826
1.529045844526399 0.5077149401998406
1.6896261697902817 0.7015347755734992
1.826455422653978 0.8368495996188173
1.7092164117509347 0.6759652011648907
1.7276534394816916 0.7269876968941794
1.8588723725363268 0.8716557298573377
1.822460809181266 0.8128391713709162
1.8619975481101414 0.8617342039937321
1.9131565892354838 0.9131988995358216
1.7012128970576192 0.7110338107997959
1.4015840625103395 0.4003856232667458
1.3448269565524194 0.3425049137152995
1.4579548649655383 0.4742584717936382
1.4046768498347884 0.40915860696047274
1.4366593585641996 0.4380052830684221
1.536357248300096 0.5426671432419147
1.570759241828551 0.5658552631412548
1.6137726243170931 0.6203853628107399
1.7090339973762974 0.71082039152028
1.3692246620184338 0.3665519889092104
1.2344178637142904 0.22424545960362718
1.299688303803919 0.3087004688914818
1.3612786187097974 0.36097248364663015
1.3899866998950055 0.3954038299327408
1.505474567340635 0.5087825987930846
1.2436892708355158 0.2498821332166549
1.2305492627145034 0.23618525805176324
1.337570704593241 0.33896946544245116
43873.938341307316 0.21973028969792224
2.197229113136659 1.1808147888289109
1.8418827349889386 0.8095836254388292
1.925796418064588 0.8984174640164001
2.5492843833707965 1.5821649128854864
2.815946216318251 1.8348956655577822
2.9225210194405875 1.9699198035031615
1.663359713444612 0.6530555032892497
1.9195268647328037 0.8956509209846388
2.6270038214914226 1.617453913714994
3.0618879507937597 1.9916762623126132
3.247420966890192 2.2704740710576323
2.146907997198884 1.1101486969833472
2.5644384344078404 1.5722261324492455
3.0124345224822973 2.0318962136126624
3.2052439944546953 2.2129655532824684
2.701171773590492 1.6929024476870427
2.9517894160745928 1.9416741012332226
3.1155745589328334 2.1296541679659615
2.995475271884752 1.9822938283263873
3.078444177166761 2.0851553194528236
3.078812671401822 2.080115626078319
1.8519180841230392 0.8404232597028343
1.725864857154344 0.7151363739518866
1.8912794133054858 0.8585777359485004
2.348891557944609 1.2469255384367677
2.451140282295272 1.3874732721530858
1.5205495694950586 0.5067995023694098
1.89189925969146 0.8673283175865361
2.470345489910201 1.4418494482051256
2.7508509095704343 1.6505736604661165
2.1034615274077706 1.0668179147277663
2.468298845674033 1.4480134474327326
2.6852150763295337 1.6623871405172208
2.539041087167332 1.4673393277173075
2.654657565460516 1.627510748309388
2.657732256615049 1.6137291888111416
1.6747957382791063 0.6845694876899897
1.623970228932722 0.6341021055852796
1.81240001928935 0.8168597218048589
2.0170540705210396 1.0259098214804414
1.580900170545808 0.5828909944287057
1.9200184966180192 0.8954786398935292
2.1276377712107672 1.1241386433168834
2.061202556112428 1.0483435719065104
2.1837102800030337 1.1588796156100203
2.2737189014702714 1.2480227923733014
1.5626587351827341 0.5535583417555939
1.5314914788240264 0.5333965199589699
1.686482505834965 0.6837643213144315
1.6885077693591253 0.6886851123134965
1.7870368032937376 0.7795304026535194
1.9136065523325905 0.8985526483802473
1.5011167778504404 0.5041939832192748
1.5124852893137897 0.5112465841843365
1.6446777116163767 0.6490015705500198
1.4392894582849132 0.43847200870671954
2.187482629271029 1.2084984350234451
2.083667269364982 1.1025546347529984
2.1302988121085797 1.1538806035782225
2.5102259577549235 1.5354714671524738
2.6868280165023113 1.726474084070618
1.8953794454929898 0.9136296681822293
2.1706989885774437 1.1769362733459705
2.599907472950825 1.6039271411444287
2.804327896062485 1.8144077164721546
2.3834602270656653 1.392590254834674
2.6597678508881843 1.6673249612541112
2.8479280556574236 1.8380465239945192
2.7725794863475213 1.7787000224369351
2.8586412616047565 1.862168933960827
2.9176592017789025 1.917493705677561
2.0853763441125093 1.0724053248905758
2.0267408580519817 1.0269414369769172
2.2304018577872746 1.2415248168446558
2.4454477241552337 1.4676725783710618
1.962683699677286 0.9377774425719463
2.319193673428506 1.3056625302910208
2.5525088216485745 1.5623896680734302
2.4819905833605374 1.462588061565083
2.638931597531204 1.6413496652178277
2.705912902633856 1.7005274597840867
1.9415319932349044 0.9301090328123123
1.9089482860104683 0.9069972004794349
2.097512207688508 1.104062806275706
2.072690446258299 1.0726275869755724
2.20777020852243 1.2110343278687679
2.3399259871104485 1.3396796744519355
1.8066732410392317 0.805475217784547
1.845822691633468 0.8509016065045298
1.9771554247510295 0.9668022966065727
1.7070489807657325 0.7090895859609091
2.189032818674046 1.1883383091992354
2.151005652073783 1.1535085821440594
2.2820381741374844 1.294949866462107
2.4461238184123713 1.463254539400881
2.1277266233002 1.1306926945079332
2.3870805273529094 1.3759473280552292
2.530451494620777 1.5352538528437796
2.517162005249998 1.5201325247744832
2.6141028160500337 1.616083172490781
2.7069933944644005 1.702625801088733
2.1558279781950285 1.156276114830682
2.1334803243868796 1.140465801582589
2.2918891710772904 1.3015481537108018
2.2938529518217234 1.2982066733239022
2.3925458090133973 1.395431652371045
2.523333680498265 1.5107923076578664
2.067909469523706 1.0693552417519552
2.104460293454112 1.1101530556289931
2.241421451849006 1.2406758312529753
1.958421939191775 0.9611529161757579
2.20949918796153 1.218589174076052
2.1905690643655022 1.1960831416239994
2.3010627349165578 1.3023235270068243
2.3143102619800424 1.309151415617578
2.393271994736193 1.398358926217641
2.5054941818243934 1.5060877831257324
2.184700485843067 1.173661351934297
2.214869372377806 1.21802860543438
2.3357658489252944 1.3356876968755735
2.1256768768513234 1.1272612918178724
2.215938054672556 1.2193978392294509
2.231515011751626 1.2353894530316119
2.338888558597294 1.33893331441091
2.201307908983267 1.204499511328001
243989.42884165983 1.2199174415989222
