1.0000064079512583 2.187932500182863
1.000504441247119 2.189463464200625
1.0024053478244142 2.1356764430275614
1.0006666339618677 2.5783556105125034
1.0009010602095838 3.460804718041198
1.0012777909078527 3.2120424041414526
1.0412128381171173 2.938495578446879
1.001141284081611 1.8199913584237115
1.002992844410053 1.9948457829657564
1.0009724048252733 2.7255945027709543
1.004665484619337 2.5237606280596774
1.005915629838222 3.346092222545893
1.005963622484502 2.819620335268108
1.0064247582846506 1.6874957745641608
1.0162102462502158 2.3150619060861732
1.0061388943142244 2.6239194655070306
1.0036787191795948 2.624477425724134
1.0054477747543842 2.4467335085871906
1.0041542705084134 1.8724887325465405
1.008612069518592 1.997128424841266
1.0104653727774706 3.006517987673493
1.0003916484024338 3.1760205968417115
1.002207428577799 2.7510943436189574
1.0009061131875658 2.3929677059956838
1.0034119483076027 2.777015187862641
1.0028590745059391 1.9543371467211412
1.0012579611315826 2.696771557860375
3.519489575060442 2.918454799577688
1.0005303933506657 2.4590742395004868
1.000803097578661 1.9094814466931442
1.0031128014334736 1.4264378596729117
1.0021509089886533 1.559120264690315
1.0022686176759465 1.6396511295294354
1.0020448198872203 1.698635454351927
1.0036089704634363 1.6544179794604708
1.0092810656141984 1.576073720943559
1.002356069173468 1.7964175934096795
1.0061238764304132 1.9454450007161572
1.0024654962666932 2.0331137519738935
1.0029939265443475 1.633820706530678
1.0059607162551791 1.7046482607153757
1.0058487419120536 1.8488833355875811
1.0095859805693566 1.9881756143654932
1.0068965530843423 1.7247923146070838
1.0159043760646338 1.7610999818396786
1.005570217013028 1.857385144062977
1.0052290076040589 1.7663549893362958
1.0126259669181172 1.7984728735283206
1.001870108454658 1.802572147696459
1.0007814244094233 1.9265402564047698
1.0016565081993192 1.5433383412744484
1.0021443688498237 1.199758560370047
1.0063733258108876 1.3301266691861624
1.00201049564793 1.4262731384656018
1.0049694565283613 1.3392472584525423
1.0071862460654826 1.296251185777617
1.0057143275993168 1.4455070634819134
1.0063366131198233 1.5794943949656113
1.0011822605665504 1.426919176493382
1.0260797046628527 1.4685622744484899
1.0040458115306852 1.58125398000799
1.0118979670475483 1.5751747355469294
1.0073947471214906 1.5873408223323948
1.003170537827835 1.6401260390659607
1.0013927859845897 1.43180908264676
1.0083587311786761 1.1364716672631618
1.0012798192534726 1.0711301470850962
1.0009094869021988 1.1821562777334438
1.0017665464663443 1.1385800634685084
1.0080492644285526 1.1774328905723166
1.0061586864159735 1.2693232938871744
1.021115238347191 1.310761726972388
1.0061238420135055 1.3371275312833122
1.0002823928188047 1.429229815610216
1.0047219018939009 1.1018766732350458
1.0013580510984808 0.9530467145463728
1.001776424685723 1.0177482014536798
1.000970340986457 1.0858695296554806
1.0034481806524806 1.1074713225791457
1.0011458144414673 1.2256674445658509
1.0070116580326829 0.9659619065981263
1.0014536897368875 0.9463479284677548
1.003206785276705 1.055328595654312
1.3609241024707044 0.8858361068220028
1.0003781957722948 1.9264884331569667
1.0010521158216983 1.6813901203852522
1.0015474124502934 1.7277927508244924
1.001275847925065 2.301539861761214
1.0026484457766094 2.5987545519643582
1.0019164687192608 2.6990457007906374
1.0109467772058773 1.4306202490278817
1.0100041443784618 1.6942011952699527
1.0311279136080382 2.436345456720743
1.0043141112661758 2.889160011473628
1.0034127922085483 3.0537909638399228
1.0031701569757334 1.936795201582764
1.0102593575110081 2.3268486070572916
1.0012464432298025 2.7709059105318903
1.0082874758990197 2.985476952572486
1.005096024321061 2.4545425391499007
1.0142937889669101 2.690171179419283
1.010396281837585 2.8559850120520576
1.0072645787222068 2.7286323288101633
1.004728373896949 2.8135035237471926
1.0015838361298508 2.8044279868281183
1.0064349500140983 1.6835607950565676
1.021646978296053 1.5260009092783662
1.0028464042484728 1.6722841960307133
1.0037447801559378 2.1267529031537604
1.0019334382293987 2.3067734519132603
1.0068204236447318 1.3129936214908673
1.0141467932066028 1.6807305056226092
1.0052583719713413 2.26610995027644
1.0064498545870757 2.5203919435523137
1.0033294205249073 1.9072417850662122
1.0190162265528766 2.240758057626227
1.01374665639719 2.4787703214978802
1.0072664645923988 2.310770942999566
1.0221163648514593 2.4302570237399395
1.0069412500035066 2.457818420808426
1.0009685843767058 1.4329563544739974
1.0119972871166358 1.3618024642015207
1.007122881214601 1.5650858631352418
1.0039773036325548 1.7842146190314312
1.010839155843946 1.3211822739826857
1.0059843265380115 1.6519579460935478
1.0132667284643135 1.888507987441876
1.0127911680713977 1.8113314464344714
1.0081188057650246 1.9523640290509976
1.0202041041528636 2.026630100488951
1.005445266532575 1.2976978541577884
1.0102800688958513 1.2651036713202695
1.0107076648823423 1.4546294425542308
1.015680435551577 1.4261095580660874
1.0106696192451963 1.53048016007644
1.0034793888414 1.6614213221752898
1.007664213935883 1.219150200733995
1.0007845144991168 1.2404385070941544
1.0031207557200037 1.3774171939473459
1.0000655937537037 1.1666601973940103
1.0039572987752903 1.931781856891541
1.002447701240924 1.8421417595757386
1.0012761205551837 1.8733795885993874
1.0093042432810109 2.2642120949187756
1.003983720162661 2.426973589088206
1.0013842116442266 1.6381624597850637
1.002937645272697 1.9196845116735322
1.016649438516366 2.3584269112874416
1.005375443555394 2.573453029982081
1.0059604526428234 2.120379295893536
1.0113501821752038 2.3903948459088675
1.006828926867514 2.583586508277904
1.0110234663892543 2.4973753328131147
1.0027286431129752 2.583868798688453
1.0012678361510219 2.638711320267041
1.0046619505413255 1.8470266273388436
1.0075061240523544 1.769406924751415
1.004894667874542 1.9798271028115058
1.0039922680507956 2.193496446951145
1.0173127582648878 1.7229322942202479
1.0173061412610624 2.070321938839316
1.0042806513576084 2.301279876768083
1.0070117660899238 2.2255137778160465
1.0325738068105692 2.3543829460317376
1.0065189090641253 2.4338016371293962
1.00442292642431 1.6816747534961
1.0040129545376517 1.644291184758472
1.0056379577831487 1.842496614062173
1.007712963016147 1.8136809089360273
1.0063139656389017 1.938901337100464
1.007553774767087 2.0709171409233376
1.0027338980930967 1.5537715758388475
1.004715927868679 1.571744364550324
1.000560988943017 1.7145731031935387
1.0001590316386353 1.4329836264612854
1.0038795463917305 1.9276588021461074
1.002726178694577 1.8855382029616852
1.0205038634768568 2.009237076758984
1.0004041769569152 2.1844518964478157
1.0013710002405525 1.8779599756172929
1.0091535497508708 2.104626383091568
1.006119838574636 2.275078828152142
1.0088812356789654 2.239024306726994
1.0059233693568483 2.333621533823711
1.0058874010620507 2.429241567797976
1.0018162459612059 1.8862280258515924
1.0085533767473223 1.8645417589238886
1.01030768923728 2.019067244212204
1.0047004141834466 2.0120772912411145
1.0158707134679492 2.1229868838977173
1.0039982323665986 2.2472000001088426
1.0051225945164797 1.7951972279616975
1.0075396159545926 1.8198571521254516
1.0075333643272582 1.9605197942278239
1.0013925550628102 1.684237962502346
1.0001827138265171 1.928603998294722
1.0022718215750257 1.8954431222264074
1.0019555267709537 2.0146267740333643
1.0027578382670292 2.0438626191811515
1.0038444365799601 2.1107928384370966
1.0000121461036124 2.2259798355885225
1.0087492798206528 1.9039097794671682
1.003105615888131 1.9324101450817364
1.0132199533669795 2.0566743868159962
1.0015418657485602 1.8447949373016765
1.0026878767816847 1.9260016064750944
1.0001821489864549 1.9449054008098514
1.0032443781418108 2.0540902718465976
1.0025968279443715 1.9138300372701837
1.935052851270921 1.9081115304092489
