145968.02558678683 0.7674002515747242
1.7944956201156685 0.8153246453027464
2.134860467395187 0.9787690977145195
2.407309926794735 1.3807330220090601
2.6339827215479867 1.7396672582139807
2.6792817121336268 1.730305190118294
331201.58429442265 1.6976127110717174
1.8532837963316258 0.8295892090296602
2.217834254994576 1.1278999237949425
2.699546816784243 1.6854927999928544
3.039605765603373 1.9947308270230757
3.19913053745425 2.143091666002019
3.1842685006687694 2.089173864828641
2.2812397549085244 1.1993212021119528
2.402792284287928 1.4303664937597673
2.8599834921418554 1.8388399593823606
3.012302458589909 2.128720002034424
3.1123833817491207 2.1706904536603475
2.432761060369516 1.4951536447314977
2.6040158025730777 1.662170423795617
2.7907046643484943 1.903811952463925
2.904380321831831 1.9848131810772252
2.6011874207862693 1.686118684994676
2.6831955345852214 1.774782739532152
2.775566106595501 1.8960615851538727
2.6605703392952416 1.7296757004646637
2.711490861280276 1.8012887138489715
339692.8234770799 1.8129239262425658
2.557759476976271 1.1566299818090295
2.1525882917948365 0.8122738650464097
1.9940853614008136 0.9184317721896721
2.2222566077556696 1.251066282526474
2.3950561091826525 1.4472860182892096
2.4673889563924845 1.5470716548604948
2.1216632859362727 0.8125295983527976
2.142128040076667 0.9938678783154995
2.3962426937912253 1.417195639374595
2.6260161430071056 1.6390105805642414
2.775810581718603 1.7797908723266493
2.1987462046419632 1.1430711948264125
2.3530894517701406 1.418100989487444
2.560651735177751 1.6266672385957044
2.7415549671133483 1.7696395416776096
2.400793161243271 1.484752319172177
2.514964586476551 1.5760051774707646
2.6108730961292075 1.6853340839649975
2.527718215882931 1.6482670132794848
2.5644402886432207 1.6713247227629697
2.563931800953899 1.6662480972921527
2.4818985878122826 1.3062742805281276
2.203549723116433 1.1082785293155513
1.9604322034686625 1.0030402598998185
2.0886871746513096 1.1361698117709713
2.202072486721552 1.2555405825493378
2.04265729905586 0.956583461515171
2.0231665815445012 1.0032543383715629
2.181116907306417 1.2197399980242398
2.318432804224213 1.341802359295846
2.1501101415554267 1.1096211501070474
2.2273677502840163 1.2825689287018376
2.354081510768939 1.4393595968559958
2.327615635983059 1.3384974834248013
2.3444113046650323 1.4245486084803518
2.3873218942909373 1.4210438934198253
2.148620794246574 1.1408097989487402
1.9844947331787173 1.0014540783131658
1.8451130983364563 0.8822833157092637
1.9858926018765213 1.050188767670798
1.8936927646186255 0.9143219813283763
1.939776648216507 0.9757629069313827
2.039277975158038 1.0920263468239242
2.102154262717675 1.1422116612762103
2.112737474514608 1.197935911071576
2.2153641250212246 1.2963464130527758
1.8667710639013042 0.8746287991067123
1.7568373560754076 0.8022889953428864
1.7928145070020338 0.7453073909651309
1.8755988903509562 0.9512841038755022
1.8902798035534882 0.9408669692301469
1.9981779953986571 1.0107835453178573
1.7407139507230833 0.7632415103729444
1.7811519462736114 0.8482913124299555
1.8459054615944939 0.8691793438559411
126145.9272067658 0.6249606522771681
2.478751664914015 1.287018021567004
2.2568029221400123 1.1679567483970983
2.4272672061283935 1.4325797313019906
2.9957167185118845 2.0361844857483153
3.3041412427534853 2.398573814729201
3.3932645287293663 2.497773082134193
2.1668391597027172 1.191374786228501
2.3537676469695477 1.2726025259000164
3.078706348351134 2.0743306843353726
3.5169148330129514 2.550425418717305
3.6431424598718634 2.671907908989287
2.62625096322758 1.6067374959532446
3.012867834306715 2.053764727514921
3.4422356597040134 2.558291372978779
3.6450753423178472 2.7434384510224117
3.180484840347715 2.2626732771081937
3.4877030987396616 2.661971518371006
3.540863522990427 2.69379208481042
3.4281229483821516 2.5427972721174656
3.523930916446286 2.7253796176877554
3.4796899153946717 2.460581876865473
2.348142322944115 1.26008379103843
2.222479030755279 1.175089093273874
2.3835309812831973 1.3828766874353602
2.801945550792542 1.7770561254665505
2.930000970904061 1.8343733669686377
2.0271096572890768 0.9457344314576955
2.3825195750854458 1.3278740623355598
2.925666146213611 1.9616419009284012
3.137846009367718 2.1294090470212454
2.5839985352776025 1.6066774679553255
2.9297385772964333 2.0232008677349427
3.12672126789427 2.149755886330476
2.981573672488361 2.0376358882971544
3.0810487130509037 2.1360415695667387
3.0711513193867166 2.049350855477857
2.1588865278116582 1.1374850734810615
2.1161896126786086 1.1103218364374303
2.3060921875943263 1.369284421086916
2.4964147359641418 1.5044775410063767
2.0685080755424656 1.1081284237885036
2.3885142769482446 1.4174399248754646
2.595420533476216 1.6235119848316872
2.577361631609259 1.6638625334828694
2.6955714685738656 1.7678731054134647
2.7086103556411953 1.7500840282650003
2.057683106927918 1.0491226846860802
2.0319707701248912 1.0652193014645552
2.2059520272638733 1.2528461283891643
2.1794153599054567 1.2608569623281685
2.2562315204715633 1.309072300459571
2.3800382273602554 1.4327834561193968
1.993785894297727 1.064126832869026
2.0175257184913193 1.07853981221072
2.1165169060180915 1.1722424826193625
1.9667440269962126 0.9596986403106913
2.6539111960344552 1.7268366293576793
2.577286341842741 1.6082100528365015
2.599541055312768 1.6592396633336453
2.982866560226099 2.102157345904256
3.139038849003642 2.2278330079832704
2.3970294228323072 1.465827302131752
2.627942438931429 1.6804527641959
3.0499393195869877 2.1409747663937138
3.2847109666518866 2.34111528870363
2.826449109937751 1.8830895343743552
3.1417452999947937 2.266882682538255
3.2754740635600963 2.4125060171338473
3.1953596119942524 2.3231504503736184
3.289195285350068 2.4121529003313245
3.3276393683624192 2.459164194534204
2.589243999119958 1.6812367051068002
2.5308718079104877 1.6320395203276654
2.7026014136607377 1.799689587947486
2.9300573519266906 2.0441576361416858
2.560160208483347 1.638592259852535
2.780234632609185 1.868076555690557
3.044666989754018 2.176017454806855
2.9310468012667212 2.049092452659769
3.076311554711968 2.2213713533718424
3.148326455975225 2.2958449721465133
2.42028853785999 1.4869710353005778
2.4013404741846847 1.5158473098880916
2.5984904545431156 1.6509021086767333
2.5367017200173554 1.6240156363693559
2.6506081445610903 1.744538219467983
2.7820373975184585 1.8938171393044212
2.281173062949428 1.3684600280098866
2.3285920436372836 1.4206700328282704
2.4346214017353365 1.4942411294562805
2.185659973582479 1.1565636979797533
2.6643618918829097 1.7678973385260082
2.6290633803784944 1.7359686967678032
2.742962535331001 1.8475597375171806
2.902483328249038 1.9626732693009208
2.6114745499129794 1.7121726559580492
2.819102837597877 1.923648438323556
2.978733281948853 2.092581813871843
2.979280579476483 2.0662976981453207
3.044091174401286 2.1816339041148045
3.1285621757303477 2.2589331657993954
2.6209708586192777 1.7239477469660915
2.595286850884702 1.7054710801962676
2.7545024793716384 1.892133845199481
2.795074833851187 1.9385048275498664
2.8292306324909493 1.9539162085090962
2.957711501882041 2.0956997467884584
2.5278772418923356 1.6188669945052927
2.5872504575914657 1.656736382302994
2.6791512604270853 1.790101057152845
2.418613354301732 1.5119926267712438
2.6869737767305737 1.833222139048677
2.6567552758079542 1.77174600734075
2.7467577329896673 1.8348666967667038
2.765416205470222 1.8978026227099487
2.8262172036589623 1.93845347185618
2.9323985076479744 2.066163408637949
2.6412738298002196 1.7637614908732537
2.667486206824627 1.7686370261303654
2.7723316652054097 1.8872956386526254
2.5873269255639926 1.6797186215702025
2.654426132907277 1.7509386949439265
2.686667046388274 1.806254142379071
2.774142127820324 1.886567421233046
2.6605188304897576 1.7801321028923969
326564.8198676534 1.6715968345620844
