1.1181231800854981E-4 0.6982131888414291
1.485657975274887E-4 0.69820683862791
3.712852989225874E-4 0.6976097804196768
1.6602010786558662E-4 0.6980702234998799
2.594067153044513E-4 0.6980492002519889
1.4540357342310154E-4 0.6982443659218467
1.552993933771339E-4 0.6981075613028734
1.2191732806775655E-4 0.6982364034744551
9.146913227645849E-5 0.6982806013697219
8.905557140265716E-5 0.6981575982137072
1.2086041827084479E-4 0.6980836698368131
8.287144375215625E-5 0.6982671582636728
1.587622341747037E-4 0.6982683079790938
1.717699646293739E-4 0.6982001049921177
2.529398989751372E-4 0.6978892451885647
1.070031613073452E-4 0.6981593047756135
2.0674640720828806E-4 0.6982064683020965
1.5319701456075022E-4 0.6981660984923699
7.544024718113936E-5 0.6982900903989487
1.14178791989053E-4 0.6982068265839937
