1.00001613461414 0.6072892282939445
1.0019187140440402 1.498842397566135
1.0125526617763174 1.2679867835706966
0.9991888849442868 2.1525469021115855
0.9990264396860805 2.681594435958302
1.0006541520755292 1.4220806352788768
83.24376197372777 2.2215295399568324
1.0026602955593067 0.6892023885657317
1.0054787685788793 1.238591048581498
1.0029879645933963 1.438027599120797
1.0097757489519623 2.593395038282479
1.0029823130026883 2.7998364903576483
1.002038365702308 2.9448430791157714
1.0057465662293845 1.0880247462454715
1.015015762436964 1.0931668602921973
1.0047026440906914 1.455600593571682
1.0117709130114096 2.5516273476806446
1.000009300628141 2.4714164496741478
1.001774425327561 1.7082100053922487
1.0042232730946603 1.384339917340971
1.0045465989879154 2.2192284258565294
1.0026964442576598 2.1060802822806424
1.0039700650158314 1.9554033400735413
1.004515035703774 2.1981891291008564
1.0092992766014444 2.2926140253281515
1.0005667004067573 1.5912374918942152
1.0028280282722126 1.2691328997572668
8.861398910447203 2.074015183048907
1.0061470118428197 1.745105183523888
1.0057033176721302 1.1985883215748159
1.0035494858102896 0.7162875938978523
1.0014089795732741 0.8526525475384087
1.0046747276705126 0.9344816957256935
1.0021689242298135 0.9840422218501279
1.005705373332284 0.9463075095600176
1.0119809063846004 0.8728645070507203
1.0058367141601976 1.091419850222267
1.0041965087396232 1.2369904868048471
1.0041990204630429 1.3367507914325694
1.004801220977019 0.924862075127148
1.003379778894934 0.9952180537046184
1.0142989292852846 1.1349577666277528
1.0100636242535197 1.2777701102728338
1.0006107059305407 1.01405715692337
1.0040993814590118 1.0514186526991913
1.0083084714141082 1.143441471715909
1.0047989830199369 1.0632125807011832
1.0032194766429117 1.0873288579621017
1.0038743252896114 1.0936242236301108
1.0046548842935785 1.2095933004434603
1.011308479558778 0.8304942055847955
1.0034054490353013 0.46932297508256504
1.006842644762137 0.6101574172199147
1.0036475112486019 0.717993900921007
1.0046526067934494 0.6239132261214777
1.0199203250752342 0.5859286791082343
1.031334692756308 0.7349968207671776
1.0121618257734437 0.8696571808283036
1.003910898468308 0.7195247579887945
1.0291585624487969 0.7587127143851848
1.0061931554268249 0.8727608710653794
1.003315404375787 0.844701353880733
1.0047871733943343 0.8747806829838659
1.0094046507306649 0.9233639415030312
1.0078511739229508 0.7167644134324642
1.0047907055886582 0.4354637726794706
1.0012173441645984 0.35971357431049744
1.0011078824289934 0.47023464766960194
1.002629824064587 0.42418434864534343
1.01105914685919 0.4618791682424769
1.007837699615161 0.5561979014620788
1.002448267338908 0.593446060682247
1.011080750676395 0.624061252007366
1.0028838410297862 0.7191063160316041
1.0055593503192488 0.3921628913730279
1.0054317117891975 0.243889997103742
1.008668603450038 0.30773407116212737
1.0003137402694458 0.37541399633705913
1.0041198615266274 0.39900868317943305
1.0045450934742088 0.5147094122843354
1.0014201007799344 0.25092979161348056
1.0024965769107301 0.23563443375587625
1.0006652012822206 0.3451950673724518
78.77800090496275 0.21979021396335224
1.0055192219135385 1.2189154729404987
1.006521605491241 0.9683270039243835
1.0033168182844063 1.0154334218026408
1.001635752839193 1.5958094931524949
1.0041582641527103 1.8879999497059876
1.0018254572919008 1.9851459957529132
1.0033422555365081 0.7210191950809208
1.0238216808209657 0.9781270525450287
1.021818817701014 1.7174992046107147
1.0266397107251986 2.1751657163726876
1.005035205695292 2.3311222329365737
1.0017521119926676 1.2234827247429
1.007399273580952 1.6161108957600039
1.0042862809535265 2.0558459593265987
1.005704997918128 2.274732411821023
1.0065828028722053 1.755673163158538
1.006085614388242 1.9837375196522424
1.0023572596039956 2.1437370904135364
1.004248483170259 2.0177530989843637
1.004831361417307 2.0866957299742834
1.001761363301491 2.0940991269048395
1.0047937918116499 0.9702518815207666
1.0313350288968144 0.8100581837890348
1.021097436103259 0.9557217345358313
1.0102048554722793 1.4177727489977587
1.0043427252592143 1.5820155602884531
1.015042847315209 0.5807014379167654
1.0332233593506188 0.9629970217723371
1.0994523712965987 1.5411870753335146
1.01004614285584 1.8033569702312449
1.0186420040556592 1.202407455075137
1.0430922934252231 1.529228159629906
1.0179856505079652 1.761911021879428
1.0073394328777405 1.620463476566186
1.089284452186282 1.7343804511064742
1.0072858046463322 1.754650890663145
1.0075617716653777 0.720613174132662
1.005053044333827 0.6510753166801093
1.0328972359732422 0.8520395717373157
1.0076052304315988 1.0713684837255713
1.0129635454937336 0.6097744263945033
1.0371780706022502 0.9489575594050881
1.004725167610723 1.1796235973260523
1.0074829877225453 1.1014655055974294
1.0261250206838168 1.2247648422348623
1.0114762697861779 1.3132955653724658
1.0129072976005808 0.5900970167943463
1.0106522331953645 0.5573926268556193
1.0053423578528542 0.7152149893318156
1.0116376859031777 0.7127409249889481
1.004449934751156 0.8176025827508664
1.0077754873709261 0.9446829370709646
1.0074695815796648 0.5065072015539451
1.025071929523152 0.5306240444129101
1.0023694381012143 0.6593418039420469
1.0009555058886639 0.4556122033263636
1.0103503414207557 1.2182053776284445
1.004436393214781 1.1328929939667238
1.0020445843071997 1.1642072337958738
1.0059482333344532 1.5513413646320544
1.0024317315384752 1.7166487535967931
1.0046843193348882 0.9243203307288523
1.010900085312384 1.2038107241077254
1.0151118655158544 1.6494451797311602
1.0179201889507383 1.8617040436324064
1.0100486225673189 1.4114703815931926
1.01379972584256 1.6839813690168928
1.0049647169409972 1.8724665270917136
1.0035250080896463 1.7851772982619716
1.0095794650919248 1.8761572332990957
1.003630334993104 1.923762215816447
1.0070719507648758 1.132784400141718
1.0064237401808858 1.0606055451469527
1.0115841117901034 1.2671415396485153
1.0121421690741872 1.4828411497142175
1.0066648843791268 1.0202228463117442
1.0187560309577017 1.3537490979910016
1.0018332824505622 1.589925250540391
1.0136430890550765 1.514446239483705
1.0134219727263638 1.6401835183395654
1.0150082729399599 1.7272989905521277
1.0048035499412709 0.9693009377871955
1.0111021280297394 0.9340651857388387
1.003120153605918 1.1235253467393633
1.013212252402398 1.1007334353105482
1.00701704031233 1.2281479031429723
1.0046263500872379 1.3620880832780973
1.0064180553348847 0.8286964986964074
1.0155356233687458 0.8585243208035105
1.0071400602992493 1.0001587905831326
1.002215510468848 0.7225534569962344
1.0012503065935503 1.2196134014696136
1.0037163833076244 1.1774257101976724
1.0127707992593857 1.2997618878476747
1.0027144729782704 1.4703288418289504
1.0199006721722732 1.1649984819653891
1.011624610608736 1.393009177342421
1.0018553857132435 1.553757016959381
1.0062955482577365 1.5355173978650887
1.0182086752545083 1.6260107673795643
1.0054759121153458 1.7188704524452554
1.0004095506448176 1.1777092888566851
1.0094969317964686 1.145953930563158
1.0109437489689503 1.305730819482678
1.014894759965749 1.3045127548708195
1.0293807555830328 1.409101036963925
1.0058892922995233 1.5356732873941794
1.0022366322423015 1.079467478836519
1.0182167186530997 1.109234396481491
1.0117461056898354 1.252718699137226
1.0026835332858741 0.9694142174803957
1.0041997719152536 1.2194541419391756
1.0080572477467875 1.1987833770859746
1.0042059369823044 1.3066162088671487
1.0089496525869135 1.3285181808581723
1.003329906386691 1.397965889338413
1.002775570787862 1.5144311076480972
1.008935270987767 1.1949273745031366
1.0076027588067802 1.2192732763336047
1.0178372720059774 1.3442940079442633
1.0073287692764246 1.1320046338849425
1.0034770528734018 1.2194253648853242
1.0091912615208718 1.23531625863862
1.0029324701645856 1.345645915297729
1.0011635281765667 1.2041004424876072
487.87977293727994 1.2198412168629824
