35743.07277223351 0.33166451929055507
1.2961537510796122 0.5096954246593509
1.410042844126048 0.6234160429435988
1.7124269067100144 0.9902412771447594
1.6268219502036108 1.114115442089262
1.671718364562952 1.1916595255452105
135251.44358045646 1.1878261842266757
1.5007185788142507 0.44599420996725264
1.5473219281081678 0.961339840586432
1.8084635420728232 1.1907379345450053
1.9903781824177411 1.7910556513575489
2.0250147111446077 1.708877016059744
2.10979400640268 1.5587127445771696
1.3900318201430026 0.7073459821305961
1.5193071153726436 0.9493075037036832
1.7778570180965085 1.439978508338309
1.8485804247422881 1.5613848419187037
1.9189660248911786 1.7055271350624426
1.530583067550237 0.959088001542078
1.6993249113508986 1.1050638295346231
1.7355161388961111 1.3328642049584942
1.7985617172780268 1.473163171132716
1.6091141274557956 1.123449079351033
1.6613525277993495 1.220336137404969
1.7011444646783647 1.2974882264880527
1.6561030665390544 1.210102837335761
1.878594815367766 1.1818792190200882
131811.54603071453 1.2085480837260196
2.111127324772779 0.9330858091375904
1.6279196980127906 0.9054946423803594
1.3707707438160197 0.4812638494650322
1.4470342078072491 0.8339567135540595
1.4883752590820762 0.9002350774761766
1.5256809255398411 0.9626131155356219
1.5727367763234652 0.39389159817595554
1.4291037166921836 0.747264265276179
1.6414095034855027 0.9341523618775813
1.6659543465041784 1.1115793412524717
1.755178227388593 1.1816622452445344
1.459738331502092 0.804129105165444
1.5409464888340723 0.921363991749048
1.5997421828119633 1.066945035171238
1.696066288481035 1.221604669505587
1.5035345217470564 0.8834248451239285
1.5596362258144416 1.026871141998094
1.6341832192147867 1.1521617565833442
1.560414943982944 1.0365691088208673
1.5849687082516062 1.0782464659673567
1.6261845225672897 1.0698979821716041
1.6622905151052385 1.095418114489855
1.4769178789957764 0.6890042767418214
1.2557426868821362 0.41235224071512777
1.3174630201016688 0.5799651414649896
1.3860076835312367 0.7048237338523002
1.3434975487507197 0.57234485663696
1.322087754775668 0.544755647884064
1.3978767415214841 0.6913880127821425
1.4902034724834223 0.8787590983550039
1.3830194528099133 0.6536149417760508
1.4113177601082363 0.7372685292739951
1.467625439760116 0.8628972340066238
1.4451627751699068 0.8229181364954408
1.47030398369412 0.8721201929467086
1.4977714310648493 0.9175706814330205
1.3785291300655473 0.6952380543710768
1.2339168132213165 0.4272344119324978
1.1947973701317438 0.3353230463412723
1.2607181141641006 0.47944208657165055
1.2255732066456646 0.4056943735828761
1.2785695742663992 0.42299091718679405
1.2977912961941211 0.5495312640383574
1.3175267719741435 0.5654842302888909
1.3422317661415102 0.6239267906500563
1.3882494683005149 0.7153198294186148
1.2115364258959123 0.37614148055744445
1.1330664088345557 0.23084705833388608
1.1679972026856562 0.30561050600177037
1.205939822577553 0.3515815187450533
1.2173841521016049 0.40444636943260853
1.2759589429452038 0.5148676186683665
1.1392435826105123 0.23266087262081128
1.1266609601651492 0.2368530168406333
1.1856572271671426 0.34508195102920447
23703.66743817054 0.2197620715608187
1.7702791882518687 1.177645805151065
1.5644966830348048 0.6651820388038212
1.6191080163686218 0.8937137024147598
1.8689961978122132 1.5120807195168797
2.0084772843330407 1.8727151519557297
2.0645956361479794 1.9853508292163404
1.4232083231885437 0.627836671185273
1.5181633873435034 0.9042709022015452
1.9109325965231587 1.6058572920409628
2.1549400655748365 2.1048788978669983
2.241782897963322 2.304565441875744
1.6644909713724518 1.212172596100444
1.874291999727192 1.571681810002925
2.1162077253450553 1.9947153478377433
2.2255520106788547 2.21825739120633
1.9435609786197185 1.719150742189262
2.0679415935401178 1.9749179532247196
2.1524976332241725 2.1182655999448934
2.0900366247044535 1.9947780926432372
2.121794096289089 2.0808663195871984
2.1281234404236336 2.078012450218395
1.5080915513841011 0.9132619924029144
1.446441420103373 0.7301484492584549
1.5149016709707621 0.9087999551082102
1.773791763301809 1.3666472508326648
1.8326111835393615 1.53944201839782
1.3383353178978772 0.49417225635221934
1.583534894086446 0.8472412183120575
1.8456682849081634 1.4418200016095515
2.0037672423414197 1.7176624342360243
1.6691715568511956 1.0703798475615054
1.8266426149389328 1.4564237913266735
1.9808907981162607 1.6290437630647
1.8609274354344567 1.55783678305502
1.9378474936552208 1.6132328109969303
1.952322888261004 1.5966255636056657
1.39743817366689 0.688939890332876
1.3570772043898207 0.6089766981479521
1.475268141852633 0.7983547633662698
1.588988254009322 0.9962864289846883
1.347165444439117 0.6131085298814221
1.5123869178449647 0.905343853646045
1.652660247264633 1.0989239691173118
1.633645027725652 1.0107063250024664
1.6653826597841546 1.188874070165654
1.7143705656299133 1.2401623772633767
1.3269232823592534 0.550047071984405
1.3082260179292478 0.529328456454532
1.4178588671762613 0.6963436328916315
1.390019875796797 0.6755327139291332
1.4463903995188063 0.7788562898492217
1.5107923686963898 0.9264942932530355
1.2762188349371495 0.4841488805562646
1.2996801707361312 0.5016390066749069
1.3525685349224914 0.6516228484832972
1.2440413858183978 0.44492916396107307
1.652356026821862 1.1825490457223131
1.6031326886982706 1.1195685335311314
1.6322809057812204 1.120459766096188
1.8316103924188574 1.5459881058010072
1.919455874370733 1.7091533351758916
1.5095140077032192 0.9138923413350947
1.6503495864290871 1.1566719518573385
1.8891802644237154 1.6012889226473617
1.994818031945957 1.8371238853551903
1.7709680410314765 1.3960494831669537
1.9063891900613918 1.6597003722960983
2.015560696191689 1.8363785378712505
1.9613103311540236 1.7660058982648739
2.0339894330767168 1.839224668908003
2.0359223872685903 1.9222164574240916
1.6078622512122638 1.12234277834356
1.5791370310083037 1.037755415980303
1.680065392097604 1.2441693809647305
1.8006269667508112 1.4867645283014554
1.5572942215833947 0.9845778285976043
1.7308228885484742 1.3258396274276993
1.852545659037157 1.557462869087766
1.8156075094979793 1.4849466265384135
1.8852564804418885 1.6100335352231219
1.928222121745907 1.701762249712922
1.5419391055898917 0.9332986791293205
1.5044579885612217 0.9140794934044032
1.6207194605453221 1.0905163421715363
1.6230899719808751 1.0881999774015232
1.6701146892519154 1.1926930939480782
1.7328821584931622 1.33963463405893
1.4472809250620011 0.8056334992882009
1.4642256150150383 0.8406479131398662
1.54629371025021 0.9685730445196907
1.3864097133722506 0.7127032212616478
1.6539818337692056 1.203015670226534
1.6491411471456816 1.1483177535020426
1.7023825314612098 1.2859102709001724
1.7873984951967956 1.461946950279515
1.6268549334858449 1.139286989337499
1.7479821309453039 1.3742020615269501
1.8960170738670155 1.4980990463775128
1.8247279881455192 1.5332940821300864
1.8755571938452378 1.6059818660800005
1.9357644863840044 1.6984631085224247
1.632373953691403 1.1669494794054887
1.618235405067757 1.1426079417779227
1.703571006899622 1.3051337075282097
1.712645177910287 1.280462157284102
1.7629996904551257 1.4119924492390192
1.828410672569917 1.5183158107672075
1.5921582093084687 1.063204931869685
1.5986078321102668 1.105260119910584
1.6759124156004273 1.235595006216162
1.5245421138317887 0.9582091973416059
1.6539836707912952 1.214132590356488
1.6435264214955128 1.1964751829168163
1.7013902814557578 1.3041177221708278
1.7143489994397048 1.328609300246417
1.758781436039151 1.3832622522124565
1.814634331655034 1.5021185875045875
1.6433076762266103 1.194520796499892
1.656658319504098 1.2156133332439691
1.7217676814950797 1.3389176710836193
1.607329511453532 1.1312061096385837
1.6566025205108366 1.2072202640142247
1.6629701227437532 1.2354303336668477
1.7250018038074675 1.3313080935168249
1.6467839293313502 1.202914219404208
131380.89309645767 1.219751989551931
