151948.93776425454 0.7764114896590084
1.9197129801857606 0.7963771938358029
2.11916677245544 1.052414991426351
2.422329770462215 1.380616552332084
2.712956244976178 1.7391256464613372
2.7177978648319803 1.7473664673526372
350815.69097129337 1.797551618004496
1.8465709875373788 0.7965284275735636
2.255119818564382 0.8268789013920352
2.7093099230649256 1.6505394267894653
3.058161142966154 1.9780021561658536
3.211172944241263 2.1352344554594116
3.2124864284947066 2.097946387326407
2.2056195910244942 1.1850934990952688
2.4335003173904277 1.4100060650811577
2.808716175129577 1.8137873157023887
3.042516547508345 2.0538093746513213
3.1653953711482505 2.1462316400324286
2.4650946767662343 1.4905158000363894
2.649009906220136 1.681884021891735
2.840714564093539 1.8983221920305149
2.9594962736392647 2.003750156205163
2.6940065599633423 1.7434957485075753
2.735565196045549 1.7788745432914608
2.8106158611823835 1.874323033962847
2.713346059648692 1.7761260020267513
2.73309593061414 1.7752507147301155
349015.15493329143 1.773842880796818
2.7001468446601664 1.4794477119079117
2.2017671800112413 0.8255780942699262
1.990969499065287 0.8816909830125964
2.228162891457619 1.191450639888795
2.4098843251627393 1.4533225896979423
2.461561784119636 1.456643972177965
2.125238661728954 0.8600173347399294
2.1583266060457555 0.9386256108618505
2.4176556694730578 1.4468641310805852
2.5969809424021126 1.6449611202544232
2.7076531434395044 1.7203806529383492
2.186203493228838 1.081877251001031
2.3227523925092477 1.3437493570708252
2.568996291563802 1.631403239071683
2.701061267097577 1.7491436827323523
2.380947594414269 1.4211426795595732
2.490515068802607 1.5601907024138923
2.647826957548738 1.735058707848479
2.522630722131158 1.5610677866694966
2.5732839354863506 1.6456739221491672
2.573381552118758 1.5957409659366588
2.4461699593640387 1.4310132244195048
2.1629409050582398 1.1365106861497942
1.8806421719532396 0.8957246412429776
2.0523834253409374 1.1255492407372805
2.163719814651165 1.2358473192965806
2.036320682315328 1.0598688420805171
1.9862162126723106 1.0334188021362016
2.1432862573128935 1.2495989142263477
2.2666235028180535 1.362197462070584
2.107671240811452 1.1770258660868267
2.1724668389621122 1.2859626062589613
2.3180849537174835 1.4246497385881263
2.2803978138788104 1.3753492583244153
2.307543625014363 1.4099867503177326
2.382743286602831 1.4693652414186729
2.0368694699113434 1.1175332893513454
1.8679919678399401 0.9803292412801646
1.7572097736400578 0.8760127608614379
1.9106256781596267 0.9991495418139831
1.8361476182362746 1.0003146084658217
1.815515776236631 0.9677214507962857
1.9327537940620694 1.1115735229263326
1.9942885388950593 1.133415716267603
2.002662797205124 1.1727989057915214
2.0989980848933456 1.2513513047022768
1.7379618257138945 0.887040066991005
1.6175449420727888 0.7644380098108116
1.72049361120053 0.8667981563436886
1.7539360850081156 0.9356961304687093
1.7769322958322178 0.98653291101893
1.8865339518742046 1.067794248835654
1.6312064194531417 0.8079131564471865
1.6369619392345274 0.8332536045806662
1.6870826010086044 0.8823913062284404
108624.28937657845 0.5339733224466251
2.4753711989680705 1.1599092520847185
2.271953136487884 1.154592410230157
2.455499791506492 1.4410895314910501
3.060730519148708 2.0249472366392456
3.3882543251500947 2.437078749075846
3.481173738205499 2.5031599372923656
2.1834774115739055 1.1598287031236287
2.390319775623393 1.3342906578251146
3.123874711564964 2.0904030031933294
3.59346124983371 2.5665905870880166
3.74045742267873 2.6824549262526745
2.6658175232435752 1.6026254356125018
3.0708284665654673 2.077935968064421
3.5282632414311856 2.5696940517099387
3.7391194808495625 2.7614654242438488
3.223371558295943 2.249303159644063
3.468019032517208 2.521231353857096
3.6238949101288696 2.670783343529639
3.5020921766020296 2.5952309745801063
3.57423824397605 2.627686345824726
3.576225048107877 2.6643388696893298
2.3383647749840586 1.2291811811463784
2.220120947367964 1.188751330678807
2.3618031534705137 1.3919295359199533
2.816907838035644 1.8585534578528153
2.886203734648074 1.6944652285361994
2.0560756027294875 1.059550857782743
2.3427487263218465 1.3286993455345804
2.8747111800334166 1.9243690749283018
3.1135320040770402 2.1622521664389676
2.568368223412501 1.5866879056078802
2.9015484262206854 1.9796144728945944
3.1166028098244776 2.1889413280738474
2.9745603566432766 2.023990543414293
3.068507136247212 2.13156427857644
3.0423660912737907 1.9442361344812749
2.176607223210329 1.1450814631467274
2.047839027150033 1.0844714727776812
2.238691318710921 1.3372383800422176
2.440786572455628 1.5363575608021884
2.0145907169185366 1.0200367294437254
2.3283771243280604 1.4668585586172112
2.4729812084986076 1.5969577106110635
2.4409576898217855 1.5796871860445338
2.542961349037048 1.6764135976344448
2.6413227931748944 1.7408155491915636
1.9583348868898238 1.0972779989240595
1.9084481039881696 1.072485468781173
2.0604235784321725 1.2246728044356057
2.041672449963294 1.2286602759435303
2.120716611451477 1.3056202657635145
2.2360045748381223 1.4380191211053457
1.8794755696068774 1.048058783828012
1.8403101174230185 1.0352695316349065
1.9557601625143524 1.1830745782672216
1.7675681813954984 0.9502417003695152
2.7057858853449925 1.7241692797775845
2.620804834132229 1.6314421497472953
2.663200174523287 1.6183794294860474
3.07377874793631 2.121984958669313
3.223914717051465 2.2650444664438387
2.4412630632797185 1.469646045122928
2.684719684634158 1.6754247775454774
3.1398839717364755 2.1643733127389133
3.35253458286069 2.385246921375235
2.905593360869626 1.9443479904643322
3.1846797233899604 2.2241262079328057
3.3773830910849143 2.3895080572531375
3.285539994258725 2.329795802648798
3.36848464480268 2.4141183702377353
3.4194226181117067 2.4927480223659515
2.61951767861006 1.6695938024135175
2.5295442137491704 1.570070254877721
2.7526351172541297 1.7745521383436342
2.9589487627968216 2.0472270950377007
2.4782649989564485 1.4942905398424224
2.803451455040196 1.85246479152251
3.036619812509997 2.088475986814434
2.9687185192599763 2.0401730850626225
3.079034991925405 2.126122215257691
3.1872638235647086 2.269697954203345
2.351583018329698 1.4435394832743265
2.3687168987865976 1.4698313762488402
2.547734825022352 1.6524884665776207
2.483292551469233 1.622142539494609
2.5816262123526754 1.7157739824788685
2.750429571145688 1.881903603205199
2.186096381609206 1.3725013879018684
2.206003646487711 1.4150080199015245
2.292156567663385 1.4567378311535295
2.036036059220094 1.24690983257617
2.730945182502809 1.7582158316932457
2.6892911307421743 1.6837103791844763
2.8274159483535692 1.849351005165531
2.9887383273057444 2.0138838999183593
2.664673945848622 1.664416742490733
2.9022662201497544 1.9242043749117501
3.065863131795272 2.0871959483021896
3.0446244487440346 2.082728900230483
3.1345774798522035 2.1711957145384964
3.2270850101345196 2.261348345353423
2.6850020145108653 1.7504615459925024
2.660154846359495 1.7096309312531544
2.810125368470641 1.857390806964024
2.7920887774639005 1.8155785695727868
2.900278758054064 1.9507863324457144
3.0343412569261625 2.1197828264558725
2.6009008720078923 1.722628716672125
2.5634471770885363 1.6699360200489346
2.673040558273517 1.7915124576809085
2.3805516284716357 1.5659026353033758
2.750948445968625 1.801389045344815
2.7348092080444797 1.7683524589828425
2.8348068691748223 1.8605236041282724
2.8545900964086095 1.9026811100502952
2.9217001603475934 1.9034799949543366
3.0329147732074584 2.0729496926568585
2.7205489510491567 1.7431871286467286
2.7490857346940674 1.7963517312584947
2.8631391375201996 1.9072016057179728
2.589090639290144 1.638544529328413
2.7415649007532155 1.7570120383013488
2.765913961620827 1.7903420536651447
2.868474582271996 1.8877083246232815
2.7440192298975754 1.7715133950666717
347434.2701041512 1.7373216671465654
