159596.30619204557 0.7989308124601894
1.928526480106922 0.876795484558026
2.1634355477637373 1.0856795553851928
2.460333861098705 1.4013224491553196
2.6945133209560486 1.6740023856912032
2.8806672790738506 1.718882169716193
361179.20165626105 1.7703263161055915
1.954020807000728 0.976819167818455
2.2390273326585155 1.0607064323101805
2.7379007915097837 1.6196402448638223
3.1322462480727733 1.9234902226946875
3.3040024913662154 2.1240712042679752
3.2981262249704297 2.1353446760226547
2.2311768235561105 1.1903471635424392
2.4649824421796915 1.4743409533008136
2.845510870368465 1.8635157040405979
3.1108704823182727 2.0945136013161103
3.2267403444816893 2.1820093719231837
2.4922622345498606 1.4651095347811887
2.690940099858574 1.6644973778427707
2.8659572252164676 1.8436189834266317
3.002641017211408 1.9949339147398693
2.720535682723359 1.7547865187613219
2.7557724504897787 1.768699991357733
2.840451876842333 1.8328892426959402
2.74978421451302 1.7714603686706605
2.7786711500747927 1.8020620335227755
368873.97312157345 1.8696947306109395
2.5718000390241516 1.2356427096660194
2.1678132851863383 0.8203470079736599
2.0203470956988316 0.9108671150449572
2.3365522669794814 1.336566875895386
2.457256592625125 1.4312660449468169
2.548146289486911 1.5314529257565033
2.096728049559774 0.9174488881733637
2.1630198361116486 1.0051307457322078
2.4291344541433313 1.3306513344106436
2.7113185859303086 1.664356656706031
2.800939825171816 1.7177681656240529
2.2036545598449404 1.1041215414971601
2.3670743597169936 1.319974197172788
2.669548703613083 1.6691718184276738
2.791570637641957 1.7392550546724417
2.434825315631767 1.4471515751350992
2.5825360957662182 1.5831829687616592
2.6777149682376375 1.695447001439525
2.5955830176996324 1.63266041949898
2.6206917386086404 1.650924412893585
2.6371533480355493 1.6019872510903888
2.5355086435937837 1.4208733147786943
2.241400576134272 1.1638100948960135
1.9572359605000451 0.9102849029540778
2.1292650262995094 1.1219122173274212
2.258334382770295 1.2478562261391248
2.0452853076178092 0.9755391648727575
2.0826162769083965 1.0714226148651937
2.2556880668870516 1.2453592002429987
2.4054453335981556 1.3121452916727183
2.187537600899786 1.169613989632801
2.2685584722370957 1.2941779195847374
2.3971864214165666 1.4015883594680203
2.35616372600819 1.3661123790188225
2.4018213198110057 1.378116680703196
2.455505466686101 1.471796498121796
2.1669536991622134 1.1001199469174554
1.9342848235153811 0.940479866380513
1.887990261243448 0.9068931453060953
1.9889960007407814 0.9610575486450225
1.9323420426822882 0.9349119763933472
1.975090047686567 0.9540415458468858
2.089136114055256 1.1070176329774504
2.105662539874012 1.114249573317359
2.1678153810177796 1.1646564178974184
2.2500160356154577 1.2688604918178563
1.8895498110765292 0.8772684176503711
1.7931130365334416 0.8152475102420402
1.8436257338898852 0.8432231525688528
1.964975902690826 0.8945755720131676
1.937611606855995 0.9657384992223266
2.0815142773718494 1.0808419232141189
1.7919578147724744 0.8087467522218741
1.7834475758053951 0.7999641091540015
1.8873198373834739 0.9205437495258236
158618.9954078359 0.7952287149211668
2.534657639347141 1.361102891543412
2.3071527509776413 1.1122862531710138
2.4930361955465585 1.4411074241072042
3.098930444656617 2.0588191736052472
3.431299834552614 2.4059935241637422
3.5384322343927486 2.5211056720606075
2.218992612307538 1.183832165890257
2.414460826906522 1.3083825934237832
3.1564538597105147 2.058539219775344
3.66260685569764 2.629085510988137
3.8037745142601453 2.722418036060377
2.686280751169945 1.6266218514914499
3.1044576108081543 2.087683585176688
3.5842428834244155 2.5866107868655392
3.795292495684758 2.7583778498904983
3.2595130814304487 2.251178759986688
3.517788470815801 2.5440581897051495
3.674631635079697 2.690593621362979
3.5437686833324715 2.5537402000963847
3.614184844286872 2.6504544062585205
3.572656175668704 2.4286535659011594
2.3694721237568013 1.2808804079439353
2.236971691856759 1.0987302994638133
2.4189881489805525 1.365639106839734
2.8807295748158426 1.7699929648880623
3.0096805827011024 1.818477000796951
2.068290189404525 1.0323274549371324
2.429083038221262 1.3327212703274256
3.019899349073115 1.9606139532007214
3.2410217040912017 2.1367388005165004
2.6527948550271336 1.6228299579761274
3.004127879750152 1.9504249806384695
3.230569996278102 2.1900628461473213
3.0920478531283733 2.082448090847714
3.1693592066060954 2.1135929512309066
3.1583860161957262 2.06768305276968
2.2049200014680523 1.1673101336487717
2.1951467239990943 1.1876852110852776
2.347636828944553 1.3049576361840376
2.5691185634194587 1.5134478847370207
2.0761200488353304 0.9925151247560373
2.443290428682589 1.423229196182095
2.6629950733628815 1.6361214851321528
2.6014687806051935 1.5856844429087507
2.721969295094281 1.6877829708788412
2.7815007529670273 1.758279925124635
2.0781769393675305 1.0584713885159833
2.069033993360632 1.0692096409078897
2.2219064414656824 1.2147188815305383
2.233521698936106 1.2087157853550297
2.3195031541377253 1.3231109593737376
2.4393149311658444 1.446731351056004
2.0289869695631424 1.0329492724816705
2.0394077558120314 1.0334175205881613
2.1755325519054973 1.1884855639801724
1.967166931429984 0.983669351064719
2.733915949185257 1.6795179648800556
2.6578810789976828 1.6475373827552282
2.79546236579409 1.614651969503472
3.105660652960837 2.081676352598439
3.2771551291429235 2.242163819151313
2.4546982172470226 1.4466225430522188
2.708536152152747 1.6517295713913622
3.1867765476592282 2.133444289031574
3.407929011419512 2.3684772006766996
2.9253445859739244 1.861883641239142
3.2433678265869883 2.1941944982427257
3.421300414111623 2.412154614504018
3.3318593159356977 2.3298481118092487
3.424330711139536 2.4396493486451365
3.464760387569482 2.4887381655270615
2.64978608778463 1.6456995364678741
2.620767520904196 1.617090500736753
2.8160394284417727 1.8126669589684328
3.031684269267366 2.0177107380624584
2.5357218504984815 1.534872469897432
2.906529767127785 1.9207811884850052
3.126303667967517 2.098084071039017
3.048095470982047 2.0454747274319764
3.171509702770339 2.1610073280463524
3.2575061608587097 2.283808095371822
2.4853897346553078 1.4775272941172015
2.4886911927468716 1.487542621826893
2.6573517171192114 1.662705493282899
2.6212619001183044 1.6275465613624034
2.7449436866533627 1.7342914593382672
2.8790354866914587 1.8959074084183278
2.3683050152322087 1.327893174661245
2.3834518892835863 1.387386314251646
2.5169633796812163 1.5374845532838828
2.2258063283734932 1.1961424586658398
2.816296491289291 1.735810122561664
2.7345568472791038 1.7171221071755993
2.8644718034224086 1.8575047406221532
3.0367723594743614 2.0108123195001575
2.704201570261875 1.6892346488944638
2.944434148035968 1.9065529672299266
3.119214327649901 2.0896156194918616
3.097941059492537 2.061612225750992
3.1913151415772685 2.1885701159489765
3.2702561679824576 2.271314861789483
2.7467251857165254 1.754776651195844
2.710856490669464 1.7121488239887808
2.8690465842532777 1.8306111064484156
2.8675527291971767 1.8135969447829965
2.9909888010587267 1.9484650036729907
3.089612028570785 2.0380822517061423
2.6484700323519803 1.6721945950580492
2.669520820482136 1.6419179682284666
2.795642424503814 1.7797370689741352
2.51208803867314 1.522475848024643
2.777277476369136 1.6900213376729147
2.823638054730702 1.7582825741737547
2.892741130109532 1.8996470782141477
2.8933630868357065 1.8786855923505623
2.9763470745697624 1.9674108681276272
3.0925206911211522 2.0943956979950946
2.7623267438140475 1.758233931104988
2.79650199269839 1.7984049966966094
2.916998272859214 1.899817861893392
2.7007728836222085 1.7019065279925034
2.7959925958128045 1.7665038387882424
2.812791058175857 1.803544401455683
2.9163659916378992 1.8979745071759466
2.775836267176877 1.7656149514277097
360646.4150276795 1.8031454978518544
