1.0003539828094976 1.7615191048806587
1.005064374445368 1.2147007500757485
1.0022972641947596 1.0922880596529565
1.0006703280990252 1.4893486616549778
1.0006184970843082 1.2172975767645013
0.9991677121984268 1.957703334200588
27.964644879000083 2.514679622976441
1.0030772229417624 0.45738057199448867
1.0071969677801007 1.2424084855509734
1.0071027720528758 1.7916783235980855
1.0038751249188278 2.3344805319769346
1.000308556005997 2.1431066177869735
1.0043432248157504 2.9853734609539138
1.0007596954617923 0.9804442584395281
1.0035394403328985 1.606349674408356
1.0091597186844918 2.1613099991962184
1.0017680846008288 2.5202106702157767
1.0002091155866315 2.487813396381668
1.0032975353585563 1.171411588255678
1.0024837600415346 1.7483654678984308
1.005608478176742 2.2459809677476414
0.9993673660971302 2.468829569390039
1.0000731317065854 1.2177891399048226
1.0073599299897384 2.1891028877319942
1.0026049427153583 1.5938838692011499
1.0008167177828713 1.4634563295086818
1.0076970788444446 2.2354121190198333
93.72438350660245 1.3166236100143682
1.0047572138409855 1.7496705699239872
1.0087364893711355 1.1992500519985179
1.0109159845714828 0.7142798026884043
1.0040402856305166 0.8515905410621285
1.000838870434707 0.9315494644908657
1.0008776471978404 0.9842221770533748
1.0046506763586898 0.9478373683804694
1.0132961063874881 0.8712895197570851
1.0130514858282826 1.090452838973
1.0082217658933017 1.234468469169823
1.0219205824372148 1.3413306454669005
1.0132176379748785 0.9268839831975495
1.0098898460557715 0.9936645178744519
1.005309546781282 1.138853727002909
1.0040616031124827 1.2759185501844803
1.0164544488310854 1.0151858890039622
1.0133203605546168 1.0491477607313502
1.0135639485826013 1.149149955118982
1.00373783339747 1.0604203988075647
1.0060829889661849 1.087639285917506
1.0014517773526774 1.0948662016013118
1.0033649069465258 1.213125802205454
1.01084189253352 0.8299782700022796
1.0095339447543645 0.4686426561206093
1.006076724311922 0.6117933548796974
1.0013356007903091 0.7166242447348106
1.0115470324501235 0.6209821331182199
1.0151039757976072 0.5877539799690932
1.0083510662603237 0.7292987933544433
1.0088717452442897 0.8654079276453233
1.0096627664969233 0.7209043764849293
1.0049999217232903 0.7660658170283982
1.0023179045473716 0.8738331658940601
1.0061304153811579 0.8448285405142953
1.0125425180474255 0.8771299150714155
1.0055875805332013 0.9242896020620863
1.0029204659705044 0.718123043385903
1.0077107749872003 0.4329950971729617
1.0125324433530403 0.3588974742294133
1.0019139412166083 0.46981908916578624
1.0079188539818236 0.4229768984213784
1.0054998482506141 0.46287061081362496
1.006609511448885 0.5528539840893985
1.0113340855241255 0.5926713214907728
1.0043289450449473 0.6237203035886884
1.0024911184525642 0.7206217750471219
1.0036095036745578 0.3925844635915434
1.0258939878948388 0.24278157270962356
1.018698066907094 0.30565406000783457
1.0116330536192397 0.37244573545961035
1.0066555078390034 0.39896773326777957
1.002936020883608 0.5150772944175832
1.0009502245108461 0.25088409499825703
1.0015430185354082 0.2356708794611753
1.0015850747278288 0.3451952769043902
135.64926648316094 0.21980332300849467
1.0051157746951782 1.2190652183926753
1.015004314153381 0.9666588791581299
1.0012198609318779 1.016250638852287
1.0033603143334409 1.5940004634086775
1.0008161189850213 1.8869859097372907
0.9995046030794053 1.984044555226696
1.0074526896716423 0.719045089973499
1.019218928485447 0.9808295768802309
1.0240864640096918 1.7170830273011841
1.0099019566836198 2.17093017386158
1.0021474988543169 2.3328173975448627
1.013839000413057 1.2291106279958737
1.0149715993312134 1.6162543219114798
1.0034343583652783 2.056177453370057
1.0006521013927407 2.275390371801755
1.004446905637965 1.7581785597560615
1.0092880890552245 1.9833695026611975
1.0053621309050935 2.1436856679171976
1.0070700941166677 2.0183815755590677
1.0006741245468833 2.086775604450445
1.0001470150430818 2.0941297226637006
1.003504850234157 0.9696836197012146
1.0232485068858466 0.8076074726993387
1.0222705386920254 0.9560129014063953
1.01119562884683 1.4144354022416668
1.0108070030374923 1.5801072561018321
1.0102578076344555 0.5756458309862051
1.0140249563091555 0.9705593030674835
1.0210602732774468 1.5488921037365595
1.0096803227415623 1.8019936548366005
1.0196498235763132 1.1941007479696222
1.0513292413233077 1.54700920206868
1.0225614055959984 1.770294346015555
1.0247479982569694 1.6183661288666422
1.0228767412870385 1.722667753278842
1.0194783358530926 1.7565269030403834
1.0088488032578142 0.721741582756356
1.0261803195040047 0.6491633712960477
1.0095228392724394 0.8533056345089389
1.0078681148244477 1.0715894252423461
1.005194847192477 0.6129619225692562
1.0457600523121897 0.9489269580819852
1.012845902758747 1.1857410779982505
1.0042379934618686 1.1032489095133933
1.0134158712956802 1.2260623251050888
1.015235846665237 1.3127681529347373
1.0144382293938232 0.5842449685043302
1.0059060130032442 0.555788821760566
1.0060759425706627 0.7155044587311545
1.006348953956986 0.7123577425097942
1.009581578942116 0.8167053571388276
1.019282530572547 0.9412675052583679
1.0022474936923893 0.5069388377177992
1.0057080454179759 0.529307371365975
1.0079896363559906 0.657382299757168
1.001596268742526 0.4549130143507364
1.0023264913741332 1.2194528490331318
1.002817354816155 1.1326833035694233
1.0005085366671398 1.16375359956356
1.0046234780820902 1.5526235472530487
1.0034563165037027 1.7155827878266827
1.0057028253308975 0.9252492111305519
1.030017655839589 1.216554277160858
1.006777184642344 1.6454341580328966
1.0060852228398687 1.864513178577237
1.0060030537043998 1.412250865383126
1.0179501708573544 1.6813404783878814
1.0162642509967608 1.8745366979802685
1.00732360003814 1.7857819590389012
1.0065366610601831 1.8739930055716956
1.001532352412468 1.9248257477581405
1.0066700965619293 1.1327119259222063
1.007453768968319 1.0611247002602149
1.0040249608028464 1.2647048787952604
1.0095483852695972 1.4816289657270452
1.0105257479560297 1.019575993298731
1.0252482753325811 1.3559720542960065
1.0184952040420285 1.5930691487905961
1.003829907106528 1.5133463185858003
1.0085795100011261 1.6385785234163421
1.0048290721274908 1.725150637000433
1.0079299227659921 0.9692016984550962
1.0122022126507053 0.9321695414503534
1.014227372364095 1.1224829879563993
1.0027076588605195 1.1028641482446848
1.0172844459777426 1.227155402242659
1.0015408311234963 1.3616658426726058
1.0097585151973232 0.826922199550313
1.0049428291995055 0.8584727118353757
1.0007273232316198 1.0007770820068047
1.0007442488258242 0.723141581073187
1.017293599223748 1.2195413071670058
1.0086329862724281 1.1773135916355169
1.0111577708155766 1.2994219898942172
1.0010110306918354 1.469315667958207
1.0097598093661346 1.1655311646746749
1.0156879359578257 1.393360819957305
0.999570667149223 1.5536053415781486
1.0012546689841197 1.5342867853975601
1.0047908827822618 1.6239632080999744
1.0040108311033196 1.719000953942794
1.0068141613605435 1.1772791197030559
1.0490861371507796 1.1425291584149442
1.0121000360764465 1.3055262921244006
1.049124341418952 1.3048511344061378
1.0193915103057758 1.4082091014762117
1.0261497561556732 1.5358835588623103
1.0127373722268371 1.0782422030984682
1.0130915413394581 1.1110865278056248
1.0048974419281929 1.2511565769756774
0.9996532767031349 0.9699874905266825
0.9991067803617852 1.2195857516296154
1.0053345112579621 1.1983107505479411
1.0021254880234722 1.3067816586025158
1.0019825742202582 1.3300736745228532
1.0097380148694168 1.3972603346606187
1.002718224827228 1.5148605325428226
1.0027229486615634 1.1951493882304898
1.0050589117531867 1.218568570610587
1.0042477393134088 1.3468866557067702
1.000536042199068 1.1326356271163385
1.001751337466321 1.2196308584490945
0.998742957156985 1.2354849540594883
1.003497135501806 1.3451489560019914
1.0010093140050866 1.2037565151990084
49.79521267044706 1.219548417873039
