44271.11273667423 0.22139443612191734
1.5700204984198431 0.41675389159946913
1.7397908085487317 0.7252489378872302
2.056878289225409 0.9695496963345233
2.1064952196722553 1.063847697316946
2.1771382698461004 1.1604304984791352
242085.84276831034 1.1909575113054416
1.4537014848110057 0.45315999737324403
1.8526648743940597 0.7382126758932424
2.32472472491292 1.3212803826285417
2.6440404855008834 1.610012090152849
2.747322397807145 1.6127171837667706
2.790171551426318 1.6983982845439662
1.8213793803833411 0.7857414449613225
1.9412286217712904 0.8973723879906623
2.2849458535176455 1.2582510383153025
2.5558954125553193 1.5324613076713636
2.6574036230273075 1.601541971629596
1.9662258080276227 0.9655420741461488
2.145380598806602 1.116192539467551
2.3184952526581966 1.3062045273948224
2.4490271852963814 1.4331533043730214
2.123354433021717 1.1060513779081724
2.2976123639288417 1.2312686459532878
2.2955292211517344 1.2953195567030478
2.194265683964881 1.188988938623573
2.2320399800809807 1.218305123956549
242287.66897403527 1.2066570538982282
2.167317519462759 0.7664966584119692
1.8060125516404866 0.5619596499583686
1.5515996361624391 0.46772641282149185
1.7489577043137086 0.713763326991874
1.9069370701645967 0.8783944730844532
1.9750283590652176 0.9743928939249279
1.6778183934120985 0.4582496056587154
1.7144609754131275 0.6580014310797213
1.9857695642349449 0.9321925432531319
2.181576672808164 1.1270630595354025
2.2708955102792685 1.2446638925522335
1.782511875431564 0.756804577845251
1.9781513196051135 0.9757717960172105
2.0867119486515566 1.0785616995664304
2.2579894512107264 1.2341531724824062
1.912288941820114 0.8888075889778094
2.019423132888224 1.0168237924232995
2.129714845079837 1.1248045665449065
2.033096835472156 1.0293887259476193
2.078974603792921 1.0787117272007887
2.0857243199897026 1.0779918460717548
2.066264258050855 0.9419303138952212
1.750238908607332 0.6966152114788262
1.4622547379572761 0.34915847652885457
1.5870492505265243 0.5849793734711545
1.7204889023581325 0.7199583301681973
1.5957110511537105 0.5811618916235682
1.560878685129564 0.5392975998866729
1.6938179040979695 0.6853692107327016
1.846445318494618 0.8378251010487849
1.6655778451500507 0.6165931741442582
1.7359296270475966 0.7311565462854466
1.8726667719214565 0.8464460082231442
1.8142262808072038 0.8100321494761566
1.8673068234685612 0.8662528053595374
1.9165836346123601 0.9126219933714588
1.6810794253440826 0.6555654173172585
1.4103756614220007 0.39957892687443564
1.3518525337377725 0.32811580562667036
1.4680931398103894 0.46889262027727563
1.404132338846452 0.3754159108417324
1.444468160831505 0.43376884366168156
1.5547068184964896 0.5420249536226334
1.5712641926531727 0.5512448703802468
1.622726796006515 0.6226255093819588
1.7146336361078567 0.7093429529884125
1.3767184210021928 0.36890202547964246
1.2502819468961983 0.23172540930049962
1.3058014558355198 0.30548049599200106
1.3674031951212562 0.35078591689003
1.39488780153135 0.3928937238733775
1.5109221949950746 0.5076131510076586
1.2422342801931667 0.2361656353540329
1.2474956174907335 0.24298762730686072
1.3440061770547191 0.3409891581978252
43935.96299988078 0.21966821186678695
2.106650179263533 1.0777013500016785
1.8448342456768587 0.7706548046608108
1.9612453055794457 0.8732912484718346
2.5465493744044934 1.4985469463105123
2.868089752201563 1.8672126140702545
2.9620079180684185 1.955723523184945
1.6854666967870764 0.6607560687214301
1.9013008030344216 0.8170236469367598
2.64779903227552 1.624937447236266
3.0922034573046813 2.0055591139819926
3.232586703028464 2.0859214870435494
2.19142709783244 1.1852073535814776
2.574778232973064 1.5508799285104606
3.055941753357357 2.0564639964893625
3.2314225028166086 2.2065680813613304
2.7256046070181474 1.7073667472974887
2.972392667495738 1.9737419978522848
3.1233910566372955 2.1199457483132815
3.0012679984971307 1.9960240272615826
3.0761676480322664 2.0736368960586695
3.0788602564100467 2.0742172893919038
1.907346409923258 0.8475387829843123
1.7919928978268356 0.6734521075182164
1.955085806765427 0.9064885781153975
2.352550707023077 1.3151714737373852
2.484798099265959 1.2939849802224872
1.5612568070979085 0.5368007734929446
1.9090784599834447 0.8633397666430673
2.4929238422828552 1.423685681689013
2.754991042599573 1.7419461381441381
2.1344449804018675 1.0742208482235285
2.625838275444088 1.461567306429516
2.763653389618616 1.7403728052075342
2.5593654829345125 1.5347220322370205
2.6611431633853515 1.573265744568345
2.700487978781542 1.4590495152979783
1.6882076973136506 0.6659980166227069
1.627409623901945 0.6088503565482367
1.8413503969251193 0.8346267117358533
2.0372120036093015 0.9948194461087779
1.5812844812518594 0.5622423441502479
1.9328518157872878 0.914141129235992
2.208450734088922 1.1012151312552096
2.068313357345323 1.0453430392225607
2.196617340947824 1.1737210353716838
2.269146301582255 1.240941409755969
1.579055923486095 0.5716369444685898
1.5422935090851064 0.5252416655402139
1.7121234654636233 0.7130186927735581
1.6913478772159114 0.6667805884783292
1.798660260684629 0.7838188452716734
1.9231571661525861 0.9104107148093038
1.4944508574554956 0.4887436857524814
1.5245602183741773 0.49912990339916663
1.6426938462593013 0.6291942747871786
1.4453720658589324 0.4352684788415664
2.2013680103143543 1.2005864070008987
2.121211252752343 1.1155126179584307
2.1357489563860135 1.1214610809062502
2.537213428300438 1.5321170111474185
2.6964311888123667 1.684797991870897
1.9145025506292053 0.9145003532880013
2.1696325007532193 1.1511218314386285
2.623024447366168 1.6164906072908898
2.83205551066529 1.8122267859294034
2.3912504750978067 1.385884873872067
2.6676658737925454 1.6598648796771096
2.8517139417283888 1.8485746256703846
2.771865322299305 1.7683130253662407
2.8625697746843626 1.847340701981539
2.9102375539336554 1.909275525447404
2.1079387015287803 1.0799244198900189
2.0536420713901133 1.0369704503407464
2.258075838167021 1.2459708644627356
2.467906421928648 1.4665464071706036
1.991112688467763 0.9788854839448992
2.3569329995521793 1.3485809907641515
2.578600396358826 1.5465954660513173
2.4915267366072635 1.484150314433783
2.6279573359866863 1.608315214984589
2.704628622432523 1.6969062457801807
1.9510009089589708 0.9353307312736502
1.9283560121070118 0.9277286757861434
2.111531751604603 1.110904725439518
2.08606098231652 1.0760283061650107
2.210418664784343 1.2003864132259414
2.345335013461461 1.3425084670052059
1.8137544802187047 0.8046841826393031
1.8488885470554375 0.842908543277712
1.9836754967724894 0.9716190631512326
1.7229889462047918 0.7239334084129219
2.2043705431457123 1.1975646587857596
2.175500956134046 1.1785922362678254
2.2914631129949714 1.2770463958309244
2.458552479883026 1.4593366662443636
2.1555409578196887 1.1511634150032408
2.381148570838894 1.3824134961890557
2.538260434008318 1.5316718384600496
2.5179861382423683 1.5123454177783722
2.6130948706849724 1.612955285947514
2.7078893889047935 1.7082463999887776
2.164122152651126 1.1564758528276253
2.1391022133375244 1.1407123409921571
2.2983822863472168 1.3000914413486435
2.2893182551256563 1.2809090216176153
2.39266684778945 1.3858818731294344
2.52625076799656 1.528385633649558
2.0720386429808983 1.072569964054909
2.103170509329676 1.103285461645463
2.238055034630456 1.2326113709074138
1.9625388994576631 0.9610330238502665
2.2159218931953095 1.219531927634105
2.195269496631692 1.197430532688105
2.3008302391805273 1.3037004644320986
2.3213815522956054 1.3240711297348118
2.389652902560115 1.391373301612286
2.502114177027889 1.497330029263035
2.1907133592938925 1.1939509052530906
2.237681254681601 1.2300336320784906
2.3344204240629605 1.3289659340192452
2.12730222821823 1.1286732130492374
2.2138542160284858 1.2178793469315392
2.2307788158661097 1.234635212953772
2.3364601933009563 1.3402934641731974
2.199201058212062 1.2029363212372495
243500.64549717648 1.219597204193696
