22415.42234589139 0.24403224226414794
0.6056489849511593 0.28870798672864867
0.724773146131092 0.4056592375204014
0.9783703026576558 0.6678815848937799
1.5540894217791177 1.0995586566773192
1.911395489676563 1.0739908666413251
238823.68370197824 1.2031874642303437
0.6038287366435323 0.25677695439386583
0.7506048905834328 0.48340808060608986
1.0837818274024813 0.9365885238053913
1.6466574986855989 1.314114332509781
2.3234696985616052 1.4544790989568717
2.742767315187331 1.631269901013631
0.7392451331696199 0.44399852323108446
0.9289767354312382 0.7150994943363155
1.371456777194703 0.9886448413571703
2.2274662684564133 1.4531164247319588
2.6561990769637966 1.652419904890028
0.9849504776182276 0.6639945672882142
1.2794917779702522 0.8434346949579636
1.933682751797797 1.186421224143181
2.438157323855688 1.431580475133957
1.4033740745556356 0.8412656572288977
1.8800939064238564 1.1058777097167516
2.2864330900107 1.2937331539463646
1.9279415011378154 1.0880171534483325
2.247059647378232 1.2412923446327446
241792.7717100322 1.2094633567110444
1.212939004119101 1.5029815879351174
0.9904653150543026 0.4497474010747341
0.9532133207873484 0.6678025274239847
1.1458782123963995 0.5298151001790219
1.6315169777633334 0.8080539289368254
1.951632825967509 0.9535576392561141
0.9384257497138819 0.6404353338195357
0.9345749443866975 0.8081246776435
1.187192572229142 0.813881417872039
1.8230932276916731 1.0797660908653948
2.2512838037152143 1.1705993898967204
1.0712556268191724 0.8414804770651512
1.14611666882249 0.743400544971011
1.6623027974907707 0.9444895891028023
2.238230113739558 1.2325896979516366
1.2449366791578251 0.7149426129844942
1.6977418961403534 0.9332084229880788
2.125266318814632 1.128536639218209
1.7379957414604252 0.9216919522793543
2.075091622698336 1.080834618547877
2.081783912563049 1.085839597449803
1.261806342718701 1.4619560960885796
1.2445868484633298 1.1972280798759767
1.1355016773632143 0.6638152801568988
1.3967751368465156 0.5900760887264274
1.7022767808954344 0.6984779939956145
1.1328355653445403 1.0746492859556567
1.082127568656608 0.6458243642230022
1.4191155159548279 0.6399725424676658
1.838001474531433 0.8373423409104794
1.1004576047674348 0.6454549369300653
1.4584819369410496 0.6876063150025078
1.8577702555398052 0.8571945909483689
1.5763540289296794 0.7623153276499396
1.8663415958317646 0.8617392608293912
1.9149509137702698 0.9133704966288239
1.307041380661924 1.1133780705612564
1.289385016276358 0.821645125153559
1.1869403597553894 0.3309313810066744
1.4630906073463918 0.4682886569836857
1.1830775650657501 0.6537578737303555
1.2580109741429295 0.4328444368306309
1.5453309174131005 0.5421887553296862
1.3788379209085209 0.5466695567951522
1.6189760774743869 0.6118562415822935
1.7130051446390082 0.7128935178941254
1.3346723434807852 0.7731875827135062
1.262106191240231 0.3917452895089161
1.3064910320596506 0.30878282440571136
1.2440301069018709 0.368269066955121
1.395621534911575 0.3914540787119688
1.5108835455385339 0.5089129515231989
1.2681551734522283 0.35712293995483424
1.2349294417918937 0.23556498392450614
1.3433012585202244 0.3428003399232644
43943.169303340284 0.21971062565911567
0.9680556215769922 1.0157154984759624
0.8675573928858 0.6318018344938018
0.8811045257937345 0.5890374302262504
1.3579079139887011 0.9332856807433559
2.3240192126352923 1.6172900756959692
2.9325680363001263 1.9376543232495362
0.8039191361231379 0.6371697091406191
0.7867930468005939 0.5304788836352159
1.2662445190181422 0.9743748853601979
2.2247681497995777 1.5894271724391458
3.2045225893073987 2.1412338078320383
0.8756055754696178 0.6091483822129069
1.2329473219056253 0.9478555762161102
2.0969994809872707 1.3993600475993424
3.220866835228204 2.2309751088731176
1.4565316814668667 1.1120323938127725
2.2056275031698434 1.6014360439408137
3.1230940304646007 2.1380816585705182
2.4129478857489195 1.7057205464272522
3.071445455412154 2.0819261223031966
3.074436927744219 2.0820160742981235
0.9645321134073652 0.9913963583316303
0.9079406508549819 0.7741809789208735
0.9929000527159735 0.5109335923829313
1.723379771152215 0.9353712611150042
2.4642135050147402 1.3958638689317957
0.7865133565032347 0.5082631396214599
0.8812036617043953 0.45508481414288515
1.6889078017654584 1.0654699761032327
2.69213976036675 1.5915209041118512
0.9964341666427086 0.5311260874150444
1.6687440709373444 0.9403842618095977
2.696160773650727 1.6722503097201433
1.8717247704991469 1.0456902523514147
2.6504174090454677 1.5695876225357317
2.694054853332456 1.518562960022243
1.0459896123788737 0.8953298102692198
1.017710717141397 0.5990348509695909
1.4150585343575393 0.6128775904699065
2.021948259993601 0.9956624837757754
0.9031242794078127 0.4228419296835946
1.2857731487943416 0.532229280488117
2.1384831331729797 1.1226310826148542
1.4642778292593475 0.6782132138459647
2.1929537631440796 1.177094449587667
2.263960971640338 1.205293578746736
1.0921302038247678 0.5787351305006023
1.3276551473239357 0.5203463200248768
1.6984240259064949 0.6780542632992905
1.2567762799232947 0.4104082584244395
1.7958570682135109 0.7812482708740665
1.921770978139877 0.8943312219678684
1.3558398906564129 0.490247157000121
1.5196060865659555 0.5110302115942281
1.643740533462445 0.6173963831656686
1.448612942179245 0.4466013842108797
1.090505886441431 1.1889626342319217
1.1257447498825712 1.0756149956503087
1.2733176935129478 0.9161606328844288
1.9102082733401682 1.0844177282754512
2.684146137594483 1.698255056641527
1.0244893858165462 0.8824619799767224
1.1483052564307723 0.8292740486974597
1.842514807544055 1.0657849920661198
2.8285945191435395 1.8389651043989004
1.195209404834432 0.7869924289365395
1.8800875135750084 1.097197463476725
2.8483991311391996 1.855825035936705
2.0684225458065217 1.3354883000311004
2.8570577684222216 1.8589178752084052
2.907323964950731 1.908853242616733
1.130013364509208 1.0792821126231806
1.268187253545689 1.0206485602364879
1.6103737917897007 0.921432152564234
2.4549663970179565 1.4642272677016501
1.1559825060434261 0.8415360256468182
1.573809380634203 0.9267796715997588
2.557707956251647 1.542581951515469
1.7502333273405721 1.0457679193940794
2.6195987541154353 1.603102294667349
2.70449631034822 1.7001237159231726
1.2844611461957491 0.9221946294149563
1.6069051391442712 0.9208484915950181
2.105618191182473 1.0990550457034787
1.5267401424676232 0.7377218747132106
2.209842378892016 1.197772455720415
2.3407970042653696 1.3301161445425311
1.5898525353427746 0.8024832439848545
1.847775261678342 0.840992123916827
1.988832539175039 0.985859535245231
1.7139725358393223 0.7084000346284554
1.2854915505067213 1.2006167744084104
1.4702690958222295 1.1628959147366502
1.8274810133774926 1.087765458325458
2.4551848556800815 1.4670601792600282
1.3895798596791922 0.9932018170851578
1.811607243339651 0.983078160808168
2.5325361705231817 1.52590786854091
1.899773243259708 1.1677213328400664
2.6101137133608288 1.6095132772756164
2.7065611828167087 1.7086955089633367
1.4722781024538127 1.1730430118862052
1.8130240326427938 1.1227712906278962
2.2974129307222055 1.2976618841479222
1.7186768269574628 1.0055914304262257
2.396562783835959 1.396912406518524
2.5250134791010534 1.5207657484521526
1.8213629202481476 1.0542266651842696
2.1051298958936515 1.0996791954115044
2.2403637387268924 1.2309661454120198
1.96454214387221 0.9623299798860399
1.6273872515634569 1.2024652713905457
1.9532641309342287 1.1793630425628168
2.300203322008848 1.305078665834866
1.8499300894760748 1.0645197385904495
2.38953558425276 1.389493115292301
2.504115859596113 1.5005638586413492
1.9466824467206225 1.1767320058692272
2.2154640407762884 1.2166553633117938
2.3378502715093967 1.3351433477495929
2.129961028206514 1.129066659612085
2.0307136521663476 1.2027840675214632
2.233808795252843 1.2358604491807772
2.336258634589103 1.333390708524586
2.201958903711284 1.2029036223085576
243765.21914826913 1.2196785846428264
