42698.93048273179 0.22418738679656935
1.2625547482682462 0.27773434601941005
1.7358304495691832 0.7059162864461199
2.0144207531531797 1.0209614266864704
2.092899175630513 1.0765921679643928
2.174787302236804 1.1734419322692902
238761.095622234 1.1815837301817536
1.6047384719204931 0.6744880203011387
1.8485406490168135 0.8232803053340606
2.568366972950244 1.6362406549499422
2.5971262966102313 1.5467665307882696
2.81100651984071 1.8049220413102356
2.891508060135869 1.7779519652761726
1.643849490912166 0.7038924364647197
1.8675965322136816 0.9232879652517199
2.2426108398825932 1.2582838314887201
2.5852446413842856 1.587067833449216
2.6908732298403595 1.6620858559079434
2.0015448917965513 1.040746935450231
2.0957197728344026 1.1090865326847998
2.3166478193768487 1.3283924859873752
2.441864753195351 1.4262294556508688
2.1125669283508484 1.1201045898528088
2.206639712530645 1.2033653825888695
2.2924073028834817 1.291178305887628
2.1889383066386694 1.182271749562251
2.2222252608929987 1.2198019436392533
242242.91166970183 1.2041847597529507
2.060338839983569 0.7337689160971164
1.7921126543757187 0.7051218064733872
1.557229824976945 0.5801840254191382
1.7520124934064554 0.7600525184670808
1.890008176931319 0.8830706994515594
1.9637893505865245 0.9487238531961883
1.6116034501804157 0.4335769552320794
1.6321424923634364 0.5504899921797057
1.9808762352723788 0.9797597600874559
2.1405174764070667 1.1201941189149223
2.2782990014823157 1.2590623622498307
1.6995057019771118 0.6748541434500281
1.8421102094695567 0.8560460314869025
2.0864637246525413 1.0759892290342865
2.2789669171163736 1.253513124657023
1.8914105627211657 0.8895292730094395
2.009126800458283 1.0070322074686218
2.1283220236935305 1.1246990620605932
2.0313289673992783 1.038351181193371
2.076155579111275 1.073484952051854
2.0828386978863582 1.0826183417556545
2.0361485693730614 1.0361829795467683
1.7539794324486264 0.7592687730977083
1.4288907251551273 0.42649874338794597
1.5881506103965017 0.5841568428789929
1.7079499055250222 0.7071864094553595
1.5543481792615002 0.5804414226439482
1.5164187279927623 0.5118176948934281
1.6883328366122452 0.6857992584576598
1.8459189451023825 0.8326424104517611
1.6409650926185684 0.6164793132288755
1.7394962793700555 0.7353669806953307
1.8614717393462277 0.8574887979638615
1.8146321634311453 0.8124493166991821
1.8671647998273493 0.8669198682905449
1.9149693626627244 0.9141553832963952
1.6517961085195796 0.6458073784147185
1.4098375460156105 0.40010074279295965
1.3456388000302768 0.33996541697375865
1.4663938712075333 0.4661610291054389
1.4130373988151068 0.37809469918624894
1.4388158773553106 0.4236071690700626
1.5473829932264698 0.5465625136811446
1.5727627800803905 0.5613056041792244
1.6186711641357046 0.6173775178476205
1.7147138596988594 0.712452318126851
1.3870727513743257 0.3812890904036535
1.2408322487777088 0.22708442484039235
1.3052792896362644 0.3054458467166121
1.360027223722903 0.3583742973860663
1.3988251281851145 0.39953151292278233
1.5104759171672615 0.5088569144411346
1.2422963971069465 0.234323271004794
1.2350469092280385 0.23521731369981622
1.3426443504922643 0.34130066598635445
43964.73383657478 0.2198080265590123
1.9518768066526269 0.865231003049117
1.7778590811247823 0.6778034483953712
1.922794195718974 0.8551768386970366
2.4976766429793673 1.5025040014460356
2.8429558464634823 1.8287976207203
2.952254631181645 1.9373935570239424
1.6101508603626322 0.6316358337207503
1.80657032374243 0.8160082710521179
2.6486616793366617 1.610691000086202
3.06307638887072 1.9976587816304274
3.2774832029562786 2.2747864316259903
2.072581573561444 1.1237896536394167
2.5031875862893886 1.4593197681304955
3.003727461428975 2.018772700662076
3.2344183042014065 2.221485064807738
2.693143815154194 1.7251545581560592
2.9544217663094647 1.9497091966377544
3.120425869827856 2.1093348465023958
2.987061239862472 1.9952808793921957
3.0695183896731515 2.0646196491064472
3.084242154153191 2.0587694294477834
1.8623090726007079 0.9426143852965398
1.6956528500078807 0.6872949503188661
1.8452735753894727 0.8490895411089023
2.3376523797200193 1.2666078949393522
2.485824380886043 1.4069884526898855
1.4849805289293667 0.4990307394223671
1.8513307552230798 0.8343376837848269
2.468354178547926 1.4296640134219154
2.7117374184223486 1.5904154923564904
2.0772311384349407 1.0691750899029164
2.4515657917919738 1.4322945744440758
2.699041847605234 1.6433839747444559
2.5378248495483526 1.5242499792788406
2.656578618695846 1.6200537674975415
2.6503516777902663 1.5803188332100016
1.6427052901681702 0.6714284850057808
1.5966484050297354 0.6027916897243368
1.8161972358283274 0.8027290163302612
2.0306510045746067 0.9993161137051416
1.5433970882560626 0.5504380491774915
1.9190906534727457 0.9121185677977264
2.1404462084938434 1.117491818839516
2.060175242224984 1.0570220488436382
2.1924537296054334 1.167825627133288
2.265548522767828 1.2067022312932303
1.5567412974932895 0.5491175056066249
1.5419682983014316 0.5415258813583652
1.7093599557520964 0.7097306419111441
1.680580202454248 0.6807507953695854
1.794908859745318 0.7771592703074196
1.925490807382284 0.8846914541368769
1.492469623006107 0.4819963131749401
1.5190004088070794 0.512160672209298
1.641215385719679 0.6254219389120874
1.4486096876547274 0.447352719806557
2.105032933430161 1.1687699802397502
2.042941983645899 1.0964979426907786
2.0786680661632877 1.1003769043661833
2.5246297634739694 1.5278309736119207
2.6993144129042315 1.6961881978322244
1.848836677310838 0.8973727179450238
2.118310657360815 1.161106791840245
2.5935026568730017 1.576152878740586
2.827836707336213 1.8056681999329594
2.3151165709178505 1.3389221795305333
2.6478573721615777 1.65817332987348
2.8505220818386587 1.838864875464765
2.7528616059371953 1.7632311138279422
2.861205480177177 1.8610709011815705
2.9108449940270575 1.9074745768343042
2.0547102991136046 1.0770782515389914
2.0193499563729196 1.060398578095841
2.2429653960499456 1.2460244855426317
2.4629381812397746 1.4519379151256295
1.9304822291765056 0.9469714123160042
2.3188502783315474 1.3171683096924718
2.569605467424575 1.5603353653022451
2.468459487178312 1.465474295554036
2.6235870567926387 1.6144021884607964
2.7075336695341106 1.6928919085371992
1.9294336497686442 0.957970840618279
1.905229855730325 0.9079546427890817
2.109008280302041 1.0933995035859012
2.0626924299627443 1.0622372332788876
2.210430679271469 1.2001185141670319
2.341511015306559 1.3196862617449845
1.8122063886078001 0.8113190954319027
1.8643678824998946 0.8566938853302897
1.9839016505464442 0.9726229823735179
1.7131445397096625 0.7042885001572425
2.1634980502253147 1.201978046845566
2.1366760673517726 1.158783226862668
2.2830085698026306 1.289375139110158
2.460558137532858 1.4583729813355923
2.1138326741389637 1.1346166836412843
2.372605528266343 1.3816234726788816
2.5372514469911382 1.5275910248762843
2.5050990439328826 1.4975831845085164
2.6135732965600473 1.6112310504663847
2.7102655474045956 1.7133681876945017
2.136155182457606 1.150738999399867
2.129338855738732 1.138737001950139
2.3006634038715976 1.3006800267333005
2.2767832941143844 1.2735163427496023
2.397565463870975 1.3947209407146266
2.525419482107673 1.5182682894814197
2.0704600770106576 1.0669407046802961
2.1088921454381153 1.102613291421576
2.2448353187950674 1.2427350227703582
1.963973394094297 0.9608798426069928
2.19405543247362 1.2039453000900255
2.1888198895656816 1.1956508961130496
2.303443751064978 1.3017513255371786
2.3089513589659463 1.2966555180026929
2.3899366900876196 1.382557326893584
2.506085519590325 1.5020607660472445
2.190259839694637 1.1933623228466304
2.2169663311259704 1.2177052813459994
2.339234745542009 1.3353112822976954
2.131454780679023 1.131746595700175
2.2111778882771245 1.2089841610544714
2.2347352970448835 1.2354772747963014
2.3422130054732553 1.3421943290414624
2.202626650711067 1.2036602128713858
243937.92928526827 1.2196812472641028
