1.0002233267464227 1.5819563583174368
1.003921246867612 2.3004969864099305
1.0020500435468385 1.9550034124118219
1.0017926719904335 2.383306919604737
1.0019136534262905 3.08232338987482
1.0002225397309292 2.9109520906803743
1.0524354594864276 2.936142095733976
1.005015255003528 1.8399542374533935
1.00187387373693 1.9500168656666366
1.0023799361622914 2.2719470560890973
1.0038837060409653 2.5583658465817205
1.0206061507882938 3.5985790646950973
1.0002422714427253 3.064200973550179
1.003684413240465 1.717553990261971
1.0074407553778872 2.232454694217141
1.0026326798666538 2.869768346022197
1.0097857586863828 2.355044575701312
1.000364807945457 2.4292957550629257
1.0003757519744287 2.4369784881194416
1.003281659163037 1.959793124084939
1.0014560411632554 2.5116361404283913
1.0004285683058787 2.828126344175255
1.0015550029333449 1.9951092251756934
1.0206238945208383 2.89131001078265
1.0003381890276326 2.0160284065819445
1.000201453591263 1.9196421786851339
1.0059161771648013 2.1732990702391346
1.0732104888581728 1.9521820660053097
1.0005698796684757 2.4569778421747035
1.0035614765476655 1.911224428034609
1.0083013772692138 1.426581362570274
1.005630497275352 1.5709956032906298
1.0049902934470623 1.65471600134498
1.001360921577869 1.7000724876470352
1.0072182731810542 1.6594370816666992
1.0040521477298412 1.6028985983809905
1.007538623566722 1.801722232036239
1.0102527339747442 1.9530451069794759
1.0012702125706507 2.045433827535689
1.0057018346439424 1.6362249785034757
1.0060529737538981 1.7014239900912602
1.0060643832373937 1.846665538354509
1.009489100191026 1.9878434241929233
1.0041807293994214 1.7217384834371732
1.009736363056721 1.7649255156462587
1.0172320804688957 1.8523504591519717
1.003604140978933 1.7677509378076948
1.0050494420279914 1.805278566660339
1.0122328917193648 1.7991198908275803
1.00247874090596 1.9233276556309047
1.0021047194599244 1.5399054765118103
1.0046327220300197 1.1798987984119844
1.0044391047882075 1.318456762086322
1.0048755834439325 1.4271961233348305
1.0013696595558654 1.335301532028356
1.0110264381748388 1.2961180015403473
1.0176990916128859 1.4291058450592147
1.014324556961431 1.5841269006717287
1.0060840964860824 1.428527683387368
1.0029197682651525 1.4741486925790364
1.0120637392068124 1.5809449169734124
1.0027921556333903 1.5661403997356587
1.0221891425578646 1.5871818291581132
1.0062654079094497 1.6303542127538821
1.001853440604403 1.4270878533952165
1.011638523231476 1.1482800800861759
1.0136299643062303 1.0675142726343692
1.0010191567612703 1.1848616762677882
1.0004478195974393 1.13423865271741
1.0087642306161615 1.1702979956186543
1.0041688531330393 1.2619843318209387
1.003943106116888 1.302588970466528
1.0030731801422712 1.3335128199571438
1.0049460818346585 1.4262342762688538
1.0021153539254781 1.0999009384139349
1.0073010415969497 0.9517333291461509
1.0005415106167093 1.014363095938131
1.006027201375825 1.085557869598594
1.0072931254763502 1.1019541162656656
1.0003485572828523 1.220728638897643
1.000332717888134 0.9619818975862026
1.0023587953967554 0.9462559140453136
1.0012866223833738 1.0573789952120425
3.471106746195287 0.9271611156705377
1.0196016084522397 1.9280412625554162
1.00481438286607 1.6846098877437032
1.0104942794274963 1.715780313505908
1.0076400076076468 2.3048677395628157
1.0183899075514715 2.595464474675972
1.001500817929869 2.6929096853498815
1.0030366057489082 1.4282864950982028
1.0061000753885565 1.6964394177487296
1.0073423638825079 2.4187402118067336
1.005822914105844 2.8780212446521714
1.0073876903960182 3.0557726623944763
1.0069148536412176 1.9287959349606871
1.0144286393433966 2.3384105090937712
1.006131871487372 2.754002892530263
1.0065385845698698 2.985176748135249
1.013380738362219 2.467954541487178
1.0058296535364895 2.6858820926341367
1.0169458850584006 2.8520117144237904
1.014951075687108 2.727587296586756
1.0139232057507794 2.792091816398614
1.0033605411911615 2.8024016292283696
1.002580203479142 1.6764204142557977
1.013975855454127 1.530142643448739
1.0152599709961145 1.6715113559274801
1.004947060979177 2.127556982486827
1.0039720799131218 2.288471884489521
1.006258115526623 1.2979031061000212
1.0137173562705244 1.6808184927048444
1.0236926015268606 2.2696198188893693
1.00523419471035 2.51118453283921
1.0013485946200442 1.9069667075542809
1.0493751103674462 2.274041705464187
1.0094810654635322 2.478935366757983
1.010005523735955 2.3324002302401023
1.0088728071500226 2.4406163378138244
1.006014605519864 2.4748186199390982
1.0142746578097757 1.430332068147286
1.0323725904843324 1.357437359018226
1.0040875002193939 1.5618699198532253
1.0075077058786266 1.7817844672796803
1.0158398111791418 1.3149380034072673
1.0082683907926417 1.6704354774547436
1.0131749350734638 1.8980818022942088
1.0180788386931292 1.8188738135937215
1.0194378834547888 1.9363523942072023
1.0106360162078698 2.03161922946879
1.007902083273446 1.297960776865727
1.0215920211924145 1.2744590008885932
1.0050450232251988 1.4244720644671856
1.0182041595662266 1.3894251089592489
1.004899163306343 1.5238203477773355
1.0049945096633353 1.65771856973148
1.0054666709225542 1.2152157381124584
1.0029848467996993 1.251443748304616
1.0061908053164559 1.3648675442945128
1.001211923696806 1.1653779174129792
1.0024413610342378 1.9416355185007435
1.0081201745409603 1.8439981510314105
1.0062896520623983 1.8684525389487696
1.007196635726385 2.2663832767547305
1.001809113150002 2.4286398362351598
1.0051466141388503 1.6378484981442123
1.022081076719948 1.9120866119422342
1.0071503630275889 2.3539110600672286
1.004858186615048 2.5874786089841075
1.0028881820929514 2.1242093826935937
1.0067558566713244 2.3999114094541905
1.0079927974652492 2.582938342211139
1.004513440632712 2.505015156449951
1.0068914856663007 2.582108517980954
1.008973929674526 2.6301344685598615
1.0019582975602122 1.8442040071608128
1.0145802752682764 1.7688282715080792
1.0088993286471928 2.0101878142285843
1.0107910589783973 2.185997495047079
1.006507469594568 1.7279890165328537
1.0168303443936484 2.063091604317027
1.0088569256129658 2.293647799607992
1.0129964827717548 2.226234557811847
1.0213789912991906 2.3402979474195655
1.0062487201290427 2.431256134343702
1.007060565271321 1.6809880794282093
1.0106539937985692 1.6432316867040566
1.0078479989959683 1.828654494239967
1.0058315423892372 1.8083112099490755
1.0232878267865462 1.9352412397561265
1.0194642104077072 2.0762183500505618
1.0034528437562136 1.539289533490931
1.0097949868923572 1.5785512311504757
1.0120019794518886 1.7088604779871805
1.0102717823404639 1.430381305045592
1.0033171107250225 1.9308467870948793
1.0072267808574094 1.8835994373114233
1.0046979926022561 2.0074059411055436
1.0008901176929432 2.178758326172322
1.0082393626701418 1.87327364024289
1.0126587616758425 2.087784988550749
1.024279368736368 2.2569642589167866
1.0061468901568844 2.245890759919841
1.0212869425234956 2.328257489521402
1.0048584397780127 2.4264894468028597
1.0201081196037582 1.8950666108880656
1.0051858733989516 1.857943806463692
1.0031449980404092 2.0147925017800423
1.0161290283235165 2.00852911569814
1.0039671419294949 2.1170829646273646
1.0216475846562727 2.2475735396376937
1.0109884009145553 1.7900957109533846
1.02414093770699 1.8205111289472526
1.0174895028911288 1.9564065035945069
1.001845672318285 1.6760164553008852
1.0095059661617674 1.930854692475882
1.0109150917542085 1.9131060193903298
1.003044525277569 2.0127076798012906
1.0086295866414359 2.039588117170953
1.0155569933392299 2.1070006744386394
1.0024928791631926 2.225947863814662
1.009284656488806 1.90061665425829
1.0025322757936528 1.9297587966982221
1.0016029030703344 2.0629051379618657
1.0019728432492836 1.849811859749419
1.0119213054861464 1.9276454408055088
1.0020085729910275 1.940009294428788
1.000955765923295 2.0532973233904834
1.0102876760585147 1.9112147273785265
4.089505110840152 1.9384690060549792
