1.0067574784962934 0.8618369140166545
1.0020310378968973 1.9465109166358965
1.0016099732074055 1.9431423479885823
1.0027511803399622 1.219334323403746
1.0007448953710782 2.493294807413175
0.9997238402568047 2.5118185277736345
5.028692583861526 1.340764067096619
1.0078580465535498 1.1433909556921145
1.0014867059403743 1.2421982527717146
1.0023222550966573 2.0154178803464466
1.0019278733481987 1.8461019884898133
1.001540962692731 1.9312049917954157
1.0032772644159527 2.983205714308257
1.003749013616433 1.2263032158629124
1.0017522268949763 1.6052509011610159
1.0056142564369686 1.3642545004661608
1.0029359762612393 2.543258861750271
1.003466781681009 2.71619233448611
1.002451744910876 1.2194123579111502
1.0071951547875704 1.7433714298736716
1.0043155846970133 2.299963807173249
1.0019798773302402 2.4693351213751367
1.0023045942451851 1.4712501333084074
1.0045868482732843 1.9482256260361162
1.0039594246265728 1.475346123758519
1.0028882930693916 2.1877680994675046
1.0104592366055964 2.142368244382612
26.970385143486308 1.398681962529747
1.001339281504515 1.7481586921616976
1.0032037643586054 1.1983630988620113
1.0070278139180837 0.7148155009435092
1.0053208452756044 0.8496919930962377
1.0018400597579507 0.9315230194950865
1.0034388116644126 0.9834917610982055
1.0036145383223585 0.9456118116776684
1.0042201855140473 0.8741151541253128
1.003076907121144 1.0902719846847864
1.008646250598198 1.2372088830000538
1.0008862471042563 1.3348892681598379
1.0044338270426907 0.9242065965548509
1.0032545461502465 0.994733409459537
1.0028327305694515 1.138925469360344
1.0046233537533449 1.2758638785420933
1.003209720423244 1.0143752427085717
1.0060062918606962 1.0527296967550888
1.0092113983410482 1.1442285152770961
1.0053242047802193 1.0628359172878967
1.0058066439203521 1.087525621863149
1.0109376785171371 1.09480139809886
1.0132441020018315 1.2072731057844144
1.0060305322876135 0.8313212816173936
1.005317757924934 0.4702660920355448
1.001089947021775 0.611075363297214
1.0025380346338009 0.7173101607963567
1.001701625256468 0.6262071330549196
1.0078260837386475 0.5873838239069853
1.0098566437124628 0.73023485022726
1.0054272583431652 0.8666138591005
1.009164033350398 0.7198721504888204
1.0124769410140941 0.7665104320031713
1.0068463305281183 0.8742069119865685
1.0066719111200657 0.8457222135829058
1.0109991899042041 0.8763103239061834
1.001648743713525 0.9243374335119396
1.0023195034562575 0.7199565784300911
1.008950175412693 0.43639015626833244
1.0049047960960626 0.35879128067629906
1.0008591257207096 0.4697107046455559
1.0065681749309756 0.4229981113575318
1.0134403915285086 0.463074339031028
1.0126276666904013 0.5513652868006088
1.0198025294907638 0.5943243646359625
1.0024156162147768 0.6237904639698861
1.001677951110165 0.7200265604772618
1.003178184304142 0.3928078244047921
1.0038017393351075 0.24412754212355348
1.0008561299870167 0.30703345546275324
1.0078389676475579 0.3752213863072511
1.0030665444384885 0.3992409769981923
1.000291071580484 0.5147721689166228
1.003301360066902 0.25080076329337264
1.005996603750307 0.23596145304452476
1.0005524520804971 0.3454302980348183
76.34933975831626 0.21966721402249698
1.0057997421053437 1.2195270642745513
1.0015947666518883 0.96952063921505
1.0079543255992738 1.0147923739454858
1.0054560056519641 1.593719394178186
1.0032262620701953 1.88812433217042
1.0025042710997976 1.9851378821842651
1.0024213905215131 0.7205027907886441
1.0050796677805516 0.98607431649154
1.0058531123801366 1.7089018775956304
1.0111427476924142 2.1654182376546913
1.003672706892099 2.3325549872371365
1.0075549910113515 1.2256220937934075
1.0028692177123606 1.6159455478032387
1.0060682950714883 2.0573010186133613
1.0010800329236036 2.2755122732147504
1.0079364114503317 1.7570737788243842
1.006196441554095 1.9827515068266939
1.006374744485798 2.1431230438724573
1.007103404449638 2.0188749229111385
1.0038766794392806 2.0861088287411285
1.002258946757385 2.093739200138969
1.0118756374072941 0.9691216371816636
1.0033732366747417 0.815814715185792
1.0054598585674177 0.961115940003262
1.0045311573210645 1.418334161114117
1.0089485999128833 1.5827439170760391
1.0036828191863638 0.5783314074924679
1.0079559242939933 0.9706818524705257
1.051085445626873 1.5700971359550135
1.0044493992938288 1.804818570637598
1.0353589828331269 1.19863709391957
1.0408602967864522 1.5302184101612668
1.0159675655142453 1.7730623198506374
1.0071257055269698 1.6200040083377591
1.0148390504985114 1.7261009611544047
1.0074196654750045 1.7555166246059652
1.0096514071061837 0.7256866451447678
1.007022720503926 0.6517493716096542
1.0088208883656347 0.8568889529029952
1.0191004985133385 1.0771494600799543
1.0101676774298036 0.6125719279639654
1.0336744072365631 0.9525118170343025
1.0054476638438454 1.1821616260415968
1.0066099132790818 1.1022804050331505
1.0110802119477893 1.2314581652233274
1.0058641923820766 1.3165988659680097
1.0089267224354408 0.5891513939750519
1.0070030945554183 0.5568123253203274
1.0059622648223587 0.7178900782973909
1.0101382330071158 0.7135754165360297
1.005961450569287 0.8184182107705316
1.0057179918203587 0.9477599090884439
1.001870806414579 0.5076335764178228
1.0045622664051803 0.5312067272136727
1.018125446811357 0.6611301507894898
1.0034069817879208 0.45449339987139825
1.0024425863309294 1.2196357728893044
1.0071632245137687 1.1314323605035037
1.0024104674811514 1.162812253735018
1.0013805857856506 1.5520539969413125
1.0024640137544103 1.7163187563636613
1.007879043198233 0.9231925421551638
1.0034796874498013 1.2062577932991485
1.0062916012553862 1.6482188898288057
1.0093897395782097 1.8676938247201262
1.0049614250537122 1.412055670090829
1.0116414459551757 1.6825314628446002
1.0192299759468957 1.8705255957288505
1.0061165369317984 1.7851329165696708
1.0032279334766911 1.8752359515254657
1.000414601998296 1.92455838832873
1.0020517776733349 1.1323509041678816
1.0036372568328602 1.060952890181973
1.0071346356578514 1.2648096147802264
1.0039389513236365 1.4837952829866607
1.00961878916002 1.0211777675493527
1.0152185040055401 1.35686143446927
1.0133315022684652 1.5918886931659646
1.021205103372697 1.5133004342290755
1.0146959444966275 1.6377462144621129
1.0091470366506616 1.7256014925297456
1.0011491968924915 0.9694986906796467
1.0154383159585798 0.9339562517330093
1.007758220041756 1.121906052630908
1.0079491036076231 1.1033369867752572
1.0228577684049383 1.2245291893323493
1.0025241424674989 1.3617718803583747
1.002128497725818 0.8279398005032597
1.015123950224687 0.8554217613276129
1.0303184426158971 1.0029498953991458
1.0102069255115658 0.7219177827534042
1.0060633846534126 1.2194893867331007
1.0106455710207352 1.1781465312392083
1.0045404949545895 1.3010332964364362
1.0035325405218534 1.469406824840012
1.0081317344438883 1.168310366290426
1.0102396440302124 1.3943383048186297
1.0090023693392907 1.5529968002841874
1.0057703847972472 1.5338924104259495
1.0034891595813056 1.6235231940250086
1.001448787827861 1.7199065300730734
1.0041858501357077 1.1778646591149262
1.021276237035373 1.1453291660226235
1.00324593760982 1.3071335458229367
1.0156875233980251 1.3040598137359805
1.0113045213878002 1.408726220241482
1.0067104559585969 1.535814853356647
1.0185828492458384 1.0812653855601129
1.0038567328555383 1.1098874527441167
1.0208870127841103 1.2535298484387014
1.0026099150504042 0.9693877549756279
1.0038758901297953 1.21939368168275
1.010510994049575 1.1985049814993656
1.0070249788968546 1.3068537085176692
1.0030920851223633 1.3294594371404673
1.005083373009074 1.3987921604693083
1.0022553979013016 1.5149373711415142
1.006616212947354 1.1951010179513317
1.01857803655211 1.2181900311387788
1.0088833564054298 1.346599000094004
1.007949930570185 1.1320164177824907
1.0022099693230213 1.219629807257999
1.003966509635201 1.2353586619154573
1.002271378887009 1.3450514018550885
1.0017627293712001 1.2039591729001393
30.77729899688332 1.2196922990978976
