150156.44755049772 0.7680186879745445
1.8762180335456216 0.870043991008825
2.1321150435256175 1.0563682505020562
2.4626916469784526 1.4883423344356679
2.596357188354607 1.6517421066333657
2.6648998827402597 1.7434529513677082
338242.80107231176 1.7514885169126206
1.9176408573982366 0.8663203636055543
2.2338412682377475 1.1405746289064997
2.7436975671880264 1.6596651456186955
3.0687360071567413 2.0410645465297845
3.2151622899193275 2.0431930869459096
3.19022243602598 2.1081615256158397
2.2179112236113214 1.2308830944330633
2.5010451845423267 1.5499081662457708
2.840055942664237 1.8828625210223373
3.0299446613310623 2.0926638028065816
3.1505012806645527 2.224854726951689
2.5015740214223205 1.5481055630042686
2.7052746782084878 1.7855568160973325
2.8425568911801493 1.9069402444389654
2.9625814254015825 2.048493141403446
2.6934093324256514 1.7486585527402985
2.726291404589208 1.759235989175652
2.8269145270241545 1.9028595472648497
2.728143435160529 1.7485943231867596
2.7663304321060274 1.816442309946272
346432.37633405783 1.77936528210645
2.5467257675429282 1.1833633540187622
2.135356799606423 0.8114864275154877
2.006301234721769 0.9060206276368382
2.2419211888196435 1.2768974585524513
2.389193635879446 1.433981547198735
2.477281130025432 1.5417782206094133
2.072766207081356 0.8438965899367419
2.148406535639745 0.9863368869993597
2.415527643474186 1.3422419234167235
2.7272720784960063 1.6945221210511527
2.7347817670665266 1.7067173164629184
2.195636858441445 1.1244212762315866
2.3984514781576887 1.4219424895099544
2.6016196812152987 1.5927134764180466
2.7389022397017797 1.7724423908409859
2.419531777617664 1.4437619816849385
2.534864481379348 1.5702888658498282
2.6514994688367146 1.7088141216655601
2.5672602068246166 1.5526920489225007
2.6065319522237087 1.656224733481735
2.60671145851584 1.6543764893381074
2.518277933686594 1.3573763900789886
2.220075901620687 1.127619929401554
1.941189338613515 0.9009375172420302
2.1075708435313976 1.1459678599215217
2.2173376140608476 1.2451111730345839
2.0436412551829948 0.9320536549756733
2.056800048453759 1.0402857241149064
2.2117066140203923 1.2219452560265218
2.367950641861273 1.4034776812681145
2.1929214666432753 1.1630423426602694
2.2685738755043827 1.2714055900338697
2.384279848963417 1.4223340537263849
2.342010882543926 1.3810173826166894
2.3879085016256747 1.3852829732134682
2.4496982584657703 1.4504205790915696
2.1706896111593803 1.1383403884125325
1.9447002019609227 0.9163820244426897
1.8875211462477157 0.8904174785354859
1.9846711664128527 0.9571756520026214
1.9358422848146906 0.9437455611486428
1.9709311272898744 0.9773400186321801
2.086617169284131 1.0815841978952856
2.13527130788478 1.1400475798747745
2.1503549292851902 1.1264734527686289
2.2429777968410143 1.2724463246426618
1.897802310644194 0.8984254701599839
1.772732710247618 0.7856193247111413
1.892564824292603 0.9011710404828235
1.925685534868455 0.9504807075472791
1.9309368497521302 0.9403872176563994
2.057589779773176 1.0168944674873341
1.7731660113685328 0.7721809439479914
1.7900055015967702 0.8123153319326
1.904493307486945 0.9352460700651085
148312.64491730518 0.7241988928348213
2.4890711019634075 1.249761014871288
2.2806324525964965 1.1718070899245554
2.4499717552161684 1.4207191049408385
3.112119103684643 2.1814944431310406
3.322500599479834 2.431619751206741
3.408579805180922 2.4855726195879364
2.19059377006328 1.1739123284525412
2.408687840353263 1.3473296688301188
3.1071469454730583 2.116441565502546
3.545389318602729 2.5603565576647886
3.6674081497995634 2.688356543895075
2.6638716973921674 1.6417124817051643
3.0638825851692624 2.069730186072368
3.503318889941641 2.572513058063488
3.694836770569706 2.7775781792438425
3.223170186948752 2.2816506777247847
3.454293872420962 2.502716266501447
3.6073931170765796 2.7037847194233824
3.49181127849466 2.5531107208056882
3.569383168049586 2.641939335971042
3.5462000072549134 2.4404989186071506
2.370646723755351 1.234833214198329
2.247326073365028 1.1893989308599098
2.401244101561918 1.3661144884828182
2.8342876721963046 1.7967466435992208
2.9532268078484396 1.8499348460248168
2.0455513632013584 1.0045305366251982
2.4083521354262514 1.360131805396458
2.9684720246316583 1.9459320709323962
3.1955852348046014 2.1852723879427502
2.6262749323576027 1.574357630393714
2.975576661543829 1.9774877487133171
3.1866715997797783 2.159517657638647
3.06944872624954 2.0137981243868346
3.145818932502767 2.0839368432229914
3.126144101852171 1.9211575453205874
2.2201336991957303 1.2009055508173838
2.1630575652864534 1.1088512585330375
2.350842082150028 1.3154948875404355
2.5361050431906493 1.51670183737542
2.1110155126086263 1.096289418505117
2.428703145728166 1.425591850090711
2.6400994685822727 1.6081007074300735
2.584188899252482 1.5900582410984685
2.7008397575609453 1.661350532014458
2.781613237310048 1.7935616523482532
2.1988294074208694 1.2018005700700514
2.073743177243742 1.062965427738183
2.219865224961173 1.2356908061569256
2.230526338263643 1.2460016975274022
2.3275649733637556 1.328966233902701
2.442894447528574 1.4265426324246482
2.026311873296039 1.0108193790376256
2.041050919421572 1.037472721125729
2.1856322691169723 1.184572202387426
1.9745085617538272 0.9570541336427385
2.694183797690739 1.712643794513131
2.6140840301308894 1.6481931757581507
2.64074826561208 1.675357247211969
3.021761289336885 2.0964171473042916
3.169496326657222 2.2556515587312678
2.4352928572086414 1.4728685835626354
2.6787918406621154 1.6951862591647204
3.121309358529055 2.1504167569772346
3.2977233805215858 2.3700417173387844
2.886035848345019 1.9144960281238566
3.164590133025527 2.241061205379097
3.3373437730129942 2.417683380494839
3.266588986433897 2.318892521836715
3.3567554372665587 2.4115019270431137
3.4108031095018427 2.4953629803878967
2.6164169406944042 1.6141940562059576
2.564733710377973 1.5663464795348019
2.7846568218597914 1.798348426436161
2.9494298267659245 2.0014828133297318
2.5082299312989167 1.501447838119757
2.832896640110036 1.8584331253803354
3.056225603326013 2.1092658605948547
2.9939658695474884 2.0226510495924823
3.1196036096597046 2.1684932251591986
3.2023957278129678 2.2495632937428773
2.4770982817931895 1.5128896778932355
2.478612224215534 1.515019989137357
2.6180609848019696 1.6074522057283418
2.629544344278643 1.5819552215359407
2.7271525260852028 1.754685519310374
2.85401505554018 1.8567632357888035
2.3433180600234182 1.3429446137545837
2.399811754897886 1.3720875167467828
2.500611783176237 1.4966143472686704
2.2462804364365274 1.257380662129279
2.730221817562367 1.784314765675204
2.682437748160542 1.7170352880496953
2.793007109556479 1.8518693897287233
2.9527388294311545 2.018296571498056
2.661062421923307 1.6750686895178646
2.887158509164048 1.9213201081433189
3.0283701543293295 2.092572811162958
3.0215765274153132 2.084244728159005
3.1333803553639266 2.1926336990055573
3.203299303412381 2.256730312537768
2.681316562310446 1.7111244649684427
2.6609322453452187 1.7095247127802404
2.801669874257874 1.859925605157467
2.8345404426010834 1.854283344910898
2.915506085346146 1.990691211685279
3.0283080624517185 2.092488529255858
2.588874937290715 1.6380482323993002
2.6121470949727814 1.6270316607058977
2.749290188907991 1.7802748367815102
2.4860369689512805 1.4425380791110225
2.72645464941511 1.7767824049571876
2.7222189313956484 1.7870096557924269
2.8083580332551863 1.8835869638799538
2.830188811181346 1.901150155808035
2.890801198871283 1.9440202760591352
3.0049996778527053 2.0586561010016777
2.7014085954854736 1.7496804585912498
2.760074719095708 1.7559616699187042
2.846314660700294 1.8999172630089376
2.6424923575104615 1.6700559757254025
2.7390555144410897 1.7949839821033147
2.741958540590547 1.8040707811866725
2.844673136064039 1.9108303310139485
2.7220392428522455 1.7453633096716192
344843.1618455402 1.7571411702855346
