66680.89360338231 0.3569128708341488
1.4059641847936195 0.4061913065080763
1.426704519525591 0.4907499252729436
1.3745277186391964 0.4040441047304137
1.4234414344426727 0.5021890749936444
2.330955504321412 1.3613651622649554
100763.32980239556 0.5409172654397322
1.356996062607533 0.3539575176611972
2.317329882847234 1.4270991723960247
2.4175035805755054 1.457648645169089
2.295719783121783 1.4182967693064583
2.302188812298492 1.4888756908421317
2.361900112366861 1.5198137799991434
1.408163372354101 0.43306066915943736
2.3216026121799427 1.4422037615224383
2.3000669825416744 1.4122315529816287
2.3482102899131205 1.4950922301525418
2.330968521980187 1.4672073390285045
1.5503795438216157 0.599349457717967
2.3012092359773746 1.403131084488133
2.3730745923316454 1.558845118714703
2.7804240529796957 2.0024970074942257
1.5109544172323424 0.48610620928023474
2.3686829591706893 1.5250419270465427
2.380982492224219 1.4828461291625856
1.45245077030909 0.46661163116601895
2.422982605883721 1.5417611626974588
104825.32372741993 0.5345883984319955
2.3277366445973366 1.4401580703927992
2.349840993559753 1.4586854521662953
2.284664635382677 1.4214640608215892
2.2877037444085744 1.3196350700864543
2.250972730910255 1.4410309229618954
2.2553180479859467 1.4314752010114846
2.30720818188762 1.3870315397842763
3.252736678578436 2.513308010835898
3.183890528271741 2.4633789778090676
3.1848639935006156 2.5202372621024245
3.160794267647837 2.4880618379541013
2.349395747542035 1.392565343839232
3.2061381380308926 2.4337088661729513
3.234471134995611 2.532795602739046
3.1525285544609485 2.391885747813096
2.342102602689364 1.4848915453922473
3.25482704559725 2.5039981256541184
3.237024916864606 2.457958262027202
2.3357270860322856 1.4654473822297112
3.2478732541421618 2.497848231810303
2.3233293604649017 1.409154914362345
2.36241060807795 1.481647743850815
2.28434878237272 1.3749215407649409
2.256664372732361 1.3552152329893752
2.3379590151041123 1.5402444873970467
2.268598768134928 1.4264883555344583
2.278168223355619 1.3088261450740215
3.171818246288508 2.401647719835041
3.179084679577349 2.4784523937110516
3.1374644117780237 2.406328015506153
2.289854632857358 1.3603645479701671
3.199012404694889 2.453210628609938
3.1639179401493074 2.383126659005011
2.3214845523600616 1.4572199267269745
3.2003109162713215 2.4495115488545185
2.3368466357484072 1.4634495334054431
2.330851380456068 1.4090857728836144
2.249646610339176 1.303977883634883
2.249948099138866 1.331162846832108
2.2667754846405326 1.4476162120800753
2.328325552310753 1.3589345828598138
3.235689781713269 2.5493086522098833
3.160505871103226 2.405809453946068
2.308825788783471 1.4611772670587462
3.1831617090375426 2.4455056092028107
2.299484453270969 1.3426789233397936
2.3068980345931966 1.4296341906565666
2.3138621731906297 1.512093361091397
2.3893836605677294 1.6136730516285205
2.285692800171524 1.4021236013686411
3.1815569649280153 2.3966615443127846
2.2747688921638733 1.308556901142857
2.281582637066816 1.3737193603640807
2.2321668162144936 1.2919374651365843
2.2533888879563637 1.3588996920066387
81233.73928499209 0.44836849134991086
1.5981610511327333 0.6826030687628185
1.409288082553748 0.4113756686002716
1.431986003433611 0.4837245966984563
1.402708085957726 0.4586214616009943
1.434509213388262 0.519082446370897
1.654645473744321 0.596125590093807
1.4252859873219292 0.46296502375962467
2.3309553948826984 1.469288529490907
2.2877737777256346 1.3915421899345488
2.3132460034774507 1.4674203126216534
2.3979380755023483 1.5897929840898266
1.3948209140418317 0.37969741557723974
2.3245291394444587 1.431419362013769
2.372998704642807 1.535078853161551
2.3802339584621466 1.5630681284961643
1.413814466894363 0.4260789339669749
2.3753191984264275 1.479829503656509
2.4253548698702287 1.4884706176602065
1.4497089555635156 0.4761856316561675
2.3779852143586555 1.5059537488131682
1.5232352234334672 0.543225860598161
2.4774705061074798 1.52390961739366
2.3146351348075833 1.4612180773131451
2.286721114980906 1.4272175170584922
2.2843138925249584 1.4709660431009528
2.26974302199355 1.4413023078053029
2.3968230918701527 1.5482982674072234
3.242526994522823 2.481963703539914
3.197355415719466 2.4484434898942675
3.1617486138304285 2.4579094075075636
2.305548946332258 1.3810935728452904
3.2507130754477234 2.4973872232401018
3.180920585938993 2.447453050848595
2.30263161272529 1.4041728312803656
3.204643786527415 2.4220927657102034
2.3167436472354828 1.3598203260152457
2.396247337808307 1.5135476548048798
2.320930383259288 1.4589853183627595
2.3050795820113765 1.4458213898732444
2.2539240629651194 1.418905490316979
2.313644068128939 1.4599235449197885
3.222135890970234 2.4505839618153438
3.198968198995302 2.4770104428277113
2.308475657364635 1.4156939356449678
3.184345254993021 2.412200644655761
2.333565406276226 1.449331736263229
2.355515641117179 1.492775868144593
2.2832227471072803 1.3606520330327259
2.2629072253718556 1.327886208868543
2.326705389118849 1.4266682770139727
3.163068965446923 2.357411527171069
2.365786286071043 1.5145380091398641
2.272455733390034 1.3187977587615005
2.2856811065848563 1.416038534738516
2.291372917086487 1.3840107019541645
1.3590042408578065 0.3848181181063498
1.3635134714193815 0.3129269295780053
1.4387804976338385 0.47995000419161254
1.4400433339865037 0.46219557210585893
1.425177295658036 0.4838740941107096
1.6474125050589161 0.7631993768173716
1.3765346901846653 0.34730711036008544
2.3199917045718763 1.437374841357893
2.3444353924141295 1.4528759410319243
2.3771756460646305 1.5276998842090794
1.4222644048953765 0.4213964902280306
2.3977635957143795 1.4337847221047049
2.492950471001473 1.623623259801755
1.4540732656464965 0.46716574038354425
2.3984236308331237 1.5117457159507341
1.4711530613690444 0.4637780386863616
2.4512652973201163 1.5801094996449476
2.3914621989343376 1.5110114165331558
2.4327728388575984 1.6120435621703804
2.289779455471227 1.4132463076777437
2.3238908297231653 1.42330114579381
3.204472394388764 2.3827014976827074
3.1766308366181946 2.3786770408009494
2.309059235926062 1.3403646434506507
3.208168504474192 2.4154047957873654
2.3296109301857633 1.3887165112930198
2.3284659551581552 1.3875298015865551
2.314437037753893 1.3447807825264662
2.262311422867616 1.364235890018967
2.3378840741878757 1.4461203369534363
3.192799442489558 2.340351532199377
2.3069575881425792 1.4012724866663593
2.2862509978862855 1.3830089440452675
2.291870230755751 1.4044990770427146
2.3476208447116695 1.4886242315633373
1.3724763867614278 0.3583493902646976
1.4592801218515565 0.45977483010845355
1.4510974667923633 0.42383907101284624
1.4660336302974686 0.4976387171919786
1.4838530945029018 0.5215905813186764
1.4226804529774955 0.4123960324681127
2.4800394317214165 1.6239701900655283
2.4465422944132773 1.51658348263756
1.508882071400575 0.5335847520973515
2.4089338005825445 1.4761039877531852
1.5395116076888775 0.556076652125929
2.36189405588033 1.4620534041308608
2.2970249249400654 1.3429587516824255
2.4370897531532787 1.5981071106632443
2.3327776051947264 1.419469265900532
3.2232474434553 2.4082990516629468
2.4013163132940822 1.5084199953120443
2.597044887168433 1.2913771610946128
2.35242142023801 1.4454641964900166
2.3290488634957685 1.4193886931310884
1.4806484831215339 0.5254939677596717
1.4339293973414153 0.41409532596577575
1.4703777650494956 0.4400421569512463
1.5450059397371887 0.5888996172757581
1.4568022865290968 0.43430790891828114
2.4904680993248176 1.4640342348703008
1.6443372289829026 0.6890222979159812
2.299411710644106 1.2876596382278604
2.293597405138473 1.3414244890079006
2.4077892546673163 1.4576883519953063
1.4128186377494025 0.3894520646089557
1.5263259018447468 0.4405518905311583
1.5182062181243257 0.4643827544440413
1.5926221365679725 0.5778727274369799
1.5018077740558264 0.4717507606243325
89657.10106636977 0.4552137236401691
