1.0000000000612321 2.149320886123383
1.0005215427766867 2.7330021691897324
1.001487324978924 2.5415952325905264
1.0011974167245972 1.7560331846603354
1.0002358001510856 2.552898457034002
1.0000155491318379 1.8060114756621888
1.000000854486043 2.2845882613230284
1.0011830835037652 1.7119761375950782
1.0007616000852224 2.6933720963976358
1.0043274238669175 2.7102170521482076
1.0030841827975696 1.8149112423162732
1.0007801255753976 2.6720138557283457
1.0001926756431085 2.770339050583597
1.0001931242339779 1.7681023445631205
1.0004844258186556 1.782026034557551
1.0013483370875094 2.7224586483372524
1.0044768812246876 2.14373844867837
1.001257635146721 2.773244084794081
1.0012410496472532 1.1656146469705222
1.0003407135179652 2.7141713577079973
1.000568940513407 2.7182571873540997
1.0001144419549286 2.7321237020693214
1.0000440461599844 1.9212211541520514
1.0011784061495155 2.690083454042451
1.000561016196194 2.7031512446453045
1.0010869317499151 0.8843468100718451
1.0000042879966682 3.6217307943023425
1.0000409474859981 2.8433990453343854
1.0007391796648801 1.7760644003664872
1.0007243719544923 2.248533259743532
1.0007606748298201 2.596375737240445
1.002308773466375 2.550489358620581
1.0001337179915286 2.3094224113721276
1.0001966241493574 2.1651849513604096
1.000168429206214 2.468111641118028
1.007865661144096 2.7124412427784477
1.001758187291707 2.7191156365533518
1.0080877667804273 2.7280405228915057
1.0056492040977152 2.725554378644893
1.0009313649852565 1.8393533002441864
1.0031733792198985 2.7015627447034527
1.005100827353416 2.7182013416170796
1.00576796748169 2.7245067504731244
1.0025138889183738 1.8351149865316747
1.0030119462093847 2.7046474367046516
1.0048270510785746 2.716112536863115
1.0008421848584577 1.7556116043468677
1.0004667729658108 2.7003635051091086
1.00024432568342 1.783609830966168
1.0009193427718965 2.008711228094239
1.0004569778592518 2.4927211605753623
1.0024556736176953 2.199393563958841
1.0007078493422674 2.530112292676402
1.0001531581151588 2.5447941475164475
1.000417694639448 2.331713174611414
1.001697480258208 2.7011089723142296
1.0129614327518701 2.7124275470088035
1.000171012103404 2.715605803572661
1.0023940607973403 1.7371072961606666
1.0026744819735582 2.6998971487508125
1.0020152499183066 2.7134590819605986
1.0050971305210283 1.7603781150584306
1.0000697319077059 2.698803217795425
1.0002412425222018 2.3585900931634995
1.0015938240847369 2.6117664548188384
1.000460980387985 2.2820704174425535
1.001394376584775 2.5791333931915563
1.0011539573713142 2.3073181601649333
1.0028308534552968 1.7983393250672046
1.0041899445393971 2.6890083779728444
1.0031960904899357 2.703184699421475
1.0002133352398679 1.7643132745228178
1.0007182165064408 2.69257170172189
1.00000569375444 1.7678048787697922
1.0001138580322522 2.611283703553857
1.0013832322613496 2.53242958592427
1.000011482370933 1.7145736883195037
1.0007612336478229 1.7914103429181565
1.003865414121619 2.6831949077584625
1.0000005727072938 2.330915156031563
1.0002707616407756 1.9808708939537047
1.0000498532372006 2.2397704091215607
1.0003605264455604 1.8122981631089967
1.0002851980809007 1.0510053182547638
1.000525803097982 1.1838581539888684
1.0007238013363833 1.2548061367952
1.0004486166485531 1.6572075436547853
1.0017770964715778 1.1698148971510398
1.00014018566688 1.3425658544321784
1.0001931388660592 2.849712632104966
1.000174584878858 1.290583615335948
1.0002388587817805 1.7709375096729567
1.0018215549143512 1.8205945731772004
1.0004436713877138 1.7691165967044524
1.0001565436279307 3.613293557485979
1.0009325346777924 1.760201504653462
1.003073106213159 2.4600174217197583
1.0015950095698443 2.4589803998053483
1.0010953793690522 3.633334284170899
1.001802215139058 0.8192526406934154
1.0004765246311467 1.8143046770397455
1.00220049726702 3.392194310300181
1.0008400707128116 0.856355260615945
1.0004567599178829 3.023086741716012
1.0005739512501048 1.9705038520367277
1.000175578058477 2.6669451000107616
1.0088818282029208 2.578138216721411
1.0065452319332928 2.5584082054127535
1.0046917337828873 1.785239526058015
1.000256440788361 2.234827220170944
1.0019871897454469 1.724252453961732
1.013842295768535 2.6950063873137484
1.011100723435855 2.701114193002246
1.0034295370083546 2.7176415803504694
1.0036998126142 1.755841079723569
1.0012318892655976 2.6890263148031273
1.003666319472124 2.702274153280676
1.00562191827714 1.7432490975568848
1.0028505197047126 2.7150746380453255
1.000259652856836 1.735816695972658
1.0003981459805875 2.6728786144333174
1.001613218186205 2.5528147233915437
1.0017449006724062 1.7399301262898637
1.0010733913247363 2.2794598857959123
1.0039451340681134 1.8107075022496733
1.008771998084319 2.6903908744140383
1.0056404891808024 2.6992360167386322
1.0044783265431785 1.7310759302689775
1.0027759700584111 2.7303088145111185
1.0012144917110462 1.7722433458176787
1.0007623307683757 2.290938416668684
1.0010733811696682 1.7518873968619424
1.0013846936915634 2.2313473642861075
1.0045832502542715 2.513236698504574
1.0065542540194743 2.688684388322229
1.0011498294621095 1.7591280717173077
1.0008369603317921 1.9699822075872322
1.0004216769026104 2.4786063170306445
1.000400540376497 1.7317292494628536
1.0001388889199534 1.4723515663073645
1.0001931994795534 1.7041590384168401
1.0003778413532256 1.3324949980236644
1.00030877021487 1.581726068601513
1.0004207406663381 1.717286788799425
1.0001548241390297 3.5535349606606537
1.0000484963066392 0.8880573087055647
1.00168532612603 1.7285303552612157
1.0014820662128807 1.7750610826531958
1.0001708820662976 3.706862041245235
1.0009797830856018 0.7960945044398163
1.0026518788359156 2.3764125872789843
1.0003197030310265 3.6837190626215293
1.0002414014063326 1.2251897368087894
1.0000640044338425 2.9606333464737276
1.000077368777297 2.7072658192523074
1.0007732578375304 2.196572125431523
1.000439888750858 2.2161745700010798
1.0052734899816331 2.5539649071098887
1.0035837168113513 2.5080483119350214
1.0019493544268543 1.737898443514893
1.0092562239049803 2.6764675741444623
1.0082843862008417 2.7203407423282053
1.002706102185763 2.462770862187357
1.0128833500553274 2.725059246236685
1.0006050427044486 1.7622945698648036
1.0013828452637334 1.8023817028102038
1.0010345795360764 2.0497537305567244
1.0002785468356055 2.549180932086707
1.0019761427515543 1.7495920751945506
1.0008381362993366 2.6795748915396764
1.0004754955169843 2.2572882752407795
1.0006429720622638 2.0702145217973174
1.0014259864285457 2.49031902435311
1.0019867761865187 1.7497871106114853
1.0000138407560386 1.3220752017865574
1.0001619757018163 1.5214089168386957
1.0003284167369844 1.568890077884776
1.0003109806630508 1.3687878913738982
1.000082345205002 2.9288295333359544
1.0007951734271676 1.3908944739216849
1.0014166819771022 1.7495234469250254
1.00331014584643 3.611025918608902
1.0000912000762243 0.8324737514227324
1.0007217163109305 3.6162103471265574
1.000005846109069 2.590935272671346
1.0038192575847347 1.8331113865315227
1.0018542512926873 2.2241360893448423
1.0011134935859916 2.5285946121183778
1.0012348268624536 1.6937547989819204
1.0035641602778973 2.7035572526145857
1.0051143464190193 2.2765241290111997
1.0013083566744188 2.0177731192046497
1.0002601277354648 2.52977579437866
1.0009575011438099 1.8447530793371276
1.000021100063065 1.7497881931780663
1.0000005185808416 1.3023450098085265
1.0010058135595217 1.547171892978612
1.0000064997844984 2.65008500407109
1.0007640159857023 1.485664992209675
1.002560154313969 3.031864024651173
1.0000105750587407 2.604802143276508
1.0004014257763834 2.080373965565365
1.0006504996133556 1.9594285013566823
1.0008473551726587 1.7970939874249443
1.0000156108664429 1.2760865564160553
1.0000166388264435 1.207946226773911
1.0000017998742148 2.5109481526736004
1.0003525854876123 1.3565216245839022
1.0019373590686285 1.267400385863247
0.9999999712097202 2.3299284502198585
