1.0000353764112893 1.9217565748124812
1.0017252276616768 2.15910434189595
1.0006594214831472 2.0002695106715414
1.0020847904636525 2.0520528417252057
1.0014740547169014 2.1505158178805877
1.0025291895117787 3.146343647548326
1.5708865805024044 3.196417648019124
1.002127949426876 1.4253845913684757
1.0036794238077713 1.7917598616080148
1.0050367563599536 2.7245366550325993
1.0034880621115274 2.562631376892111
1.002678924756681 3.5950482392235426
1.0004228477760855 3.6888373536304195
1.001220220867706 1.9341864398656843
1.0047892708467285 2.3152747249014816
1.0005792500572246 2.123130857908253
1.0033955109642252 2.3009364537745256
1.0023079789330764 2.906367068734454
1.001645896707879 1.8581042341067013
1.0017858347601154 2.662865905919172
1.0013335688369709 2.9995119260357357
1.001769625687605 2.670525690742058
1.0007275200013985 2.7498175443967474
1.0054687900990067 2.85756313579171
1.0015511518319082 2.67522836867835
1.001841513907631 2.2049171600451367
1.0008952128997262 2.3069505517366937
1.833955797973143 2.9314692476773088
1.0011733433307692 2.4577622346360917
1.004188961981335 1.9037527551840674
1.0017783175912438 1.4266065251014748
1.011609199570612 1.567291884467307
1.0069064685048768 1.639804815626218
1.002031201968108 1.7003397585302056
1.001023418918581 1.6578326107453378
1.0012574401167682 1.575102292001524
1.0024275968344138 1.8018461394819243
1.0059730605563462 1.9431329498597707
1.0066421023050756 2.0500439662513124
1.0033270626866702 1.6316590950045755
1.0029847900348408 1.705029630488886
1.003928160664949 1.850025613718087
1.0038400088337565 1.9918599208219068
1.001683118460425 1.7266931367665839
1.0034604517886465 1.759728560030472
1.0076058045085634 1.8527722836614773
1.0025807251763903 1.7759911583003847
1.0039890903837416 1.7925445621858642
1.0000858096004306 1.804531559683956
1.000139278019271 1.9261308515726026
1.0011521173387554 1.5321594222181778
1.0049715665119008 1.1790756970368954
1.0076256205212468 1.3170452324197828
1.004066775952365 1.4266946085731833
1.0014864193997803 1.3326622524190317
1.002676669268557 1.2943108536413162
1.013399190361449 1.4407084581475824
1.0054015007525994 1.5748852063940986
1.0013807207862142 1.431475542905202
1.0027465553423796 1.4766794322306618
1.009915588584576 1.583581079954659
1.0088919955967532 1.5552693195282479
1.0028857519642773 1.581916734974675
1.000199639630835 1.635177113288219
1.0016557640242798 1.4254708541465566
1.0013704034778368 1.1479584435216859
1.0011222527418566 1.0687949484493764
1.0015608452886329 1.1808780795092773
1.00103846705912 1.1295081552708905
1.010282421761955 1.167258156633205
1.0067184897968964 1.2610658763304363
1.0019847169446934 1.3027023801448137
1.0032452767524729 1.3339552759242461
1.000762223767582 1.4288105988075221
1.006289182247377 1.1083067520492762
1.005850424707989 0.9515786282018427
1.0010595779120703 1.0128185517788073
1.000714426841031 1.089394943460337
1.002206033377148 1.109711772281622
1.0008027103719295 1.224170195690799
1.001308748147634 0.9598860626594924
1.0012278323383978 0.9421846684014845
1.0011629787265774 1.0548549468912123
1.7266091132005394 0.929331802593235
1.0011938367829512 1.9276839116882662
1.0059043815735524 1.682589121215739
1.008786596034597 1.725683467084158
1.023865208003096 2.3111674840939744
1.0034907428410567 2.594849419037801
1.002037792594455 2.697395710263229
1.0044012266513112 1.4272204881188177
1.001495035979704 1.6951947220708359
1.0155338485004186 2.417227949341148
1.0092083884262026 2.8793798104919355
1.006597819767259 3.0431567698781827
1.0031244779323685 1.9279319908328705
1.003055736096997 2.320320810219685
1.0088984896958244 2.766054192636216
1.0041923857350936 2.9795729987413644
1.0022173068665583 2.46265836768439
1.0216259837487052 2.6963565807652157
1.0026598855562017 2.852342879699
1.0017643301094215 2.7273156579592133
1.0022589603361103 2.796133234620281
1.0045794381242263 2.801850102289511
1.007180087766757 1.6786678900565262
1.0056693485539052 1.527641552255167
1.0060975537096184 1.6698567292429303
1.0042778221944033 2.127643503748098
1.0185658063910539 2.295731112211427
1.0085461313542485 1.2873790508213703
1.0067758149716126 1.683513951714818
1.006811998219698 2.263368295655364
1.0024589303439941 2.514247875583441
1.003063103707514 1.9049088960549545
1.0040857690207108 2.2406810805447757
1.0050430721494867 2.4794251804559684
1.0015859996293557 2.3276900056161427
1.0065307517758055 2.431067302003824
1.0016148023512137 2.459218348659056
1.002180442151932 1.432956245085238
1.005957535688789 1.361216488956797
1.005256568932667 1.575362099198333
1.0094417743721165 1.7835980690500652
1.0092138260407526 1.3194260620963079
1.0104872566645762 1.655835181135802
1.0021447366313012 1.89410194863663
1.0147748335532019 1.8178628714307843
1.004215632401489 1.9412158563735944
1.0164048180297025 2.031125734286924
1.0007397876978739 1.3062643202149613
1.0042027893103196 1.2679866192885862
1.0064151194111361 1.4241603121762123
1.0076722837208956 1.421261433041265
1.0060334892405467 1.527364516937702
1.0056084394793081 1.654573084924182
1.0017953404827034 1.2149251041649505
1.0019460684191481 1.2383079250175277
1.0036828074791657 1.3666971514071593
1.0061509080702127 1.1636902465297023
1.001221310775519 1.929293153474302
1.0035841660476856 1.8423233205348473
1.0054927901397899 1.8706694556132013
1.0012395248669392 2.2641209503264292
1.0017519663451662 2.4261809389127134
1.0001325019739349 1.6356433169036766
1.0061447023695982 1.9203268254363621
1.005834419072908 2.35251944652447
1.0074856070290477 2.5709014978876743
1.0214567534899033 2.124818318498664
1.0045595927867814 2.3900904617119028
1.0015429716158848 2.5833080717842085
1.001016762267647 2.4957316564527714
1.0067117440891036 2.5878650994853953
1.0014305371368375 2.6338145201061463
1.0055027736320914 1.841140992967862
1.002651385207808 1.771239093564824
1.007038942356875 1.9765009518453691
1.0040332543251995 2.1925336876533636
1.0080805914402213 1.7288487371762942
1.0302155372267572 2.0690679498477174
1.0080875172625348 2.3012481027084077
1.03935619266046 2.224411323847459
1.0029212595904928 2.3481307544954513
1.002436039404088 2.4329439478441843
1.005803745145241 1.679673790876504
1.0020019358805263 1.6413036802029135
1.0026657707158333 1.8320796047347843
1.0028887567613733 1.8089677553545844
1.005971829602985 1.9368005442288745
1.0002568688363973 2.071741081893972
1.0049579702403522 1.537078321938248
1.011708107754047 1.5685177685277654
1.0030084444314613 1.7149282205575669
1.0030239376059569 1.4225189578311532
1.0015714430284708 1.9282239163280295
1.00095614918546 1.887651883535213
1.0038871974513377 2.01244220140506
1.005045213537926 2.180470353121227
1.0008049924541917 1.8749921974478356
1.0011601001943693 2.100944342104733
1.0043352633226852 2.261463160989666
1.0096966428837388 2.2506612886711395
1.0072069300704272 2.3312008295713316
1.0050135601781032 2.4297268106412524
1.0037343230306575 1.883877395949607
1.0066696427550894 1.8549393584016534
1.0024287155239027 2.015670743726753
1.0042663790659685 2.0100517613549265
1.0061633160643495 2.1157096280848005
1.0153813850897846 2.2501061371182103
1.006016750478254 1.7893110225339877
1.0484732326848647 1.8270331108000022
1.0060712444921314 1.9636093713506249
1.0026606071811084 1.677360415247735
1.000403647331602 1.9301570275531326
1.000807746451938 1.905790937481669
1.0047153582822668 2.014796029692893
1.0034471325398466 2.0382058320342002
1.0075494822101954 2.103531441366514
1.0018094624582865 2.2187470073788673
1.0045623952952987 1.9001867704128639
1.0106356472857287 1.92221263690577
1.003578719085115 2.0471068363627323
1.0016791821213775 1.8418007600059956
1.000477640604663 1.9285825456325658
1.0035676527752535 1.9433490717689992
1.0004668580058775 2.0605820966792177
1.0025650652426663 1.9134659371081295
4.993478928280406 1.9282854022018538
