88289.22729598386 0.49922180524747606
1.3871967297486898 0.39230930615536463
1.328175647479098 0.42230806933833664
1.3219218845223075 0.40178967140543265
1.394704792145466 0.5117806589038384
1.3889712032922024 0.5051931866652346
115643.40203096071 0.624850027915387
1.357376709693157 0.4698917602993101
2.2083606694740325 1.4007769290731726
2.227465917492204 1.423377454120073
2.2495989398632936 1.4458213725932947
2.2401831973379456 1.48024434122974
2.314356317702005 1.5857906814185565
1.371813974393929 0.4772634367177776
2.267770642356803 1.4087525831677281
2.273935268903017 1.4542848256275924
2.273629891369834 1.4182381637958776
2.4876177170561284 1.5508553702516366
1.361739409474923 0.39553461453181715
2.3121182167851364 1.441384278194948
2.3301518519885076 1.4865648652980517
2.3257088704172544 1.4040519525628108
1.3943350334130118 0.42555670542286217
2.351692741889606 1.4754156143056396
2.409322717885921 1.549368986220765
1.5218161653493267 0.5954165704318533
2.4458886736576346 1.5791829063069382
91973.26168078493 0.48108293125117985
2.2625394740827005 1.4780644237523597
2.230960948561166 1.4452682078964854
2.2386001602391272 1.4683431492385504
2.21480656917061 1.4267499084283854
2.21127622218118 1.395041729895091
2.2252115190629427 1.4787418492561364
2.224685117777475 1.4040150175217885
3.128230158822608 2.4983960302547867
3.1277267187774904 2.4529113896456183
3.1248115129334435 2.422500304901801
3.0875554933181752 2.364809211904997
2.2312015278248922 1.3829903323330475
3.162039731688676 2.403535841456385
3.1713547772333124 2.474425844960862
3.1144615746402082 2.4046382759980363
2.3003683630299068 1.4545584594952812
3.2191990351821964 2.4794627383526024
3.1820080675336553 2.38314652262445
2.3153824201825257 1.4034162514644715
3.2088410664651303 2.389642636893734
2.311532748572899 1.4232116489498288
2.286932598015769 1.4154424119698235
2.285107201924685 1.4170850913933146
2.309365657717989 1.5308903990975438
2.2595031062969855 1.4068796357176372
2.204835018283101 1.3903494097316826
2.27817102561646 1.4647137600241087
3.1924516612502885 2.426833504924166
3.1625952181798027 2.3909834808284143
3.1323514891660285 2.4203829062143183
2.3453003316066345 1.4426472282586729
3.2213535811827576 2.445207654377232
3.186286810034694 2.371155603530422
2.341107943992715 1.4756277916226421
3.2991937593093628 2.44253908393943
2.3493643383595404 1.4768619897919657
2.308946904630294 1.4501131493117319
2.3075181428673543 1.3644685855009588
2.308497883280661 1.451304406098445
2.2858266355823877 1.4718919266532304
2.3139879504518865 1.3935480869757355
3.259768553056829 2.4307777459969886
3.2224248969845672 2.4057720024730918
2.341535463305373 1.4377552525397408
3.2160266235254547 2.3160538222291
2.3136759113148937 1.3832968499484664
2.353932498446585 1.476036586504261
2.3363919487451317 1.409433280737848
2.3441783350589045 1.4602042615728714
2.343484907860806 1.4425896113573622
3.229998338164667 2.319120392692496
2.3422593632580098 1.4169417653657554
2.3232370399580238 1.3651124545054596
2.3324978945773536 1.4336276505285594
2.299118953011429 1.319090577308435
68645.58152161917 0.2935667486235465
1.3651561846622395 0.3410692507471995
1.4878036013876246 0.44786859817587393
1.398430296590846 0.43720710175549854
1.3938365159287016 0.4877267708507561
1.3501979751774413 0.4284018656292032
1.5099984383586742 0.6280937314461692
1.3661298319761257 0.4131804435854781
2.2636839651109804 1.4869945935543654
2.2798905005419927 1.4860040173513074
2.2582421580448275 1.4501506292381476
2.3536740259782545 1.5958496730332312
1.3357860540122983 0.398703727573899
2.2896256534443227 1.4206895270103455
2.2977035587913583 1.475568152646854
2.426254018620754 1.6178311453936092
1.4174637050204544 0.4102301023804824
2.3209551211791144 1.4058628475305457
2.390284288632684 1.5489557128016764
1.3995123107635548 0.42188361549522485
2.3837767760450084 1.5221089736421831
1.5188950442566842 0.5134842147720649
2.299273442136928 1.4436205451113908
2.2272218546206455 1.3599018968655296
2.339299016915544 1.3745564958304461
2.2263158700366974 1.4082869077620306
2.210253535979896 1.4464872471658214
2.2986858933072556 1.4027724734783427
3.189264043077295 2.438061255072561
3.191471998318417 2.5131079830083745
3.1356794605576757 2.4342274122329246
2.3233939183091223 1.3514827782609915
3.319500449631878 2.4434222265055427
3.160623755622119 2.424897274198021
2.3494823018186795 1.424616967163138
3.228011539270284 2.4768425078235863
2.361082968532725 1.490089069884535
2.339911264200869 1.5048959783770006
2.295541334636931 1.4580257431857122
2.3127108619246677 1.476749786773463
2.2367918734697954 1.4093750123224331
2.3210548109397546 1.4723850829847513
3.2024741442113136 2.4085645970960705
3.1885343148964815 2.4526062998809577
2.3291422043966943 1.4325995617248797
3.244681073275047 2.450055584689134
2.396996809133613 1.3744198280776447
2.3409028712457114 1.4565859945692532
2.322456152357873 1.4375282123332809
2.3008511178041307 1.3807186925150372
2.342672865714464 1.4143201767175182
3.2578370846567175 2.448062274252523
2.3586220143110515 1.4539052776941517
2.4083217370890417 1.4496965961656056
2.3362854870017102 1.4108464532817333
2.313287446958266 1.3467982608866165
1.331051319192864 0.26659440691907466
1.427332218618964 0.508475722862604
1.4084268231861254 0.49542431889669425
1.3522433808207166 0.40259314704257265
1.5720859997187808 0.6530701827246557
1.4580938681934665 0.5716580959033107
1.4225300461223647 0.4260209130298946
2.3423953342226516 1.4741955245218674
2.3158280810325444 1.3777032200229884
2.4237223869915665 1.5217462506644193
1.4772787568312475 0.48913788967596206
2.3850497344551327 1.504320853998971
2.410679303959391 1.5789053098195427
1.4077181963642875 0.37881457198851215
2.4096841976566044 1.5370746431307278
1.4784249273084509 0.5001183302235979
2.3484499325776946 1.3929209275110703
2.26740216546055 1.3725421726956566
2.251245215420855 1.2694918577461962
2.2370774440712395 1.3943966107414307
2.3213749666295707 1.3669502343035076
3.296645790994142 2.4377584399610233
3.175860531862832 2.421652410751786
2.38532375596054 1.4935737901681112
3.229340072709469 2.433341704276008
2.3049389873953534 1.3531257530692542
2.2903679678426436 1.3606922859796629
2.323083481991249 1.4284910226773324
2.3402229943400066 1.4627801625104262
2.37996891261856 1.3775296424956451
3.235813556475728 2.3893652856816345
2.372354230100504 1.4280859452421168
2.3296837289525776 1.4013390584074463
2.3382712096321923 1.3649580165212127
2.3413928570587377 1.3751713829469978
1.3738329902322675 0.35048848089324075
1.4131662474169904 0.43223369893818026
1.4867370814288088 0.4920907547950862
1.4644952473503567 0.5109218897110801
1.474673143440261 0.5385919633661389
1.4527873437870258 0.4095405247943479
2.3901245978653143 1.378989002252703
2.408868350304136 1.4680162430261756
1.4583757983504595 0.3736901100500901
2.437972152420637 1.485094652419653
1.4990352670402016 0.5093521100019713
2.361321679813484 1.4728647996682078
2.30659934750756 1.3413730458904047
2.389922401054079 1.531415708774904
2.483617598383976 1.4659599642754182
3.2488740861920706 2.3408810218984684
2.408412853038331 1.4232124581274468
2.3072258895894366 1.2505515442192545
2.34822419314699 1.4291806862212586
2.420763896121656 1.3872786198947615
1.3987263291965002 0.36128906441254055
1.4747904735793682 0.41991220026501364
1.4614140497319736 0.4186455581466956
1.5503271407509438 0.5336329123994976
1.4425787854152292 0.3933585050594574
2.6831135855463275 1.4365380329459185
1.5172354167710984 0.5034255451962502
2.324920340229527 1.3457076545182467
2.304241570164101 1.3221718745192224
2.346154435955132 1.3932266983751551
1.4969990338916666 0.5047785551192044
1.5222400736396038 0.4279541152638611
1.6225001682331237 0.6365847719632289
1.6557005767661743 0.6420148999863677
1.4797457260229767 0.46952805700346295
105197.04736146388 0.545977948645905
