61240.27233802561 0.31249660881603475
1.4687029766879287 0.4547279205618283
1.4191858121538081 0.34470145199658514
1.5295585686453257 0.5361136942612438
1.5410636639396609 0.6203045225178853
1.4816543415381993 0.5549346210089937
89889.910857506 0.4359334100795475
1.458673961771507 0.483907287776791
2.3448595418197193 1.4035050360043253
2.363541107981552 1.4555552730956793
2.345905219657746 1.4634852652985444
2.3645543457153075 1.5121501772948718
2.4135810720174815 1.6200569949153778
1.5770906550214339 0.6156704226118881
2.334657947125469 1.4158634061660942
2.355386287150436 1.4884155731210653
2.401405339344916 1.415684331353459
2.4019930242335894 1.5540648950691627
1.5411435229738526 0.5996021200045448
2.4142348995207383 1.5265107851391044
2.3618472298890083 1.4950895186870594
2.4257498179203774 1.5986666315027187
1.4233388840294778 0.4192216767890681
2.380808390092778 1.4791836278308816
2.432001153999379 1.6097946805674
1.5377051275046056 0.4927050237927261
2.362118491595183 1.468716780325662
107572.19393010532 0.5378959490866081
2.3948739442848237 1.424323194960754
2.455210250057559 1.4766100135850455
2.3540479164066914 1.4752873386050165
2.3729472241581107 1.5525904019496255
2.2993575647848785 1.4660555047318795
2.297682103162767 1.3908129961257945
2.3545979117807025 1.4331318473601784
3.2847319868167455 2.4787159269934596
3.286210711264669 2.52235154544922
3.185191990312913 2.3535423364769072
3.205404787901189 2.427082859051151
2.3532976060999484 1.4510528170783838
3.2549402878357547 2.3908040188083017
3.2819211381178532 2.5577538015545405
3.1992368813022374 2.451117961091617
2.383665667644509 1.5088072678635753
3.2117324462343806 2.4143603101351734
3.185657009102662 2.32230470148889
2.346007277195923 1.425326715628251
3.200652810452187 2.4013985559544646
2.4522953748711296 1.4683085579101434
2.390110156614912 1.3795814184979844
2.3850247950281074 1.4682931836524715
2.3158407463407307 1.447524677321669
2.3075844881959755 1.4338537298196852
2.2828376291897703 1.4033470824088117
2.352308882654236 1.3905871589572956
3.2267309298024642 2.4573637652227056
3.2049534718023533 2.4088336233692482
3.1814250970815503 2.4180642372868197
2.3831355772273954 1.5389106494950169
3.2033942786322798 2.4141815382418566
3.201918382822634 2.378996236711851
2.333195355595057 1.4619032567732368
3.1946319615531085 2.4243304534047514
2.3270884075886182 1.400511842492883
2.358480840216325 1.4674405577926595
2.342476290223086 1.5040596678589782
2.2830571684770113 1.4168698779544007
2.272951879173831 1.3834206088567131
2.30261932614137 1.4083995250288952
3.188628981373639 2.401786765606638
3.180129897559188 2.421080196928907
2.3297855631246414 1.4095220272091937
3.1846150063150116 2.4223605946002675
2.2961904991266584 1.3660416416798913
2.3416786199413013 1.4947309620800349
2.331547718313524 1.444659883904749
2.2533537186245054 1.3453846645322973
2.348653142955379 1.4550450346373587
3.1996620535242917 2.4480654443469017
2.2904962735030203 1.4266798561392307
2.324190712130572 1.485395170203656
2.2299920442174512 1.3061725167445726
2.295760329327944 1.376780734023657
71317.48258805848 0.36702139801692435
1.5394495450968229 0.5279209234353279
1.4795581273803002 0.48103194214848044
1.442682716666809 0.46185813353438376
1.4622123989539881 0.49958609008493254
1.4747957230519753 0.5112745913772039
1.615421559518224 0.47365761382011806
1.4841942438506304 0.49245424164325047
2.343178261837808 1.4264013041639418
2.3889394930318195 1.5043091033854794
2.3549427630222928 1.5014055113479552
2.4587977555208402 1.5893663840079968
1.4575736572889397 0.48391847354609774
2.4232434983891515 1.462398172245615
2.365623321182646 1.508527741747455
2.4522672683556417 1.5398988648973209
1.4409256650823106 0.4367777073836312
2.3607944051967067 1.47549961219753
2.3802805036191987 1.2762151652677862
1.6745710109769274 0.5334295804595015
2.369609274498923 1.4704102483776684
1.5719417344360642 0.573102550465136
2.4011979838859734 1.3672610470240447
2.3527694468991114 1.382979147025614
2.3208141115508987 1.434967421655414
2.3423165110876982 1.494318145808625
2.2816050583367273 1.3799470718371627
2.3674892925130333 1.4447297181727357
3.324553333205975 2.4584708937076623
3.227434842481223 2.484144608486388
3.192670669203411 2.407045287742079
2.3343067230536283 1.4370870926318207
3.2315127044106933 2.425533246013705
3.194075584741183 2.420286912528372
2.3269994352586174 1.4481364148678764
3.238624266166757 2.496494714297052
2.3447330162303017 1.46070151078807
2.4033850186702646 1.4965524828918293
2.3333476906465846 1.4386872935007906
2.381355201940516 1.468748105230394
2.3244615895259955 1.4388008354924182
2.343353877369218 1.4537887784694945
3.2074837410500883 2.390393033498582
3.1931778803806896 2.3052119833076756
2.322790438800495 1.392739684246762
3.1929304583524845 2.361727070278028
2.3309183461597724 1.4608467223095605
2.3461069045153398 1.4650602834099968
2.3231097461731194 1.3908223064232228
2.3279861820856143 1.4745341565415884
2.3171444100255076 1.4517789391430913
3.1729448930615374 2.339402969486586
2.3437070180305644 1.4776068181232742
2.5388472793905965 1.4052984945041076
2.2893693301418705 1.3594451092205186
2.329488520991483 1.4431376670844074
1.513247612411928 0.5645481148591502
1.4769175640565555 0.4699337832514709
1.4498457856696103 0.4569343984387471
1.4634478837752367 0.5019579831420129
1.5812252813413248 0.6430537983014741
1.5686090670601889 0.5521961007361418
1.7724281780975555 0.5889318985605145
2.379778436338193 1.4527229497946728
2.432715412804489 1.3702452078371947
2.4772237529690977 1.6069985094274883
1.449039261453188 0.43804486839540774
2.416142190095048 1.491824443180219
2.3585019722751617 1.3060463893691125
1.5010746009670108 0.474393306167858
2.3975743529341074 1.3444169451806383
1.578439167867442 0.6029230239183672
2.4293443796919156 1.3855682125867999
2.322170342894393 1.3817470624613317
2.276528078578992 1.2990218261498783
2.3178204584653024 1.4401594095663797
2.344422241449685 1.3328530313756772
3.237456509090403 2.406213420289347
3.2338016046099805 2.4273386318206835
2.4243658532794274 1.4225036808057197
3.280041271941511 2.5051785265443405
2.2928685667094575 1.3336943644798946
2.4101739258834307 1.5368470906326344
2.3248979813508175 1.436138243237091
2.2858443823631838 1.357469133276368
2.317369746232374 1.3206580271826087
3.2340923116393916 2.43233382290826
2.3195526381606633 1.4061672440311521
2.4393894024395877 1.377644439039972
2.3161670903172746 1.4468404551121778
2.482625465094478 1.5937981307813796
1.434408739960658 0.482395229622667
1.4733077830379524 0.4719852557057236
1.5358777692295214 0.5287277905869925
1.4844571979686256 0.4896576434711025
1.5026565741543463 0.4612367356945716
1.4977924809104455 0.50809106951058
2.3942159586087324 1.417972841213583
2.4606575945109634 1.5468380832005195
1.5394850042539974 0.5160628717687685
2.416594598639842 1.3131092407949287
1.5452451083940673 0.5651115457446863
2.3624692226279893 1.3590025308311238
2.34591213893372 1.4203292932371117
2.2760491161441383 1.317486135996945
2.357159788561372 1.4223563819258451
3.2782692235093362 2.439064379846092
2.310848789611916 1.3402115154459484
2.354783011775664 1.4234882686213617
2.350201713449048 1.4502493334873257
2.3212924295488646 1.3484194672428487
1.3918508764115392 0.3591956801361528
1.5484861136690637 0.45148112154251285
1.519198235178839 0.5201896544071336
1.6515020577804513 0.5932625477558705
1.5030117149326818 0.4792776425767523
2.4917408752304526 1.509929394881943
1.5640062264064178 0.539903956746675
2.4278278592495086 1.3877681161528677
2.4334133003815204 1.421068729203555
2.346263707128494 1.3359056729460201
1.5121735082144823 0.5203526597221777
1.5603248657234796 0.5076352654001137
1.495393524825138 0.43122905819087326
1.598956224766105 0.5870299394029401
1.5138914005792512 0.3079984588047465
79874.35964660716 0.3556644569076771
