0.011849465178540894 0.6829516981865441
0.0027571003072124735 0.6910513764834767
0.0023214385031038345 0.6940331406637483
0.00251326133744466 0.6942801432620327
0.0027727643607887427 0.691895273320163
0.0026309237789273166 0.6924859470347483
0.003930556190007821 0.6924675798066499
0.023070947016076378 0.5035605227067527
0.002745961176718943 0.6902408440209301
0.002972538716725494 0.6914381090048692
0.002859483380511812 0.6928834555687869
0.0027105768884791636 0.6931703233671991
0.002812058433225202 0.6930570576925333
0.003098455531523964 0.6914794379738879
0.0028915083483776094 0.6933595703235776
0.00297072588261431 0.6892090530828549
0.0029520214722698825 0.6929772555944899
0.0026398184983759477 0.6935164265938858
0.002846446968192972 0.6946409168911374
0.002918395102969357 0.6900325647946639
