1.0005903451036793 1.0228685908682604
1.002920549568655 2.644117644210725
1.0000443589445474 2.7224831296496457
1.0003130977646013 2.6202400179090297
1.0003841334718644 1.9487440281530788
1.0003188465215327 2.7285504427129665
1.0025338770603953 2.43930390226297
1.0024101084195964 1.7155599089797888
1.0023581006214455 1.7748925821404495
1.0211173596529477 1.751914838450021
1.0021117696019368 1.7668622739551174
1.0026268026570146 2.660906343311525
1.000934282842651 2.7362286107596727
1.0000492524986604 1.7324205616722153
1.0053707690724496 1.7318926777255443
1.0018812022237988 2.7083307135486434
1.0022766088221122 2.5175582096341413
1.0008830730709024 2.7173775669657685
1.0009609959746657 1.6029948106961724
1.0002214683389135 2.6851937540336266
1.0095896631311827 2.715783566963537
1.0010549196773502 2.155556203236127
1.0002520565979633 1.6980056426697026
1.0018400368500748 2.6770002052792012
1.0008693871809575 2.713367494446751
1.0006713046258624 1.4008875621170165
1.0000114503201718 2.6356754604488937
1.0000895209930885 1.671582544888661
1.0033029708117234 2.2009136214272393
1.0060695727076403 2.0601000963068685
1.009524128273419 1.8711483996421046
1.0004091904213754 2.3580393550021617
1.0016220853574862 2.1075850017755258
1.0009344067301957 2.246342332504444
1.0049022373684604 1.7350454873464092
1.0043370821350879 2.713152454195626
1.0031058992441457 2.7221424808223995
1.0047302260683695 2.7245198633144287
1.00966953278283 2.7271542259877743
1.001490313285718 1.735672158041666
1.007799639468486 2.707736602196966
1.0070326789516606 2.718331083711202
1.0013272821539918 2.730859799236679
1.0133550135003508 1.7386089113047014
1.0121398966302178 2.7060356995985773
1.0090185256650934 2.71582203953116
1.0045973434833937 2.2989071114769564
1.0011594736785625 2.699580426882865
1.0001744191505277 2.306383479216868
1.0009139889340088 2.3506388542443277
1.0014475161840215 2.222432014298302
1.0014307506205258 2.167633516605233
1.0038161663927543 2.0375122161914163
1.000046917773252 2.272795360780823
1.0008552546628098 1.7285998903588764
1.0057088571573216 2.7003254330150543
1.0115264622374394 2.7118016928016173
1.0057752526943042 2.715390678935145
1.0023490514763886 1.8101836977319585
1.0051964440140124 2.701333570670125
1.0005943864591085 2.712686988181912
1.0058446342093053 2.279697684148096
1.0011405870417858 2.6995322401177027
1.000318968477909 1.8405162986595163
1.000374423966492 2.134782968662323
1.0002301832383844 2.314628854895457
1.0008437535878287 2.570222866631068
1.0010595124843704 2.124309358024075
1.0020165372332595 1.7542909934291533
1.0049609040582834 2.690629233140996
1.0006088437710141 2.7088821349532313
1.0029810418704934 1.7648762878960325
1.0011926646221423 2.693509112400011
1.0000352898288423 1.8388463958812582
1.000557990414067 2.367542429971608
1.001644964665534 2.4115843142775315
1.0005656379911416 2.2663139166278587
1.001025293550964 1.822930697054487
1.002273970575066 2.682289051283922
1.0003907358132507 1.7898697613069507
1.0000507620992887 2.2023024275642475
1.0002452054604352 2.4107948771629713
1.0001862995764954 1.762828230808684
1.0000888246813746 1.1239133783345914
1.0005996158422157 1.6674495999433179
1.001564121187624 1.6616274157902033
1.0030068659721232 1.5316669073923728
1.000406816939142 1.2211869202221386
1.001621974287316 1.1751993726872143
1.0008820479716036 3.200969377328257
1.0015595975682179 1.0188808270584628
1.0014525203231965 2.2509028881082522
1.0004610631802628 1.7512684680216863
1.001044372346356 2.432337379654736
1.0012299288365585 2.2727262009290756
1.0013831624985583 1.4213978967568408
1.0033356004246443 2.476020986886307
1.0070293656974891 2.330873483568838
1.0013075448586377 2.4613699157572846
1.001039783426977 1.387381392531505
1.002814864589059 1.7433525759967374
1.0024390533531946 2.4334366519379653
1.0024165472277342 1.42212473994964
1.0000296924552021 3.615901089776379
1.000028595043938 3.316899787034563
1.004534501635225 2.2316148553919692
1.0028028649359328 2.1433534019925427
1.0046425747040255 2.1619721176802225
1.003766714117834 2.0222791253027697
1.003796701371661 2.164318478992275
1.00169294110765 1.7575901464495467
1.0107465347652003 2.6813253631389107
1.0119305210645009 2.703536927544374
1.0006064724425943 2.711136334005574
1.0034196055825786 1.730343199469105
1.006496830763221 2.6935106589621247
1.000670660992105 2.7028849645853392
1.006833096647988 1.8120727897780378
1.0063609808872924 2.6882986733315883
1.0070060603002402 1.7246650663960006
1.0050336638867041 1.9539694631336428
1.0012706756656171 2.1832418697460967
1.0098482393102544 2.094156691746264
1.001367429975067 2.458347997817726
1.0038539442083785 1.738999097740316
1.0121248503031275 2.6909126548928706
1.0047458293563751 2.7014369400987537
1.002678618155808 2.452623867038886
1.0033499560380363 2.6942375771542357
1.0025262548000278 1.7923362313268678
1.0026178617711072 2.2558403858578497
1.000316473231587 2.0413191970683506
1.0048920939033472 2.095162699085519
1.0033879161119896 2.202853145272452
1.0023799139592444 2.684879772791218
1.0010918672158806 2.3545860885120775
1.0005783046710146 2.008309048627342
1.0014826705918494 2.3288256736556914
1.001664627414111 1.748236222556974
1.0002807239517408 1.162234779495064
1.0000439286295937 1.8943809597280503
1.0012063888354357 1.3863155721232308
1.0018801846812901 1.0089930621423997
1.0019314744769323 1.2033600780373293
1.0000470218333077 2.5762229717488374
1.000429216291571 0.7990985574338267
1.0035276502650374 2.3148526740067785
1.0011768200039435 1.7400253010450237
1.0017095676627283 3.556795543024267
1.0017842589695123 1.404960454699757
1.0035303719999404 2.2947213160996913
1.0002820027049264 3.0722523924536738
1.0005429591477206 1.29202693847523
1.0011378809827243 3.391041067336985
1.000024944453934 2.3750772121154355
1.0003004688134478 2.23459194091655
1.0040246517310374 2.3665785488639157
1.0014607389646988 2.0801103016951767
1.0017531608760035 2.0935090831617225
1.001262862252664 2.148278505729528
1.0058082869131855 2.674598854610897
1.002046571074412 2.6850674996687953
1.0040676522027714 1.7215652976975973
1.001930695653455 2.6744006243160077
1.0019813134087192 1.7100325419482139
1.001487108134386 2.335663377943587
1.0041138730690427 2.2565424575423894
1.0010714250549677 2.5869947052452096
1.0017311808033067 1.7176868505661345
1.0003749858532338 2.6776874968531588
1.0004588240131012 2.2082352701660506
1.0013397207675996 2.2023938449394698
1.002365775702308 2.261279235036201
1.0023283107400822 1.8138251356279904
1.0000522401466663 1.1316158417920676
1.0003741569643563 2.090560490712119
1.0001812524506388 2.103773740202724
1.000843262102223 2.1378702857006764
1.0005542956163544 2.1695629792840894
1.000553795257352 0.7614519975500653
1.0033824323165708 1.749181092727507
1.000803105774291 2.8784317079886788
1.001034313265337 0.7919838547306552
1.0010741820722222 2.992737256939676
1.0000132121953942 1.4034400358941879
1.001931276722928 2.3030373862710714
1.0007609553186065 1.749063773612522
1.0020668074837373 1.8192555256727008
1.0047167735213063 1.6913686249686415
1.0060884806592343 2.659401365040538
1.000166369323837 1.711213992228302
1.0029761977082225 2.1472919355850415
1.0004777145989314 2.1682642703392156
1.0012196425487956 1.7017676529973416
1.0001128973063982 1.4081725804178244
1.000418969310422 0.8522591978760024
1.0011889056655192 0.8365217794353332
1.0000962904201658 2.9622093823308377
1.0013759177791943 1.411012485432893
1.000964305204571 2.291026663667835
1.0003905412041871 2.7448773702285196
1.0012751557892523 1.7553333849596087
1.0014908830218947 1.7731377778794837
1.000961366098146 1.751698857805122
1.0001763445306837 1.5753216257492428
1.0000510696662241 1.9690766075408277
1.0000038062478773 3.052095035986612
1.0001861277705615 1.603515742960757
1.0003275061731016 1.2050577295718201
1.0000000241189548 1.6550767742126737
