156124.25874827817 0.7809944935293824
1.9639338700533888 0.8575979946449201
2.214251101239072 1.13612891204801
2.4835009715958325 1.456657227165896
2.676216219382964 1.7458040335952754
2.678762505433629 1.7263997287924746
349520.1871761935 1.7944492876322355
1.9058370476072382 0.8177684620924839
2.242625695085349 1.0928650939521607
2.7721785376646384 1.643508617939025
3.0900324927659453 2.0423803876427034
3.2290228839346096 2.1259540563246655
3.2252587398471335 2.1651187187835905
2.2440570410199596 1.2146125157632874
2.494817893204615 1.4738082403198967
2.8089358293907276 1.8139764517405692
3.0425040416282574 2.058982069706874
3.147121975722463 2.171711717841125
2.5052678892304288 1.5135998899238157
2.6661337752807963 1.6727787780919297
2.8371174618028805 1.878924476004956
2.9578603024346872 1.9927691343768412
2.6537836260159517 1.6558606519723327
2.7497959089309387 1.7839257612411923
2.823361919036362 1.8640590615652428
2.7392043692367563 1.7802576473757772
2.748815448810478 1.7871219947249601
349471.28093839076 1.7645531724976335
2.5786352100406673 1.1638885302657238
2.1865027177316074 0.8019500410705065
2.0371238679834915 0.9275077591196312
2.282423210283353 1.2695909828962153
2.40859700985012 1.4395382639803707
2.4689467831829877 1.5103044342020395
2.1221558676074253 0.9254597435630578
2.1701350549593905 0.9802532433130957
2.4477114675697194 1.3827392307926663
2.709773932109209 1.7372378788281493
2.754577409326355 1.7466832643049208
2.228953715307646 1.1484029631606494
2.381517697572669 1.3747817946592524
2.6304092564972503 1.6426375458685467
2.768519208191807 1.8210670175591654
2.493858600021667 1.5315974552472666
2.5418769901502767 1.5622069768492834
2.66538223557803 1.6870837584326717
2.5659946843708785 1.6005210209661935
2.603395992204137 1.6325285316209164
2.619995456294058 1.6704407414264533
2.560502927256839 1.4086384292169583
2.2418175354200556 1.0767234122233371
1.9829953963516607 0.9902669170793236
2.130096877264043 1.1784611348330463
2.238056185685758 1.2640240504663
2.343243244879936 0.9942310010011342
2.0663066044407588 1.0264462484999677
2.221167457411905 1.1800347617612026
2.354627937752233 1.3361293696703236
2.2264084533939084 1.2334797834108084
2.2784356533885504 1.272832427815834
2.402886186827527 1.4615693728858252
2.3468565880218653 1.372430041117359
2.4139310330813752 1.4293144213955773
2.458291814916097 1.4796484694887793
2.1762527804534533 1.1201518627095313
1.9354840378677098 0.9330510461438375
1.9213344068431213 0.9128669523580359
1.997527340572022 1.0077681162594232
1.9845363093844082 0.9963586855511473
1.9851426649582313 1.001467244803809
2.076618694250339 1.101718929608425
2.110942230469608 1.1222719533407164
2.176323154870418 1.2135465661151876
2.2516285922469184 1.2785834676831755
1.92131128388515 0.8693105265343931
1.775050228548693 0.787144863836838
1.8338342013926594 0.8470245731468956
1.9084138103333603 0.918106388047587
1.941556034181858 0.965117132065972
2.053323981964414 1.0711164289260504
1.7973896690087634 0.817162809546586
1.7851679916759358 0.8038257798807669
1.8698195951247754 0.8223488910399889
158841.50677575983 0.8012655654974047
2.537824213487255 1.2776627926666257
2.3083112050366097 1.1675400342910387
2.512117127712604 1.4368104655829197
3.0837089237171043 2.126655164201452
3.3532998619566787 2.405984575547749
3.4449025349020923 2.487426920341788
2.2254719228685955 1.170480103075239
2.4318770281983473 1.2846040652268211
3.15332626198849 2.113467039078273
3.583422008946356 2.58186252438439
3.7041834131015383 2.6968580798524133
2.7163742221161877 1.5981375354983796
3.1131045867812763 2.050109750074225
3.5337644724110477 2.579542393938921
3.7685506354726166 2.8430805271816912
3.2585508452900656 2.2649241540053997
3.4821680542449878 2.5313044521652834
3.628111952971602 2.667513960355163
3.5188041522855125 2.5636448520764166
3.5937490902142515 2.6364937785461597
3.55351625917764 2.4189161259422765
2.3836141889593327 1.2935419307256222
2.246163711748717 1.090592069060866
2.4608116915917737 1.4154052654080513
2.8419873144809644 1.7717605017405913
2.948376309479168 1.8875049041646252
2.07233378788195 1.008879878490501
2.436385842402858 1.3362348430639122
2.9980556917381516 1.9476737554036445
3.180208467833775 2.121779330846526
2.6522160247721973 1.5715079817036406
2.9984739380077747 1.9795589360491517
3.230654623448146 2.2362124699737116
3.059465535183157 1.979666389588783
3.1556728947392383 2.107228556492921
3.1267948351233987 1.9553058933991743
2.218949558907782 1.158368713552596
2.1867482997949526 1.1917747055148378
2.353298512199151 1.3770420030565136
2.5573437698332184 1.5547263994947076
2.1284153359892883 1.0969799341044064
2.4378945464839807 1.388866785619081
2.6994476408765085 1.7026942138922059
2.587195008536738 1.5732859860063808
2.709389665814241 1.7022357690145247
2.773026319089576 1.7233967293290298
2.102423869043511 1.1046579043609763
2.075137940612093 1.0917678400518733
2.2500250009006244 1.2731555497470048
2.2214425526099193 1.211480800203319
2.3286321841927062 1.3270080724539357
2.4394137568492837 1.4401507196542953
2.075358971135171 1.1087216752945102
2.0691343092303556 1.086798329076729
2.1916437668074362 1.1653000411645746
1.9916584387389302 0.9942120135404153
2.7368689881106825 1.7205231106218815
2.6441247697859005 1.620177514311639
2.699234569689981 1.7052898146386741
3.0654726656548372 2.1219451040944346
3.2054866720873454 2.237321056369456
2.4722936984198682 1.4639958142787557
2.7213719030300285 1.6748813416203998
3.148546750526462 2.1592008317241946
3.348274511327079 2.396044230504588
2.9245707557086282 1.8856492046993312
3.2069983377304325 2.206808602185462
3.373839546009035 2.415148788386998
3.3025381375062506 2.329408279411211
3.3862279315159425 2.4210384850418394
3.4361404362965393 2.4880548649730017
2.6569603885726383 1.6502129468818052
2.6288758742214657 1.6521830411521616
2.790265656435978 1.8170521634586385
2.9877817797786035 2.036803763834138
2.5364777083139867 1.4825685154957673
2.8754134383516496 1.8898800725448621
3.088468238565564 2.0977658065200813
3.0306060002946125 2.036908509971718
3.1510255803054803 2.1798257343136878
3.230502897321779 2.258526242934996
2.486627575180588 1.4659811785751078
2.476849673085188 1.4953445901240936
2.6469584515905558 1.6582367259144617
2.6377219221061585 1.6368892904005214
2.7493858769847477 1.7694124968206668
2.875403060532129 1.8875773113454386
2.351480876535745 1.3542382760065417
2.3850791488040337 1.4108871068743492
2.511594008493453 1.520148552497787
2.257016345956503 1.2770529968563893
2.760591064847082 1.7461951279850847
2.729830815947216 1.742042345975357
2.8593137532923345 1.860199206153685
2.9917277014820196 2.00568630528176
2.7080672194136843 1.687875565958477
2.9611958442153568 1.930252636844493
3.0758033087685224 2.095670070338116
3.06728456865695 2.0779835780039058
3.163623292159123 2.19721889998313
3.2539895753479158 2.253092070168278
2.745091046500118 1.7686777172259212
2.6997647145835137 1.7195587923469815
2.846210293805218 1.8702327260203322
2.8718658497103604 1.904341016857694
2.944830947903884 1.9210013210135495
3.0671215933896914 2.084473621997245
2.618760639872706 1.6273595527799314
2.6712473064798705 1.6839418326752498
2.782774117660117 1.801189492952785
2.5041015601150987 1.5112228399110357
2.7659582901094373 1.7654390824597996
2.7547359614638003 1.7558101683574185
2.8516330852432703 1.8743591779667577
2.8802031639008847 1.8946508431277094
2.9431816276575504 1.9605225694017
3.058137198332972 2.0632014739441185
2.745259937486705 1.7384937238152518
2.7719640875091494 1.7945198477226325
2.92745572305582 1.9114488380079313
2.6797504805427055 1.6911946799712068
2.7722392087982493 1.7672717493398626
2.7910710328822224 1.7919465860307522
2.894030625976354 1.905538236477569
2.767939439171644 1.782679971640927
353688.5683884078 1.777795637418679
