1.0002382408496493 1.4749316942932222
1.0142275609521145 0.9919616208285543
1.011771616411917 1.7884507739014952
1.0035673808035706 1.7321311348667705
1.0175637535100825 2.0946684475205966
1.0135327112893608 1.2121739800051832
5.14970584448682 1.613283805326863
1.00821727065681 0.6884700776902948
1.0095026053604779 1.2387761473943402
1.0269729498595561 1.7775661190504302
1.0483199495415192 2.567999211950345
1.0119374034136235 2.5870580211860235
1.0086980031464576 1.9895741345330427
1.0028197310371558 1.2260274763062142
1.0056772298252685 1.0918103248796123
1.0088846536161507 2.0640046587369105
1.0127362385548089 2.452261670121884
1.0014676952712234 1.7216964764768545
1.0010375310227007 1.7191623237473936
1.0169970527691556 1.2609414163917485
1.011561704776599 2.1878722807154034
1.0042391037591563 2.460441163418544
1.0052200423516726 1.4950282842238072
1.002586823686636 1.4682727021196118
1.0179317776897474 1.311842441442717
1.0024044799042962 2.1880178731424067
1.0050910846180237 2.225789508875061
28.219389497754765 1.2551836130223588
1.0049815328413516 1.7455044313603694
1.007322991553531 1.1938204582210243
1.0160753008268149 0.7091960031111465
1.0101802953225878 0.8503255814344908
1.0092475139028336 0.9333895381425701
1.0061562536186393 0.9836229796182362
1.0033109836688063 0.9475406302875433
1.0125975118312827 0.8661961367070403
1.0176645450472162 1.0833134366990367
1.0110661383978916 1.233671492181036
1.0433781802959354 1.326759271348409
1.010584314365326 0.921775000178027
1.0298673443172346 0.9843567684309705
1.024266806803646 1.1370937736139832
1.0095197282676422 1.2751076508422816
1.024521890432546 1.0114691331591668
1.0131686028019284 1.054558063989389
1.021187199795582 1.151159283448521
1.0167256414152885 1.0543473407255959
1.0030003855004026 1.08656217372562
1.0011006500006905 1.094121865982314
1.0154782727931637 1.2071292571205907
1.0185825218874818 0.8269651618728918
1.0288883360863879 0.46515657131599414
1.032436461163932 0.6034388983021106
1.0475249424334816 0.735479043625765
1.0098310708131921 0.6210477408415263
1.0307016794864792 0.5895563551791676
1.080983663118831 0.7160848378949867
1.011794205747974 0.8652821107801416
1.018613998889975 0.7118871061158809
1.0228737612312808 0.764957174069272
1.0094457020487213 0.8749302413405207
1.0122445687528714 0.843749017049065
1.0119004662650248 0.8738541528332574
1.0089009360110994 0.9243680227341199
1.0120743934304481 0.7156945532986556
1.0106691688283043 0.43251404791085923
1.011501683946119 0.3574764198640935
1.0158912816531807 0.46882636921551557
1.0143810380977096 0.42066973614879977
1.0424929862205465 0.458743513204872
1.026692679946087 0.5491700578145083
1.0150768067873677 0.5938262939230288
1.0109946719973406 0.6254027717340171
1.0071416248179292 0.7189734838210456
1.0079800285004208 0.39241725426253626
1.0111162632827773 0.24376365923985133
1.0168023571302702 0.3091197693559789
1.0283451446942822 0.3783451679129126
1.0068749623764646 0.39831715364937076
1.017968575346665 0.5136954352340268
1.0104627367472208 0.25035845575445437
1.0035255133980294 0.23618419187739664
1.006206009179955 0.3469317008384681
97.23242470698099 0.21985252625650611
1.0047676145683933 1.2195767162281812
1.01386727200851 0.974573441313542
1.0320810767513207 1.0209783915247854
1.0097027326691155 1.5946747506359351
1.018797504777203 1.8910339008462889
1.0066457026425415 1.986453473017665
1.0049584285000541 0.7188719984079923
1.0073242744557647 0.986925797169351
1.0265615950894982 1.7114124402826254
1.031000797321259 2.1648280935785853
1.0313993574034659 2.331250986850923
1.0132807088143991 1.2257246702232074
1.0107395956624206 1.6168173873910265
1.0259638697293074 2.058705518205598
1.0234287013284897 2.2743364282429956
1.0292462850965833 1.7573598583603278
1.0416647791068563 1.9850839512499878
1.0213004180624718 2.147219115347472
1.004398521883533 2.0185568226721817
1.0525568654199098 2.087508806145627
1.003909603543918 2.0934818095784773
1.009244284981172 0.967910960812
1.0153971622038034 0.8142971762239912
1.0181248148234934 0.967269141672541
1.0220463124820525 1.4153406665746673
1.0164729632039755 1.5777746968888489
1.024861519851125 0.5820870205784813
1.0150634149430962 0.9749350699462277
1.0636757110941761 1.5431637901930162
1.0719311046023763 1.8101175853916631
1.020423427873009 1.2014259797705806
1.029786554750569 1.5337862498409103
1.03330446778028 1.7718754648844923
1.023545933250993 1.6184246483655453
1.0221404594651133 1.7211454670992197
1.006857160081503 1.750864486959324
1.0068165302469378 0.7214481768853569
1.0350230053475034 0.6484646490260717
1.015272173574406 0.8589004192475163
1.0118456331337398 1.0716806067800384
1.0330902479906674 0.6080160829334207
1.07702372117931 0.9567005405451281
1.0284879113876797 1.172998129638612
1.0136988580905124 1.1037572457459166
1.0226925946976226 1.2240096079991607
1.0295276735581937 1.3060129541245966
1.0131271437711078 0.5859057966718908
1.0089206377162132 0.5555082469487357
1.0123261380429351 0.7182111650752452
1.0158419693048952 0.7109186883302437
1.040089745555283 0.8115920704398489
1.009777511941622 0.9448768753369451
1.0044620630524033 0.5068413114363952
1.0142483198353927 0.5308063384538221
1.0071899178447685 0.6571512916179809
1.0103537096225137 0.45432779819186964
1.0057662491300259 1.218718037917303
1.00664218280115 1.1315750132530915
1.0086124832420549 1.1656769665590359
1.0137595094439815 1.5500137991013272
1.0154289951251723 1.714731038754945
1.0094111428473818 0.9227432750248675
1.0313327440640203 1.2026512956176225
1.057046860148427 1.643899539550267
1.0152952871747327 1.866746979979879
1.0196788517056208 1.4166851506203761
1.0185305956924688 1.6837889580058913
1.0347955858479403 1.8776922349102736
1.0136878105586515 1.7871512889266306
1.0063314857584673 1.8743540915244827
1.0061695470560779 1.9254069342269045
1.0115664914566607 1.1300362097836079
1.0122045170362124 1.0596001112550653
1.0293795878379457 1.2694773073408019
1.0069954177376192 1.484548373799917
1.0757000353081079 1.0090467677890582
1.0105812629333804 1.3549810130880484
1.0109360298753898 1.5896597932657386
1.0386831563882115 1.5083798257222085
1.0229006258180406 1.6394471034245546
1.0033810998965162 1.724693512012295
1.0105762588484941 0.9682765357204369
1.0181139989546537 0.9331110612916708
1.0201495116105552 1.120212384142347
1.0262313503773484 1.100716277436315
1.034460546063213 1.2221153949996548
1.014742418123697 1.3597541074417192
1.035346481425152 0.8256200306565503
1.0061157361194037 0.8590793910402668
1.0140438658555517 0.998271547828789
1.0248493530431884 0.7186855900033585
1.0053617835566104 1.2196937962390675
1.0082415743792406 1.1775997973423433
1.0128845039323755 1.3010623725053507
1.0011950102100646 1.4700005666182328
1.016753282873808 1.1688821020396398
1.0413505155162748 1.388117426670986
1.0302027226283157 1.553298797109567
1.0207158372527156 1.536535449191183
1.0247098117899578 1.6221881785847003
1.0067522010650547 1.7189905802580265
1.0174887596959672 1.177014983214913
1.0166061843779428 1.1455928075082782
1.005555812603027 1.307502676344516
1.0176013185944095 1.3005758188853065
1.0289992877094873 1.4054885694258972
1.0352084980121443 1.5381569468308443
1.0242509167124236 1.0764127882983658
1.0048412042236408 1.1092076371043544
1.0222686217049437 1.2488736847000463
1.0099474049071206 0.9687356294573821
1.00677682622799 1.2197242497654592
1.0113581705410764 1.1992287054361455
1.021530529468161 1.3082433967521117
1.0140819374681878 1.33196137504169
1.0038884048523866 1.3983432678402017
1.001818746956646 1.5150931490815442
1.0033676067535933 1.1950850536142834
1.0107248686088637 1.2186150982382347
1.0077504502572645 1.3470171714407544
1.0118995915895261 1.1318283322141487
1.011737591118031 1.219676164746988
1.0033071353265286 1.2356929769648621
1.0046012165401204 1.3451891539159266
1.0039358206356006 1.2039488698394005
72.1578821395254 1.219791722929829
