1.025801468514158 1.9775967968970634
1.0002548753865486 2.347052443739906
1.0004359367479874 2.733436617096677
1.0000815676715626 2.699850923480833
1.0015899895584097 2.6868769018425356
1.0020009782614208 2.698623087816678
1.0003397993313474 3.115814283410688
1.0001157093044073 1.8878117341204166
1.0014792155683037 2.475128035844346
1.0011165918937255 1.743852606220552
1.0082464386949628 2.4771442837091024
1.0054050103329346 2.502851879808126
1.00071432021268 2.7966188650127437
1.000237474238554 1.7883195489910193
1.000364759301881 2.6949146953759198
1.0016569889949718 2.7245460545203324
1.005146222518054 2.720736518213495
1.000124903976364 2.719132331713415
1.0009548647942732 1.944916555095469
1.0007302101111943 2.6477279373434346
1.0009201934091534 2.5306681249749987
1.0014894069367384 2.7242294318506977
1.0017880131020458 1.893824477973309
1.0007403860792785 2.702133359960923
1.0000389307943878 2.1461623902404336
1.0001637975817792 1.6263718285960533
1.000234962953575 2.54370973918223
1.000014360561317 1.990167091580537
1.0001231304601714 2.2013684997948135
1.001301792739603 2.5642898640743876
1.0009980296116479 1.8628936906958735
1.0037605487810715 1.8502389603559275
1.0033218820875796 2.5572205687176144
1.0002791433534548 1.9623413936489045
1.0075871251548463 1.8741405017599462
1.0028218873970212 2.713983590444733
1.0017928626182122 2.7234672068574484
1.004119663583562 2.7256164563113776
1.001076883784096 2.7267360865309427
1.0026333385033084 1.9491806271823575
1.0091931680147295 2.7088897771310902
1.0008116679554184 2.7144828224847615
1.000471612811519 2.7248339913857995
1.0049958900553735 1.992561529810649
1.0080483521407797 2.7035485817436156
1.0023598780150047 2.7156076210755176
1.0020668976120637 1.7560364806521447
1.0022928461257685 2.7011962740109583
1.0001053126558466 1.9682766766986335
1.000097073278425 2.581807633151131
1.0002292875388528 2.490087874522606
1.0010613833339614 2.538241189096395
1.0043640410892023 2.505294746598575
1.0005994084668306 1.7740792953023887
1.0001158028195778 1.8863950085292094
1.0038085171901516 2.7224119988118844
1.004051448837529 2.7099433247595677
1.0020871311986155 2.717222810603311
1.004458893466776 1.9635417629229097
1.0033156325069035 2.7011704317967222
1.0019499201520408 2.712971357512343
1.002097617365818 1.9748825369458611
1.0038041057871123 2.698662873392151
1.0007777368619546 1.8792471316523585
1.0009970627790976 1.8402608284635957
1.0021289959975206 1.8327670076170939
1.001131047597421 2.5085081980834354
1.0001622150568872 1.9086060587588305
1.0014042636163696 1.9356928441551275
1.0053983045562864 2.6974064030343663
1.0007930746574432 2.7027061780615687
1.0010072977343483 2.4563415181055586
1.000556756309749 2.6937739422411138
1.0000568367721272 1.8780609164902646
1.0015662407493517 1.872670525590409
1.000257043792509 2.5739743405429074
1.0003003902663254 2.52876822485115
1.0018931081756377 1.8243217474281317
1.0011862849304445 2.6829948172269216
1.0001519894628241 1.9037559032981362
1.00084441248865 2.3367855771725465
1.000246875918453 1.8140400280230895
1.0005646562855652 1.8097171135353056
1.0001904377035702 1.0958438905520265
1.000123195825404 1.3813919613987875
1.0013060101529012 1.6259858601005346
1.000809778018417 2.1492596403259787
1.003256882113357 1.6451189844353984
1.002851137805714 1.6070980439574696
1.0007143627930153 2.313836248422742
1.0004749462039917 0.8328002359230012
1.001678318522522 2.5069513692082683
1.0020812026259558 2.549169007516128
1.0040403210134032 2.2857102523545927
1.0003744841959565 3.0158794049787163
1.0005218749142861 0.9578079039897585
1.0031203360944365 2.4688511009978984
1.0011493048641307 2.5033381491527775
1.0004686638407452 3.665138527451636
1.0004193040251173 0.950899901898268
1.0024779055500388 2.4840340969877204
1.0009582807945032 3.1369830696649386
1.0005791667297737 1.491459566206272
1.0022822903531263 2.8754598251305428
1.0001053557841555 2.1033865899661572
1.0004881078078893 2.3675604235936607
1.0033475695169563 2.5188096246501965
1.0052647604296785 2.5958706552779844
1.0013824765763097 1.8225932500528441
1.0002735871649242 1.8160007645061662
1.003213011688812 2.4266994841437555
1.077077569211137 2.692208645184713
1.0076162022561044 2.70402084387299
1.0056115936799057 2.7067422355612147
1.010429613679185 1.7436359788320188
1.0113365576761646 2.6934434340271887
1.0009441676881323 2.7036728614761985
1.0011485327362786 1.8015058157399921
1.025008981672363 2.688467777228993
1.0006991508204575 1.786086997789775
1.0012079559675517 1.7899166419940507
1.0044618818276319 2.610053627354289
1.0012708161318844 1.8474444375186052
1.0011330860067256 1.8640566388961033
1.0019891341238027 1.7945902384660664
1.0080127018383758 2.6902970519571037
1.0021480857742633 2.7147472235285894
1.0047789068178994 1.7895623872133963
1.0015803177772309 2.6929193807952267
1.0002011256755188 1.7559088133434428
1.0021451451715835 2.424902167664066
1.003577852768586 2.6178576913510545
1.001016103127707 2.521380846585025
1.0025452968551338 1.803745065377822
1.0018373440418342 2.684317307106146
1.0022941066213755 1.7347642159934913
1.004754580278946 2.31440611651478
1.0010515751725955 1.8059329938617363
1.0005453348921456 1.7546255154092099
1.0004043933730544 0.9162282743275539
1.000088839162008 1.4483480720949249
1.0001415979179715 1.504574753422345
1.0003431932330196 1.2895763275536893
1.003571886992057 1.601710341480465
1.0001172003991403 2.369162426145195
1.0001106653938687 1.4654822850086666
1.0040759648475839 1.7221990109400154
1.0038052378229763 2.4339873046773914
1.0004126158799698 3.5940453174830456
1.0026740937841345 0.9291256548687984
1.002043990116168 1.758238200238305
1.0019264523074498 2.9745317655412435
1.0008178253667053 1.452080502351963
1.001536708062995 3.647109625296954
1.0007768761027844 2.1296857775401756
1.001369385054258 2.334105566241852
1.008938534643081 1.825909466272285
1.0018975137879118 1.737911303735342
1.0006429599394597 2.490873864654785
1.0019433273933396 1.7555379929949493
1.0112839461038117 2.673743667931619
1.004870992798179 2.685650079702338
1.0035733888909701 1.8734510545854408
1.00350163891127 2.675164916243689
1.000027390590973 1.7561093182046459
1.0016788673220993 1.80986845335015
1.0021947525859152 1.9618958450624162
1.0006704786827807 2.574891797446755
1.0019620487290184 1.8748760602796088
1.002569873170199 2.679021334810595
1.0001808274724873 1.7299059148575404
1.003435236115088 2.364341239745178
1.0016733960245252 1.9594005616642507
1.0022699451643473 2.4060103773583235
1.0003353070513228 1.0019618872204872
1.0000983597032242 2.03352607709691
1.0020516971251445 1.6851335033830506
1.0009160760562787 1.6921326238792889
1.0001621083300727 2.182678871001648
1.0013728273771438 1.547476244229751
1.0009385094797456 2.3623974973628594
1.0006324485797629 3.0433504016058692
1.0006846966431822 0.8872127823237201
1.0005550821098608 2.387434560835862
1.0000564581190017 2.193460464687981
1.0025479356619669 2.349804829127943
1.0084646586458788 1.80051271402786
1.0012209229917435 1.9279983089275659
1.0017423560007914 1.881205530137285
1.0009045264970498 2.6582176955073917
1.0007616723596466 1.9197397578943243
1.0015390213251296 2.240260217200549
1.0014355508138224 2.514056989405502
1.000475836084713 1.7016492384617181
1.0001841567824805 1.0822936190015524
1.0001085713213935 1.2611209001631534
1.000250596163275 2.239948307172369
1.00000687961944 2.796881059889162
1.0009532458604047 1.0440330528119173
1.0004133034910119 2.768033313018804
1.000032636245421 1.8442770026716988
1.0024569363339486 2.2680830613678893
1.001872093068439 1.852338992903891
1.0005989860989475 1.7679847527660755
1.0000378047817038 1.676777396867163
1.0004495098574355 2.2304081034378163
1.0002466803796524 2.029632358708051
1.0005631876306842 2.222007982320248
1.0001664043951364 1.8015802932136253
0.9999999074961528 1.8874864135518252
