1.015566880161064 1.1819777077125602
1.003533466568405 2.72391447065954
1.0008803597795932 2.712796671955463
1.00037994533652 1.7757694916980058
1.000170353799234 1.8783160636253702
1.0001047987286995 1.9238129836522924
1.1198252084427087 2.706192063056035
1.0041201170920384 1.7541305542564078
1.010403327203386 2.7231924534950886
1.0033818965365073 2.386845635929202
1.0014779729690608 2.4947936605413914
1.0018214719898073 2.7552587364454126
1.0025048978949938 2.819335885079728
1.001048487794208 1.765546178933684
1.0060710041775112 2.713699941995721
1.004021205231524 1.755575719112405
1.009543495339027 2.469214834675818
1.0004659536224338 2.8182183031219403
1.0000343509232432 1.863310985650549
1.005240042603035 2.666642341083835
1.0012425548897956 2.5470892279906767
1.0001808578507978 2.69893173375932
1.0001536100158324 1.7254381148079685
1.0012676500426756 2.6851713644180393
1.000529027091387 2.76147437115677
1.0031184800553044 1.2421088886617415
1.0026598323363252 2.670056450021258
1.0003016865617582 1.7820788854673293
1.0071044452358635 2.1484833671069135
1.0040317352439823 2.3737512283355846
1.0032844210540042 2.2130136694039115
1.0016975236058565 2.4632882666286555
1.002094047177873 1.8601301048192633
1.002065498539 2.172676424512109
1.0039216599039014 2.5631672305464144
1.0346379160176404 2.7125875845099343
1.0056779977375967 2.721536041330398
1.0019948786851598 2.72512455998605
1.0022186475599595 2.7260867664364867
1.0053124037120633 2.2237253121473044
1.0076821694545104 2.7055335359679566
1.0040564793426492 2.718916719633745
1.0062594490342012 2.725608989427795
1.0025886667568495 1.7410627262141913
1.0036144193384777 2.702002543707967
1.001124072380166 2.7149746585523316
1.0014973321249192 1.8856803528954738
1.0028015459674902 2.6988061285450327
1.0003008025964428 1.7890412547247563
1.0001155167576363 2.439078192956472
1.0006393978116659 2.208621154095601
1.0050259350328234 2.534733974029425
1.0061454577701157 1.7367492919064194
1.0026992665039778 2.113253020847341
1.0005458475589246 2.229189736482403
1.0080939448804078 2.6994363663211387
1.0113721125285684 2.708301572002818
1.0019839882697272 2.7221885830041743
1.0077828734237864 1.7697850118325091
1.0038731590990457 2.7006769042253187
1.0020744034622944 2.7118735956818667
1.001108901685257 2.132578334210823
1.0003854627145239 2.699291891193774
1.0000173264956165 1.8749554053942359
1.0000177619550057 2.672002597115357
1.0064711712728298 2.060561848377259
1.0006666681507197 1.824968090274485
1.0000106975015455 2.5629910275559853
1.0036342370257514 1.8239741192883405
1.0042174259390466 2.6896460221060767
1.0014316804979377 2.7006116286899453
1.0134423505341346 1.789543748458082
1.001065515104866 2.6938631399757913
1.0000930958034868 1.8239470044662118
1.001983540936502 2.4935543144452716
1.0016274128293958 1.7874621109660418
1.0000592352992304 1.714222440058482
1.0049899344088915 1.9693870927256893
1.0012704358495281 2.6814952410004653
1.0009825772825123 2.239005783779977
1.001105417584906 2.0403348243700474
1.0004310713155102 1.8819795692247057
1.000770260420446 1.7836966451153617
1.0002126140317824 1.1295521679124088
1.0013763718174302 1.0350505236244283
1.007096624461467 1.9887108417172612
1.00076010070223 1.8827362158629022
1.0007223485698058 2.1883763243420313
1.0017685660031932 0.7967245346668926
1.0016405814556 1.5193315465573294
1.00374552509296 1.6286160281416768
1.017735402782591 2.5457700334189193
1.006446932023523 1.7702184940225723
1.0019961706792173 2.3768207664443675
1.0010439685450894 2.322597275824003
1.0034231380724201 1.699484197143744
1.0051197572798116 2.2187414164549515
1.0118410165295473 1.8322173621274969
1.0009904119801631 2.494331771275001
1.000902887108176 1.3782964607110249
1.0024603543504509 2.393241589570115
1.0011979912213649 3.2924234077303938
1.0007813523964284 1.5187318373502918
1.002481401366777 2.528734922779205
1.0003028887938008 1.2642033978420883
1.0036656967888569 1.7883856627670967
1.0158825243243557 2.4429378277202956
1.0047717153419282 1.7216898175077713
1.0026585241673482 2.3783972388015977
1.0002038953377348 2.323914521099593
1.0044391933208288 2.24320896981746
1.0172157210296768 2.6916451315723555
1.0116721968788829 2.703967474736321
1.0038575591380972 2.710496595913346
1.0188228782014426 2.468240851139664
1.0265313145225505 2.692455972528898
1.002709169928955 2.7053087889541363
1.0024574689961414 1.7796766020426915
1.0038801465536389 2.68812768887208
1.0003065227860848 1.741366498932154
1.0022714404488882 2.567351286743162
1.0048270810301663 2.5607211677500628
1.0020703264925792 1.8276642245617085
1.0010022559723384 2.425176949973803
1.0010951832571817 1.873987345247102
1.0075847172215728 2.6933514850548725
1.0027090269129686 2.7012406539372686
1.0019031279430943 1.793681176699954
1.0049744980557358 2.692256172652053
1.0013599414539083 2.3281621290282906
1.001985541103461 2.5468002782504953
1.0067676195501734 2.2664622218944874
1.0018595813590825 1.7357200526998642
1.0097876165667117 2.239284872593158
1.0089308601385976 2.6918139777207815
1.0022483694374063 2.2338429694207154
1.0048671151494009 1.925164277246969
1.0040869435426285 1.7886510192819216
1.0013311718962976 1.725280645255534
1.0008079436877197 1.0053261081415645
1.0000710032906062 1.5917218896620124
1.0017560101008964 1.5168852077782866
1.0009778382726233 0.9313361226627812
1.005464055649533 1.3917497590336794
1.001272037989327 2.0704822022520135
1.0004499857598845 1.703484527466662
1.0066562400633514 2.2031007508979785
1.003288574792827 1.7898078660293448
1.0018351735428945 2.8526651279169615
1.0057168725182206 1.6969287523160674
1.0045760728254658 1.8642221339651255
1.002004900942725 2.995128494990519
1.0011087694820544 1.8393708243065963
1.0003854410516364 2.9737968834185473
1.0000100014568245 1.3769341507227504
1.0015071443298886 2.1552097009317164
1.0021594125632785 1.7081597037280243
1.002108975893879 2.1844132640346046
1.0064632442171146 2.4482833055304924
1.0011159426259413 1.7663271338775632
1.0144429924531502 2.6730842761932503
1.002528847446545 2.686694295295498
1.0030599602044175 1.731285852392082
1.0023303777841317 2.67594464960508
1.0017412405185226 1.8557326971672496
1.0001943000498945 2.260978925606812
1.0050808825304762 2.152135238805152
1.0015426487316406 2.0123575455638223
1.0060768749410294 1.9634086720370865
1.0053270374970142 2.678137675535173
1.0061413843812108 2.2407200229322566
1.0047077769709991 1.7449791773096845
1.0023937719946385 2.311181344687851
1.0049247209886172 1.964376372477586
1.000095166963182 1.4838363187744312
1.000015314409452 1.5252917096393181
1.001534463743117 1.9909541983632781
1.0006636101005268 0.8905035379589463
1.000006769269769 2.7824024076458107
1.0006538717502318 1.190602798164875
1.0036959414164017 2.3542104982902234
1.0006420810415408 3.316992989845894
1.0099349687477837 1.9661627742652679
1.0006199805841853 3.4267831238312243
1.0000149650671262 2.0477599636403037
1.0020766945878905 2.0239194853142837
1.00599410896943 2.2255211647861386
1.0024161889053602 2.611042043686396
1.0115131409664675 1.7264372910405612
1.004887448964439 2.657499191704174
1.0028531903110836 1.7171284007626064
1.0042925154034439 2.0637320395589707
1.0011643325507942 1.6876183990853946
1.000916128160927 1.8655483000338238
1.0000139989627554 1.351329227585584
1.001345314173561 1.7202847536015642
1.0012869759511416 1.4186034923927928
1.0000214522653523 2.3496618747706446
1.0015549260456031 0.9317581109583852
1.0012616436738253 2.5747532507715594
1.0006082396421676 2.383472885940855
1.0021647832996035 1.7808775374750287
1.0012600150284907 1.819305054871537
1.00149556555535 1.6925422536595125
1.0002076247622804 1.4369592556017796
1.0000075278079374 1.805769603967705
1.0004333924709325 2.489592739996466
1.0002792824093252 3.0110348969502483
1.0008182993260804 1.2407862883440794
1.0000000000000002 1.4039772255375496
