1.6382545950780236 1.086737958487257
1.0021596114576221 0.48926956414676565
1.0023340936870557 1.37450041772638
1.0011371478094981 2.575853744033697
1.0069911618282836 2.309724587990186
1.006096083689125 2.3989515343839773
1.6739935235269017 1.4662989724372761
1.001065329222445 0.46682088468300076
1.0041183220105314 1.4159483512081326
1.0053180165043927 1.7889014783943777
1.0069459051464724 1.8526387956198709
1.0033951132931502 2.639910440194588
1.000695619702965 2.983902045629508
1.0012999813846013 0.9576745098602009
1.0119138452364729 1.607109961662739
1.008117494426368 1.4428833859264945
1.0091727387463603 2.3081512797687336
1.0038789620603492 1.910499711778369
1.0044441030301594 1.7206032879573927
1.0032671514129083 2.0035839915197626
1.0055672497309038 2.2984062522125805
1.0018264871300984 2.4697743264250698
1.006597397299356 2.0017020894249216
1.0039267920383443 2.1965421420051423
1.0050727111160507 2.2878684459378706
1.000613596103753 2.187396636062267
1.0014084508614685 1.4434512331615237
40.65398155866644 2.2183075994439103
1.001987062188983 1.7488927407186083
1.0046831011507595 1.1954464715667315
1.0046297455305906 0.7154959471662684
1.0099927219387341 0.8535412556294583
1.0050875508804606 0.9297885666811762
1.0022336691544151 0.9848596041162148
1.00705539335132 0.9471359846947679
1.006391834502182 0.8710847896511197
1.0221512765106433 1.0917567900993284
1.001916971565243 1.2378007712676338
1.0054652400083408 1.3360937614381085
1.013563245583492 0.9270695515475356
1.008229559230816 0.9948354096028404
1.010237041282383 1.1395559310198085
1.0078093073752168 1.2735502697356973
1.0121294713035693 1.0144778145055118
1.0057663722772703 1.0513142365624109
1.0075971001832573 1.143277445150063
1.006503342416646 1.0589413407901924
1.0075553536049682 1.0874120836862522
1.0013684559247709 1.0945927425687934
1.001131787416734 1.2128190776685335
1.005621011663177 0.8313816573838326
1.0024390605670364 0.4696002906985889
1.0072030138242072 0.6121177225689443
1.0025774687827504 0.7162935565894242
1.0115277654872306 0.6219314236379617
1.007115744035695 0.5872867512019253
1.0091725881509448 0.7301556933682503
1.004091556040637 0.8662380605286264
1.0034219126839028 0.7196708834342945
1.008274512917161 0.7672328823136584
1.0068161842561878 0.8742522142580738
1.0139959857169922 0.8451822634872816
1.0012440724909017 0.8751741091081938
1.0027916292266355 0.9250088756919959
1.0128692650499098 0.7223591259768939
1.0047144356359128 0.4346430883812909
1.008852851887238 0.36012340572876944
1.0008144598927835 0.46971818432358037
1.005542517824624 0.4239707850692642
1.0031876475411952 0.46220133735263047
1.0080003226534087 0.5542466897590852
1.002454402705425 0.5935872207404873
1.0048376469919056 0.624267320541507
0.9998278290234487 0.7196753229894411
1.0035268003658573 0.39302420796546533
1.0097389848565317 0.24356102892576253
1.0043095815309981 0.3073044763626826
1.002921177614125 0.3752037499127986
1.0050223939181693 0.39902685896611717
1.0019748162591304 0.5151416385187672
1.0062332293837635 0.25161699829940215
1.0007297914466273 0.23542844156503087
1.0033186998561345 0.34583651928372683
51.5528376918179 0.21974137927517123
1.005231149013357 1.2194940937700491
1.003790704367927 0.9712945727852788
1.0046123640412177 1.0136800623481694
1.004348397187001 1.5947582813097951
1.003848674110883 1.8859953962388256
1.001935160760705 1.984143390031128
1.0079186050050368 0.7186092939477664
1.0097752208320057 0.9876890907403191
1.00490700634208 1.7088360407782104
1.0096332761576026 2.169197832143689
1.0094694083166813 2.33067817537764
1.0127116239849874 1.2265884907306543
1.0153581846603197 1.6200729009667685
1.0085725331240731 2.0559196284633305
1.0052932562289774 2.2735462217588767
1.0140071224582923 1.7600095127519106
1.0021917427517841 1.9828086846072115
1.0122900820739424 2.1449259123569835
1.0046760273939257 2.017407142729463
1.0067407680368605 2.086382555901496
1.0051584639736255 2.0945118298593197
1.0133474529121225 0.9695783791535433
1.010118038647921 0.8168680749071158
1.0103888972924941 0.9641077477178617
1.0094946728742364 1.4174417347822745
1.001640684376887 1.5842833997227723
1.006842650035714 0.5774258960991748
1.101087959410307 0.9432530479159472
1.0033417148211792 1.5539488654273041
1.0062281120599283 1.8035016651937767
1.0076096638444076 1.2001148350233302
1.0094718901806794 1.534749625689415
1.0057912927447445 1.7690378661287487
1.0077168096525122 1.6185402232789965
1.008141190081627 1.7243280184095355
1.016806646878804 1.7560469414540765
1.0045759296191554 0.7247358405635976
1.0114832409071886 0.6531811431991054
1.0031966809610913 0.8554677690096362
1.0219281997773906 1.076087321902829
1.0166383309397844 0.6172147781370422
1.0087204986509886 0.9454492014683543
1.0055754677411932 1.1806431271026616
1.0079641273156874 1.10342302332616
1.0137192957973604 1.230859017171568
1.0097968808889388 1.3184310744235828
1.02554811960359 0.5813747671508402
1.0244398936950383 0.5616580443468735
1.0287945344908542 0.716905156067033
1.0053355223170533 0.7119040956550691
1.021218448704119 0.8148812372377626
1.009590782923176 0.9492583698774685
1.0053835100696382 0.5065577673326818
1.012466531601046 0.5299293874625137
1.0035639226083084 0.6585489949299863
1.0010246728027148 0.45536784477342995
1.0044370822466695 1.2196632305540271
1.0092290086727598 1.1335291756579584
1.0024563410195124 1.162913229449368
1.012093162840862 1.5531203051560554
0.9998065719485525 1.7158382461319959
1.0038381573254078 0.9242570759759503
1.0084199984477262 1.2043652337846515
1.005107119232409 1.6467989883137193
1.003327621911331 1.865411337984705
1.0087823663860092 1.4108482527315904
1.0033975140515234 1.6828718577129824
1.0031227609375388 1.872991057341738
1.0040982277985768 1.7860372370709754
1.0054654816566762 1.874925659081956
1.0083417828055001 1.9251915396203807
1.0066969869854203 1.13189009349021
1.0230490952964129 1.05925177641006
1.0127037794836462 1.2653666367325256
1.0038539528618335 1.4825214678567655
1.0050248222772162 1.0202032222366568
1.0103336159863379 1.3557910881280104
1.0318417876919603 1.5846206541919121
1.0129933750190698 1.5152428468918038
1.0140054129001688 1.6385019743511844
1.0014093048748167 1.7248009314539923
1.0103321144276918 0.9704387504827681
1.0096305721160352 0.9343339463570358
1.0067589523044218 1.122075503571565
1.0075286759544404 1.1035869369751017
1.0335765316359038 1.2341249720926788
1.0045820319247827 1.3627356710310234
1.0021164932475783 0.828927646974966
1.0027984126864193 0.8585936552782751
1.0076303969851539 1.0008928843101657
1.0028240205242573 0.7229570882484644
1.0006679138518522 1.2195833867403212
1.0028353903771932 1.1780412671160208
1.0012380475427693 1.3006097763742517
1.0004764570563722 1.469008858913418
1.0052318220059198 1.1682132980886277
1.0138301771209048 1.395134134088548
1.0023350090283425 1.5531458269787606
1.0005622015030562 1.5345385423829925
1.0014322863422318 1.6227958437447565
1.0006897738283551 1.7192101138662021
1.0070932409043438 1.1781001303610323
1.0003392949584153 1.1463688665001843
1.0032757724095356 1.306684382821147
1.0122359790106923 1.30509123616239
1.0119039664826357 1.405644927960711
1.0022678183200693 1.5368300518429299
1.0095805236807855 1.0807519231094498
1.0122694692081122 1.1082484387775007
1.0025809151403162 1.2521545802019283
1.002733063294632 0.9698186494177012
0.9999259110842884 1.2196816356738887
1.0068512769468907 1.1989975090722336
1.0066940427387685 1.3060733128546276
1.0012711009641824 1.329486636058538
1.0041346148214036 1.3988545989801762
0.9987745108352138 1.5144635880332156
1.00108026420965 1.1952686502518273
1.006635024722144 1.2187532981891949
1.009427723574592 1.3459376193916832
1.0001659089810726 1.1329024502588356
1.0003484425592732 1.219557051058429
1.005939360085048 1.235763702915218
1.0156830055591586 1.347358211649331
1.0051243880769138 1.2038111826584703
168.35031129169604 1.2198397614438732
