160825.79971508816 0.824052611410559
1.8651044844568463 0.8557050058468427
2.1499075827806973 1.0508180213317837
2.4458691103104804 1.4144189532007645
2.627755450952657 1.6041869569985958
2.6696285092692698 1.6650381421533993
342751.9782971897 1.6964424901311035
1.8983173575867445 0.8306550682317808
2.297633934880614 1.1420344774692077
2.7526505573017075 1.70714450525115
3.0788770812622155 2.019007879875148
3.191347576294496 2.079960704337143
3.181197377800907 2.089145911004998
2.2383143756413544 1.1934865338655196
2.471114210813454 1.4863655851266424
2.8930375316270105 1.9131916542030787
3.057908538659869 2.0890652874183915
3.1489599839704856 2.1621584436731647
2.4902433193316393 1.4709502878043517
2.6670366988142256 1.6862151884512444
2.8536097961128117 1.8525311433192566
2.958221478852828 1.9929518921421452
2.6952151683048697 1.711656139792788
2.754093076570454 1.766704963298336
2.8205889025350075 1.7999443351500626
2.7320647539364735 1.775244565177429
2.7526658784619675 1.7809116959026268
344544.54444896337 1.7144821224890245
2.7505391173734837 1.5976229198395424
2.219465441085666 0.8592378333949062
2.0001087021064947 0.9044568402555556
2.203037439814574 1.1919928869438166
2.412872996842534 1.4750870037088695
2.439547274882395 1.467855491913789
2.116491057406673 0.8799943655388277
2.145477789916846 1.0276699644589158
2.3801508893744505 1.35347449550181
2.5855950442730724 1.591387898143994
2.6886741387761544 1.6577896061506199
2.21888884355702 1.0886633122576916
2.3401135976840552 1.3575897202231086
2.5528446867807535 1.6059985998851714
2.7052124674347926 1.7799541895692013
2.416310452852631 1.4146496134565338
2.5157372502673647 1.5715620160590917
2.6054538423312064 1.627090588738255
2.55379523712996 1.6209535879837462
2.5742477626904945 1.6111559506808018
2.587506055909946 1.5994174378908834
2.441689109449521 1.3721750473000565
2.147493770565333 1.140221599348288
1.8728179158710958 0.8975236298886224
2.0726149848888493 1.1919960721017149
2.168837960552926 1.2400670472448079
1.9988157140828016 0.9659849349452594
1.9865855499449183 1.0794591059169174
2.1359362410355214 1.2400527550969511
2.2419723287942035 1.341562049321059
2.1077949114403998 1.1438027648241609
2.1625056910186657 1.2227333641013507
2.2737990165242996 1.395836203367036
2.2539175434497825 1.27356482352915
2.337146652273166 1.4598919655175648
2.4143282851558054 1.5056507482083652
2.0406324680464207 1.0526377170303904
1.789721320283288 0.8772811057821709
1.7769644736494385 0.8950012927827692
1.8788685295012628 0.9976155454013951
1.8164973774514572 0.9455052162458791
1.8114519555613728 0.917397690022417
1.9033611257379448 0.984918481422477
2.0036301373812915 1.1476983710770314
1.999459867395359 1.1287541868800883
2.1108051015092064 1.2477027583799918
1.744419373492845 0.8841250531563742
1.6360387713822804 0.7948102206181684
1.6975716289766243 0.8503521360047088
1.7462723586236204 0.9228982926029172
1.7635915488153042 0.9343076452003223
1.8751844065515244 1.035531754874765
1.6233128459418322 0.7907850792640861
1.624454374023753 0.7978206948522139
1.6982728509822151 0.8652699062882608
130278.43843995561 0.7106229125737225
2.539023606852743 1.2068974960785117
2.4417811368956857 1.3297807375041788
2.4833393655268754 1.4227042398976686
3.0587542279981226 2.0668833747142576
3.346176179588532 2.3791684773421213
3.412656401555076 2.3304961166413607
2.201022739124292 1.0949955014692767
2.443186001660342 1.3870521438519012
3.1438244821033146 2.1049501663701533
3.588095093134247 2.5851517656540035
3.715685351796981 2.7582771672491693
2.6999243091657616 1.6481673820527647
3.10026953356395 2.0678296422163234
3.5298054835288313 2.5723400375343495
3.7184696595270936 2.7725195122275377
3.2744435794747035 2.2504479218497684
3.475586775176029 2.5238439939963966
3.6332236405313862 2.672192105702586
3.5137695678616447 2.5482927159552418
3.5821381695880365 2.6386660040857004
3.5862158802143993 2.6148882299170055
2.334519761638064 1.2751744946187453
2.260087342385967 1.2128389766804006
2.3929658937862475 1.4028142466936746
2.750687876988019 1.7401927392844994
2.8719196971770504 1.7501736103018402
2.0415739682290877 1.02700009715509
2.378990082598915 1.3366541998327484
2.87849022137251 1.9169605031753707
3.0797981848140843 2.0412495491052858
2.5785803010409536 1.5729573738439462
2.9046805357017274 1.9210433703832086
3.0870507251750654 2.0913864636920705
2.970401325488888 1.9153146874689373
3.091453510963598 2.0803223997673124
3.1057110580012237 2.131950678504217
2.1338000901667074 1.136333213923506
2.0384924685519055 1.0924668264967758
2.19078457788296 1.2346347553963022
2.4088565162207365 1.5016429600518775
2.02530746938723 1.0581789592178044
2.282040540949402 1.3949475918833623
2.4915493469959995 1.6275630143695912
2.4345190083066313 1.5360398782255418
2.5429107450997597 1.6587593643782261
2.6446033076095468 1.7452189758003147
1.9409742285700498 1.0554185215455993
1.922064461927969 1.0563440153611263
2.0406639827895043 1.141851722661481
2.0412147903041746 1.213244533374896
2.107279321962114 1.2288802443258313
2.226726427422334 1.3160418982749134
1.869668498333454 0.9864295358787155
1.855399627682035 0.9772536059341226
1.9733596279359524 1.1623101395706132
1.7790671963093934 0.9459597620152627
2.723859280893916 1.7122741390019256
2.665133372946821 1.68783753130138
2.668587497684955 1.6421473944339176
3.060277003630529 2.0781483574426654
3.1991351551730656 2.2597592344459514
2.4440257841926916 1.4099678205790955
2.6985885428436722 1.683406703432452
3.133339914915356 2.172220868773779
3.352819181570853 2.384601685443568
2.906984763068683 1.8838785653211139
3.183511735871577 2.235158272246181
3.388924315469928 2.4775916470380155
3.292114507247428 2.341936782659522
3.3745419198773074 2.417174657281102
3.4264208297326326 2.4742795690405233
2.607232222651373 1.640094574617899
2.5435028251066285 1.5895424465335344
2.712742643468804 1.7714854373532383
2.910859771481626 1.9557672332070668
2.487123911405828 1.47767041470568
2.810598162938815 1.8882927111363472
3.0205598474670947 2.074427485468817
2.9569990686547114 2.0162465426259253
3.06476050665489 2.1100710975613843
3.1628080162451364 2.210252486016464
2.376904037634759 1.4196792552587527
2.338186215312845 1.4590645357136163
2.481279761226768 1.5517267735444782
2.464855191280204 1.5706303459003195
2.5745729923394136 1.6926850244926195
2.7113474923880045 1.804305110831006
2.1567507360421247 1.2442726026061968
2.1970649033723384 1.3566506352003191
2.3032648772033344 1.4698922709033555
2.0536894487995423 1.2501040781586583
2.754279442636691 1.7846976042231109
2.6991992393931445 1.71434080662057
2.828063106280935 1.8438780180111642
2.9748549434513953 1.9801480148454051
2.6794227088075324 1.6872019546875632
2.9159287126912266 1.9692841326995607
3.0505319416324235 2.0980733358243855
3.0481397152491576 2.0975564976234526
3.1418087332329274 2.2019403637080814
3.226860242496648 2.2694064267693057
2.6800625416384234 1.73878076225531
2.6407631301262917 1.6987922585542876
2.7844378290811385 1.8415437916160877
2.7991687198275352 1.84233863637186
2.8845503864276383 1.899496842392969
3.031192788130263 2.1304009690912573
2.5059945575629357 1.6101772640662957
2.530021681587699 1.6228834053905978
2.6469632033790345 1.7450235779262484
2.3303666391462436 1.46046985756122
2.744926080653457 1.7776937795881953
2.740884649187076 1.7851236501628494
2.8198217748748062 1.8120618024848163
2.8453185850109093 1.8827745617654774
2.91081145371101 1.913599227690464
3.0252681821415077 2.0520560643685535
2.694692842328399 1.7448872973405594
2.7165562395868674 1.7656180595428128
2.833692123994269 1.882679596526801
2.5925319697326796 1.691666939621115
2.746983344789128 1.7732281732174113
2.7572693393408967 1.7773857676907834
2.861396621295189 1.8995830907930134
2.7220417541372357 1.7827758465865844
345399.6961207157 1.7315686836269344
