1.0078128828864887 0.41950317586731956
1.0017023267224447 0.8524266715804457
1.002593289969716 1.9763869293892922
1.0017718188929874 1.720257611129974
1.0029134446070105 1.8017548526959906
1.0019511055742745 3.157753644453835
2.9453023726093885 2.0708778231274447
1.0042562322603836 1.2174978435799328
1.0120689220447407 1.239358338412567
1.0119973640938604 1.6671441732865482
1.0057198925293176 2.5949756055496933
1.0053882325964676 2.8807819963538885
1.0027474609441602 2.0418971932224657
1.005466044825822 0.8091176374161672
1.010725973952737 1.6058983680417047
1.0221477255024947 1.9739058549848276
1.0021271323534016 2.5515201297640253
1.0024263512735154 1.720116348279348
1.0015214270043626 1.6532384089623235
1.004933027747349 1.872385557009196
1.0096680044836808 2.2968659793743513
1.0030415798154324 1.927942622114378
1.0008326454791139 1.1727493986064554
1.0054569377658509 1.2380991720027126
1.000844042617613 2.033990235471404
1.0011101530414368 1.2182054156768412
1.0049438008158489 1.2545702626097934
41.5848378020234 1.8361801169436902
1.0042857285720566 1.7460790515018472
1.0037034775354507 1.1971181516411973
1.0037860354122174 0.716723371275154
1.016404818464423 0.8398414577960944
1.002183714034811 0.9318948012227701
1.0005513562951587 0.9847034535233885
1.001784209750779 0.9462607449434084
1.0294390471414137 0.873012893065911
1.001514364576797 1.089248937925369
1.0102440636183925 1.2350815188777828
1.0019193065905758 1.333817975017965
1.007099880612013 0.923449335944546
1.0089429305767978 0.9959270149005939
1.033190360641625 1.1340571345837858
1.002361813427885 1.2762546857907426
1.0070389102393256 1.0109251254285283
1.0191632402191317 1.050805813144795
1.0115616660364888 1.143678829657262
1.0154783928254052 1.0628846728962795
1.0179191402871948 1.1035867346798085
1.0019008500790767 1.0958693914854847
1.0088430495162684 1.2097210327508328
1.0043034321115152 0.833758448768717
1.0057598962582281 0.4675136036989665
1.0040692166154062 0.6116638952977793
1.0018810541944831 0.7166486168026232
1.0125956444664699 0.6212057876322136
1.0221174030258326 0.5894158652262695
1.0218992871018808 0.7265598959712232
1.0069789751137652 0.868456645555198
1.0027805875513234 0.7194568129371808
1.0372437947194124 0.7589562996367876
1.0008940250672185 0.8732321948669526
1.005538261659072 0.844422732825528
1.0250070395131436 0.873673781545399
1.0030560584984176 0.9251808151402467
1.0044437010408065 0.7197550164337574
1.0068751679937007 0.43497159767213633
1.005586863166247 0.3590515817806643
1.0163298712759055 0.4703839040560381
1.007628043255992 0.4235740464915213
1.0148465541491563 0.4607938647938308
1.0140101233916292 0.5556376587419825
1.004987348061397 0.5925786776984194
1.0266999933415941 0.6269766195622655
1.0026095133756718 0.7200009500568216
1.0003315279238145 0.39365206049030016
1.0252621812958997 0.2467154946748994
1.003184961856045 0.30710462179993536
1.0047608050409105 0.37613642061572233
1.0202811957030615 0.3997912806006573
1.0057182281424855 0.5157785559139659
1.0007605572192952 0.25119875950811094
1.0114515609136512 0.23525877095638698
1.001993563237388 0.34550124634151047
67.56891327345531 0.21965221601863424
1.0012561818306107 1.219413800092692
1.0037418008982861 0.9700343208377511
1.004028351729929 1.0172401725726732
1.01179436816791 1.5978370763759793
1.0083559834635802 1.8845129175383313
1.0092428632638795 1.9823664183345797
1.0065483322047843 0.7193053098821998
1.0175773540632245 0.9824742822784482
1.0078556872840425 1.7116449924789618
1.010555360931132 2.1704639223198807
1.0021662043619948 2.3343598163285844
1.0048689605588343 1.2226669031002546
1.0073100518323235 1.6159336019594288
1.0119680179530788 2.0559053121894526
1.0033772076877752 2.2744835309217915
1.0040176075929748 1.7563360326200834
1.0192190926021234 1.9827701899617356
1.0215230844105279 2.1443499556581913
1.0047763252638358 2.018253073884528
1.009505567066454 2.0864003300752567
1.0019781889070243 2.0941719980037155
1.0081700501534012 0.9671569781715994
1.0139746796546423 0.8167341532013614
1.0317372623068304 0.9669065408509095
1.0099120478318437 1.4211077794426248
1.0085339184904194 1.5847316722532794
1.0086461144479273 0.5805942091185572
1.0105902213083615 0.9728680043987423
1.1482899063867338 1.5797575751736377
1.0038202853541762 1.8070985574976484
1.0249243357468985 1.1927625076845012
1.2553162696830558 1.5404433470573655
1.0127944934035702 1.7718316413243702
1.0040595540586053 1.620807406368344
1.0179448944658251 1.7285859624550401
1.0047677031445839 1.7537733797023194
1.0088906242656557 0.7203417495406068
1.019847423203935 0.6457853573884039
1.0218511319885386 0.8492493989795866
1.0047037583833416 1.0741342448551738
1.0026310365885645 0.6101323383410904
1.0498416943026565 0.9404350904615311
1.0135826210103918 1.1786302519371874
1.0058529430027443 1.1035005573203915
1.0100920137171983 1.2295449915707308
1.0256235479145117 1.3185835990583668
1.0049035448732262 0.5871843688542682
1.0050606342388406 0.5550992173084899
1.0068573179495817 0.7146822605897113
1.0062127437254804 0.7140536446194139
1.0187770626319403 0.8145013334141258
1.0051013653243135 0.9467959139044723
1.0053052382127914 0.5070855143895314
1.0121979211657357 0.5289617090291383
1.0045997782237566 0.65808550494592
1.0035301719266958 0.456078810532077
1.0015030877860804 1.2196063133073598
1.0101498231678008 1.130472980605386
1.0073123152272665 1.1637145916435678
1.0072592490145311 1.5522049249461471
1.001559147039684 1.716766094299541
1.0026023273993172 0.9244822764542264
1.0129640626478984 1.207930568760093
1.0129398754040724 1.646722301934296
1.0078205362070656 1.8636659343726247
1.0033272532732729 1.4124819816793996
1.0073402579093655 1.6825494770197513
1.0028935314133578 1.8731215053585908
1.0017348493939995 1.7859903440251768
1.005532224571347 1.8754362446399855
1.0021509596615144 1.9241390762108352
1.010180462310843 1.1333579269136984
1.0059298261237564 1.0609182052573962
1.0085288552669742 1.2637353326880796
1.003106740576804 1.4827882155213339
1.0216658899595563 1.0247521865026343
1.0539240426474936 1.3486877477747257
1.0212077697784396 1.5878453452094115
1.0058065714004885 1.5136037862571823
1.0120658010556087 1.640342950870597
1.002812758525289 1.7244075835073756
1.0087794707557944 0.9704569942809755
1.0055065372917378 0.9336890764283418
1.0056793006887021 1.1223122173121698
1.0053617148952132 1.1029760075714128
1.0149516577880457 1.227431874869297
1.0049877176409105 1.3616571493527307
1.0081659883098153 0.8286223788510303
1.061257695460847 0.8600507192410974
1.0113969011940513 0.9995378989409063
1.0015476953886364 0.7229009917999654
1.0076920403069294 1.2186695388729567
1.0034761558314194 1.177768036980407
1.0069111794487793 1.3014480571383849
1.0071268318033562 1.4688764412395319
1.0096818459060428 1.1658834990884988
1.0209773817510934 1.392449877514283
1.0050423511390443 1.5525538139684447
1.0063917778520728 1.5355688989619036
1.0237903094724412 1.6267439581542193
1.002846805955562 1.7199633939414123
1.0055262864977457 1.177810284406831
1.0476952986792119 1.1443225946135753
1.0091437849728586 1.3057417924945924
1.0019929355813986 1.3029441045105739
1.0644648468490332 1.404773319966816
1.0156213093851152 1.536261977402903
1.0040026900446273 1.0798802793450761
1.0137104122478513 1.108472043173959
1.02044256394816 1.2483721100370477
1.0007750766400245 0.9695601349005074
1.002810244572702 1.2196105132035862
1.0061947289982465 1.1980415721480786
1.0033467491447108 1.307205635558828
1.0049239847764113 1.3296578456694543
1.006381419969283 1.3987921772476626
1.0014471998074246 1.5145528679610452
1.0091894986895236 1.1950812993056514
1.014945034531215 1.2188226958435076
1.003129620298317 1.3465634178715196
1.0013898418595804 1.1326048327831444
1.0032227305635397 1.2195845225584392
1.0015619133733271 1.2354663788821498
1.001062592243842 1.3451254175626164
1.0005400938045301 1.2038072474411616
120.25967324715606 1.2196607549417202
