1.0004781500293052 2.020155600204574
1.001004420527183 1.4091692396643458
1.0076983855725414 1.7536404810171806
1.008456627119162 2.732454863880997
1.0000495612069673 2.780852069307304
0.9926158462187984 2.1229790575420995
2.825479882353161 2.8530386340939464
1.0010728820592654 1.3985351101894845
1.002697825132794 2.172976629635487
1.007725044450177 2.3449906639815383
1.002600923143667 3.3059417693237045
0.9959528454367593 3.35291073922156
0.9926148425925011 2.706316344548225
1.004156508964732 1.6746832505703129
1.0087697157456392 2.082211012932721
1.011460870257966 2.8727602904520753
1.0197389974007534 3.2684104901853592
1.013454481746437 2.736148632167662
1.0128700078172663 1.940743237556656
1.001774598819255 2.715937043087465
1.0057312776967473 2.0714458443415915
0.9993420953825326 3.1798802799667873
1.0007034420992142 1.9277825566208906
1.0023117159834698 2.9068097276644425
1.0000096334664543 2.0333947889607806
0.9951502468704775 2.8972095513410796
1.0072485008793803 1.9645562907020349
2.7171641202877943 1.9300309024425177
1.0021998532588374 2.453177369811067
1.0100122273492618 1.903586344374228
1.018539151719314 1.4288778960370252
1.008949519726492 1.5702468432733951
1.010958865153634 1.6301759891546146
1.0095722542267305 1.725819303963879
1.003436907793264 1.6550850671936748
1.0187110306101221 1.5765018312215422
1.006066035259551 1.8181815729608561
1.022875509052635 1.9718799881124758
0.9991414646324341 2.0428595130898373
1.0016153762447142 1.634436489270478
1.0303559942775453 1.698570001454982
1.0098651307265842 1.8536021473704123
1.0070417884421066 1.9892559223615474
0.9985126254568075 1.7256605122275062
1.003052395967727 1.7649353499424736
1.0064085711546624 1.8646907243478723
0.9973066739955793 1.7767033771457428
1.008632874446991 1.7974546989252218
0.99617938503864 1.8049845367070854
1.0004119807689686 1.9231282387436812
1.0323541174979998 1.5409970177459826
1.0231739636352735 1.1875863250797143
1.0140767768096421 1.3197077130713768
1.0090127924660952 1.431833480090674
1.0054489512527804 1.3310025055554355
1.0249988159800942 1.2874783645448389
1.0163274570220218 1.441477378769138
1.0166141766327472 1.5774424980643995
1.002053669845679 1.4277461132233804
1.020270437272692 1.4840607778134793
1.0079760157627085 1.5833001395158162
1.0217151915715812 1.5544829718776612
1.0094757112722068 1.5850936200578507
0.9996961422449883 1.6337524587372445
1.0022095098960135 1.4253146055440677
1.0114852665357492 1.1428451702804914
1.0524005062966535 1.0723934093770384
0.9989184054251277 1.18675148854723
1.0083692360369352 1.13977947274412
1.0182819411439257 1.1750999042868588
1.0023931824040027 1.2673004269046961
1.0076359799946175 1.3024152473708521
1.0162185056408959 1.3346172220230164
1.0032803040643063 1.4288107270510948
1.0040301439581392 1.1031379547453457
1.0038734522508168 0.9556060889797388
1.0162194109119438 1.0184774154416167
1.0108167690992866 1.0940844812321648
1.0253526614190176 1.105797417462722
1.0001378763130055 1.2245457684993901
1.0051675274521261 0.9630881447487536
1.0231534003339362 0.9619422869835449
1.0101648135346197 1.0547891151645783
48.94727413238591 0.9324921688916468
1.000235029028679 1.927124172946161
1.0121709932011937 1.6750077695786194
1.0040930268952797 1.7366734543813793
1.0090373787690283 2.3078056930514568
1.0097191545332707 2.6190694117039777
0.9930527611403824 2.697977973961994
1.0016449855959115 1.424823548701018
1.0261205303332606 1.7058018570861864
1.032805352461645 2.4156764348868656
1.0247142225834038 2.882801338517196
1.0100783598276106 3.038252490221806
1.0093290847539103 1.9313592044567436
1.033060361287167 2.327863179055098
1.0194457510066033 2.816001747833796
1.0083439269270775 2.9862699965794812
0.9982357375116447 2.4690059086364498
1.0051004278756794 2.692535022643625
1.0044418189029658 2.8712139442278186
0.9991994622936045 2.730873307044731
1.0146472716054433 2.787275376276333
0.9954867561335835 2.8042715407257854
1.0021163290205437 1.6808524116613413
1.0138311043481956 1.532556581072492
1.0159033326778144 1.6758761325668419
1.0073098721790443 2.14163254756106
1.023492059026904 2.3041304140426746
1.0055191529106242 1.2887449674868838
1.0125473960453597 1.6890452817833037
1.008744783095923 2.2701693718405993
1.0106984184398906 2.5204586376539337
1.0025336734226071 1.9111248346229668
1.0079380252342467 2.2465428602629176
1.0020139922231919 2.4799036447716323
1.001870437020692 2.3317685404287776
1.0021245891799533 2.432686091715299
1.005739898719844 2.4599724901664954
1.003015823945388 1.4317384069030876
1.024288639702715 1.33577620138712
1.0179012430274725 1.5681513153649895
1.022041254995328 1.7950602380802525
1.0093624430706265 1.321015542874341
1.0375908421201627 1.651349200932773
1.0174368285151782 1.888495340737965
1.0018593038671317 1.8134624807633157
1.0136240114645727 1.959058098393406
1.0020443767494762 2.0255250573955728
1.0060501944415015 1.295499983327197
1.0091826114404492 1.2657866476871096
1.001322343003768 1.42856108999297
1.00848600733616 1.423114174903188
1.0183591713452902 1.5312711602171618
1.0095368357720214 1.6541774617638616
1.00052628166925 1.2189156191357822
1.0066082562465228 1.2422029695889547
1.0083592809551578 1.3687065029827363
1.0008722187035148 1.1633577038007363
1.0048671959101316 1.927527171910283
1.0179318545981653 1.8400364204865454
1.0171094831970797 1.8818025716747457
1.0134042246750754 2.2691595661384234
1.0008082775682066 2.425255802560258
1.0007813193879922 1.6290292720947237
1.0175759506932345 1.9152508829670107
1.0332012746221784 2.381967297094406
1.0157331675817844 2.573835562546455
1.0010477376126292 2.1232856397536652
1.0109523366980018 2.407357929796059
1.0102461458227205 2.5855837613442123
1.0011662774667516 2.502468880057141
1.017927010266401 2.583152677763132
0.9993915759972688 2.63535470543341
1.001155639924455 1.8450471384261737
1.0616659344999175 1.7735583922248979
1.0143808558933036 1.9717056044648207
1.020632794021379 2.194574661690103
1.0058509235356126 1.7348692949830002
1.0007038298733428 2.0672353313045186
1.0082137456956486 2.301328430030506
1.0050406286100515 2.223585680199272
1.0058137703054886 2.346039735293668
1.0070845227612475 2.4348939113892034
1.0020667706170105 1.6793556283833087
1.009295354778743 1.6448982308739102
1.008283747223123 1.832987558764648
1.0104059697364143 1.809769113843066
1.0139219706755076 1.9352466339007004
1.0028932414706604 2.0694538042301818
1.0001605786683712 1.5389858724005414
1.0297261422153752 1.5631280691231935
1.0123765922289354 1.7858125029907361
1.014027112185688 1.4318665906090593
1.0004716868880827 1.9292120498640366
1.0385110615283477 1.8530525949160719
1.0072864869245086 2.0158615401862297
1.0015796089813476 2.180187520705349
1.00731783750048 1.8771771296626159
1.0100238396935293 2.1795373245797927
1.004600173938056 2.257083415959174
1.0038862330841838 2.2467470818432558
1.0169516881089353 2.332411504390035
1.0053300310874147 2.4277353879260732
1.0018378202880298 1.885103713316487
1.0265240340668589 1.861146886177161
1.0113558558316618 2.016463726117676
1.0049449801676107 2.0179511938932513
1.0236560375165609 2.1216766575805903
1.0048213203818153 2.250237589865907
1.0036070349372659 1.7918671495176266
1.020986202839622 1.8361366392168967
1.0045358735568697 1.9594647357618065
1.0007089294450424 1.6792369366722555
1.0039371811108824 1.9271277194393934
1.0150090505800518 1.9122030390791211
1.0052434464534552 2.0165681223909484
1.0035848104714975 2.0360470848966363
1.0298148957211872 2.109875888699583
1.003646648323606 2.2252551089549453
1.003238376228994 1.9096210899931572
1.0328868359332635 1.9384756669367618
1.0067824900750009 2.055178426338075
1.0018339550168462 1.8439100521904184
1.0001425052943687 1.92762153056664
1.0298655924665323 1.9466239468863344
1.0005214620416738 2.054968656405974
1.0010703207743041 1.9143311273956605
7.257533762368481 1.9267430918119262
