157409.68943368853 0.8180266533279089
2.1023115377692383 1.0388630908046204
2.143969842856247 0.9974639407422072
2.4589045539786025 1.5096691333982006
2.618252131029579 1.623668735645597
2.7091251201097846 1.7205722634125609
339648.0812049538 1.7157990987140657
1.8766137990558862 0.7520332225230203
2.209243740359948 1.0868982957727782
2.7225568151687516 1.6304641209829227
3.076075091958864 2.0460890788693744
3.259701311437038 2.1634864961921023
3.2531779627946253 2.1839686330187655
2.2146594836278837 1.1936542294612908
2.4189533965806023 1.4454555160181095
2.7920603860990654 1.8634436921449464
2.9988781922587626 2.0543742036115913
3.139895760365097 2.1793295303420566
2.4449022962580167 1.4403934674930137
2.5746831076389434 1.6533179182777127
2.7807013801927356 1.8956390462707247
2.893257308475183 1.996218633956186
2.611409517834388 1.7095576836782573
2.6564538057881277 1.7466135427623808
2.721674445468235 1.8486123356586945
2.6163558658954456 1.739922256822628
2.650561714254266 1.7678724886099324
329787.5879658394 1.727249128630198
2.5411260730824057 1.2390428119737091
2.152397812931434 0.8579362720570378
2.020929632620369 0.9489917813456967
2.282421895786806 1.3293573413718462
2.4262393169879193 1.4467990927852832
2.491190724168143 1.5049536727959265
2.0700843414799035 0.8398917505700605
2.1489835523275636 0.9341046425076212
2.4336486742948487 1.429042715650482
2.6842421716785148 1.6794810144416663
2.7762419730042227 1.7039723964317963
2.19141478643577 1.1275467417047391
2.3457089470637116 1.3400829506675436
2.581255070570508 1.6646618224891443
2.7356486689331767 1.7799418843987358
2.3655774740567157 1.418508660406855
2.491990505869108 1.585626664516014
2.5939114102989915 1.6868545174367011
2.4940736140403956 1.590384608841224
2.5523886071571953 1.7089388995102608
2.5221720042950184 1.656218549628599
2.5187043733522922 1.3036367723735933
2.2201809881987695 1.154911607308569
1.9488855273191887 0.860490545039489
2.1287427523821085 1.1291675932097227
2.2535338655187864 1.2072226726451611
2.0652855780994566 1.0141060919819636
2.088757181393083 1.0396748892329182
2.2203858002142294 1.2333526889859174
2.37527791154797 1.3907602486282182
2.162790922197934 1.1334479231509182
2.2561811894584802 1.3023083616796831
2.3737857411470196 1.4075034107779405
2.313544930349196 1.3803476569031239
2.412553663711802 1.4763865202761153
2.386602836316752 1.4977948471837652
2.185395344573489 1.1500153582984123
1.9578362083009329 0.9471448084829994
1.8939660548895416 0.9014036409567034
2.006484583789587 0.997206310496303
1.9423242008142538 0.9257604993066979
1.9890694810469902 1.0002870014395542
2.10095659060099 1.1188911957354415
2.0969196916404864 1.1161324711968783
2.1579119059908844 1.188590835287961
2.222944533277549 1.2576794762313384
1.9256633377969157 0.9191894176290484
1.7791391060541233 0.7724266944437381
1.8728910593502626 0.8785636755705276
1.9611966716912228 0.9787485873465529
1.959182553122238 0.9741983629546763
2.0773283575081147 1.1159369406528232
1.8153372400792915 0.8190866725951375
1.771807154849944 0.6986802702917632
1.9118715681392693 0.925830939627347
150704.1170833416 0.7682078516777103
2.4864621919663956 1.1918450758725414
2.279275249718604 1.1767149552800094
2.4418870446313283 1.4306782471327457
3.0364764106917286 2.0594341954104554
3.3481993955690497 2.3741441881205705
3.450921301214846 2.4859051910389542
2.1639250450583205 1.1749655015532756
2.3834029240305257 1.269016298330607
3.093912955862963 2.0737047167206333
3.5676220285638522 2.5685569375609116
3.710225761756861 2.703818268005863
2.684861692500273 1.7588176510321971
3.0311349306140016 2.057403505606054
3.45793588064724 2.547066809027761
3.6755839779802555 2.7795476681472744
3.1592829849142365 2.2865354766885044
3.3648881482622492 2.5073483736346134
3.5258840285481785 2.684708582529434
3.3861834756421403 2.561140098916005
3.449019657939893 2.626524386898787
3.454218772270671 2.677898771118937
2.3470421659795804 1.2972604921285524
2.226799543909021 1.129182298441342
2.413292536491509 1.356947704585442
2.869914221722117 1.7788259341009083
2.9858047287636023 1.894335143688756
2.0351142182500084 1.0133633817516896
2.4477982607479976 1.4331040040603173
2.9839846837860957 1.9332960611085606
3.2024459978214943 2.155520716496583
2.6185646108710756 1.6295476578970418
2.9521375023603627 1.999407171794142
3.1668605172897273 2.197208118860086
2.987360936697452 2.011677218416236
3.074005236332864 2.136796586900634
3.049633903334313 2.021312771298547
2.2211568275114186 1.1337772626702027
2.1493914204077305 1.1325588360794985
2.358376250232551 1.3591704044905368
2.5557703877082547 1.5099253155330623
2.1368835448384056 1.0751440107368766
2.435130523058699 1.4103453471200211
2.6731360418111647 1.6268020698100962
2.565285652926646 1.588817300775231
2.7233722909279505 1.7498809289390491
2.73007236430663 1.800803189675952
2.1082303267511913 1.0982651001807353
2.09738998028135 1.0883286875590255
2.245767867975169 1.2376639369626732
2.246729841059863 1.2184999897656517
2.3361571756136734 1.33879290470998
2.4478211660828793 1.504038727344833
2.0272315505952383 0.9879031770515174
2.0688227038141482 1.0658449872759925
2.190809997411833 1.1781827900827664
2.0149495543064773 1.0368734389889445
2.671278418051107 1.7024010712236073
2.608511559429037 1.5934898770739188
2.64958174298143 1.6142036464442726
3.0550948088392413 2.0704631912978346
3.20416376584481 2.272620139318181
2.4124247004302077 1.4659980836278437
2.660698702006176 1.686235315144962
3.117452881878709 2.137107101778456
3.3139469080492185 2.3189783143805527
2.862898983198411 1.914041603810361
3.118764038217208 2.2135782088452123
3.3043092431487713 2.4202510518285485
3.193159321000759 2.3155983154084803
3.283164333465152 2.4459864549353028
3.31701853073587 2.511400998135133
2.618713670629041 1.6561851294006051
2.5915099674324455 1.6665850343330944
2.7545791684854137 1.8077862596519314
3.0150464393229397 2.0632684303961994
2.500001906319393 1.5048296302148052
2.845483176800612 1.8570264788366844
3.0607938600857523 2.1095658572364435
2.9685867498904774 2.068533888384783
3.0935268940623715 2.22497513131007
3.143333902787168 2.2818568499874945
2.4803619834601904 1.5309589968049382
2.472899723031844 1.5313047738110073
2.63911710239419 1.6888369611322327
2.600534241522957 1.6518438746405173
2.733729815472515 1.768986868549574
2.835416704290438 1.9114440077862587
2.3508573691532293 1.368108179415278
2.3788210372650926 1.3840179652207811
2.5151359799842785 1.5212404931540415
2.279561354118096 1.319281749717275
2.707411456320843 1.7746262488541737
2.6780842335423385 1.761764496775593
2.783730015700785 1.8340997210345953
2.9525555172296443 2.0016267695268626
2.6366862735109056 1.6847481260127761
2.904926009838775 2.0116047944268116
3.023355522729891 2.106069907175392
2.988301306453624 2.0973165198250805
3.087170740762846 2.189865425475718
3.153045567592975 2.26572630230425
2.6860082392291718 1.7417030965390388
2.644230475115782 1.7021698697784702
2.797018893265258 1.8481479754219743
2.7796856771233607 1.843231906292378
2.88926549274947 1.9544639222337659
2.9943959671983773 2.0902259744054117
2.5814634683840287 1.634212895743253
2.642337016478153 1.7151662251128779
2.7554168619191266 1.823033702953237
2.4923167583560617 1.5375551137876093
2.734676225024195 1.838044995558922
2.6908493472761212 1.7660634563151643
2.7932485713428115 1.8485133850971234
2.8047540096821715 1.8748279137943766
2.8824186051708134 1.940599829839523
2.975611838740896 2.069771891181462
2.6960483080988857 1.7274000218212024
2.7081252744889444 1.7308466888644567
2.841164800585898 1.8953066171448254
2.6480369888743764 1.7281428753960597
2.713546970001647 1.7481314566325443
2.728255925794995 1.8057621877021302
2.8281361892596713 1.9046649490862257
2.7058789336286573 1.7842901580291166
339299.4731145885 1.745943736009358
