0.003809581511909752 0.637297369060746
0.004233282338973589 0.635132624515731
0.00370461903517422 0.6418098277032626
0.004376291214109397 0.6311407779698378
0.004192646493457189 0.6330099519101923
0.003972299231190312 0.6371667229470255
0.0037356163085134624 0.6374120268675535
0.004278201256820111 0.6378565887332751
0.00451700349345809 0.6334150169985058
0.0039777882233690024 0.6340077368535687
0.003762891799948178 0.6390556639320047
0.0041305840382083485 0.6333166246790197
0.004005322074893361 0.6378646331454445
0.0040649169417129975 0.6362245359389359
0.004271266811940478 0.6341441727933799
0.0043640854482543436 0.6354851089714426
0.00429124725320035 0.6296195396902778
0.004179244866267453 0.6345509377259899
0.004062443088132804 0.6397620327793803
0.004045567274641563 0.6393107713985613
