1.0088124512807088 2.1613584493293136
1.0004634307229248 1.4012537277430763
1.0023289064747007 2.160912143105513
1.0001805380858053 1.7693238920466574
1.0008814273915574 2.208995508614146
1.0000973686614862 2.6115473553560378
1.1085434340075921 2.9619116982834397
1.0015654955498596 1.9266886487619643
1.0018032789927696 1.9242280226549533
1.001157258070306 2.470926757059315
1.007019216922327 2.470040385731996
1.0011686857714668 2.9530600409258394
1.0079838053993742 2.9002748498342927
1.000255764028191 1.7235401703334938
1.0047857651849526 2.31489878729776
1.0031064802404888 2.8666337371272155
1.0017911234275012 2.313079529277576
1.0032627132472207 2.4253349977841783
1.0024674199883659 1.9219712801248148
1.0123263806109641 1.9023735839577234
1.0067056025198229 2.9833268579707797
1.0010562251784199 2.926630343937386
1.0026499964750317 2.7527172374651765
1.0052903076624418 2.832887802920148
1.0025506874813628 2.9160247923133262
1.000126602653258 2.896315374316164
1.0014162225291092 2.297714175861168
1.123828343014023 2.927924237837505
1.0003771077308086 2.4614773026802137
1.0008230691719393 1.908345743324209
1.0014875146950495 1.4360727721161959
1.002935288860855 1.5600984471968093
1.0008015178933096 1.6397831179391078
1.0022588688723082 1.6937331402900653
1.001782868366698 1.6573162593219912
1.002583386276 1.581750457903928
1.001381397655147 1.8028400993302047
1.0039792059362427 1.9471736127921928
1.004046441953763 2.042941275935133
1.0010584890673784 1.630013325198906
1.004505742150313 1.7087059662159718
1.0069265358504729 1.8494183188300082
1.0044245705999453 1.9823796319926241
1.0058786595630003 1.722488128759224
1.011535664001397 1.7603504269376473
1.0053553484079525 1.8555826434989517
1.0033504547470773 1.774737587324736
1.0089898648728821 1.7986700905584985
1.0001623084508802 1.8026313899427335
1.0003507768796718 1.9203056869742459
1.0009082370319686 1.5409576048900007
1.0019447524207168 1.18101710249474
1.0028440510890746 1.3242468813271273
1.003002145629508 1.42686703500471
1.001804928541664 1.3344727278393465
1.0037135334850946 1.2931814948913936
1.00242037552069 1.444606113849513
1.0024407133319186 1.5758466423016433
1.006623248821116 1.42960610969682
1.0037145017348164 1.4794609020071365
1.0028809503302154 1.5831246246532333
1.0002172494064383 1.553072158077681
1.0004054452774844 1.5848698272460369
1.0002868227469226 1.6314608053689321
1.000179608838961 1.4267934652540806
1.0037052895202105 1.1461825669410002
1.0007801639631604 1.0662261828551227
1.0011331629034241 1.1816075283659753
1.0013876113779983 1.1331971295450076
1.004120466340845 1.1853364476602581
1.0075692214646588 1.2605315163440327
1.0056696515146726 1.303285391080173
1.0040500530823393 1.3360107875543386
1.00041452117339 1.4279571021881976
1.0016021796476278 1.1051260596925516
1.0008179252122358 0.95262773653633
1.0030565976808261 1.0155854777734081
1.0036012016358238 1.0858036297584834
1.0020147115056346 1.1101590630184885
1.0016800060974629 1.2216659848041156
1.000329718255484 0.958371202391371
1.002205315688415 0.9499862454863351
1.0007354387423706 1.0571855301969164
8.133894455643858 0.9253267043863842
1.0048917559807948 1.9271909107553369
1.0010187778637596 1.6783737905841187
1.00240017929894 1.7243197649791862
1.0054566570711887 2.301486392194883
1.0010129926912288 2.594029514395604
1.0022714943863846 2.6914938253399048
1.0072902445092047 1.4281432393691027
1.0072115710536331 1.6907377811643047
1.0191835398537088 2.4280569207935447
1.0061036938300754 2.8752142962560603
1.004267320976893 3.043035134250612
1.0012668908656546 1.9343565216922975
1.0118496681216778 2.3266979174581426
1.0075059152663253 2.768518017220966
1.0008534078713682 2.9821052670550428
1.0055025654378198 2.465722101181724
1.0056710525603352 2.69725808723518
1.0047727908929025 2.8562702781456935
1.010060124256779 2.7279662801998694
1.0029671087409242 2.795643939871187
1.0071240391533682 2.803010577175595
1.0059750083921042 1.6768961533022546
1.002755249502723 1.5251558414884412
1.0025355493936263 1.672368820517779
1.00385220727433 2.1302612147731947
1.0023569380698831 2.2930033089831503
1.0089836836111485 1.2883705505593668
1.0138137685664905 1.6842770518950978
1.0139581122932082 2.2677572997011923
1.0036504611644703 2.5209018475816976
1.006746965632296 1.9067859172126953
1.0045335899152665 2.2430004265247256
1.0065904081224277 2.4763821627917935
1.0034581828084992 2.3287715851321575
1.0056554527449728 2.434222959636651
1.0202004253711947 2.473456525883666
1.0022796592843968 1.4329524549518877
1.001538879516248 1.3607385117264175
1.0087939008889293 1.5713583456844438
1.0040599649639577 1.7819913738514936
1.0114659771029655 1.319871510384548
1.007131751247205 1.6540524115349198
1.0155794914192922 1.8928811641421066
1.0083301925413144 1.8131062869520544
1.0054826709691418 1.939840534999762
1.0008707855464762 2.0229884444767956
1.009232157746936 1.2968732097566702
1.003543932462952 1.2674317831024056
1.0061500652420854 1.4260049422712386
1.005247069901858 1.4197650692201043
1.0016991987822288 1.526063727887447
1.0027850087342456 1.659914677492201
1.0035904634449317 1.2150213296919858
1.002591904367426 1.241669836989268
1.003328716916516 1.370097316404225
1.008627222701791 1.1663486054057177
1.0062805594116428 1.9302820090742574
1.0022778732454043 1.842235884546323
1.0060842362075333 1.883920979856419
1.0161100160161611 2.2555631522109745
1.0025065407799063 2.4242960398269284
1.0031431904839978 1.6343208011010395
1.0033621274678608 1.9153739950209718
1.0070251644841743 2.352061398240509
1.0022645710070406 2.576497476273904
1.009805670576905 2.123700898793735
1.0194697898326361 2.390276181463242
1.0091920122254745 2.5808215763983955
1.0048809218301873 2.499694567940261
1.0137455618347728 2.5869281155740635
1.003766977284585 2.63674871402906
1.0009289309029372 1.842565499492483
1.0053092440530205 1.7683289999344387
1.0071087705305954 1.974664530212101
1.0047572953070218 2.19235268600078
1.0050767833138807 1.741740537025814
1.0086819808511016 2.0755106676401747
1.0130865367832578 2.2983002715754095
1.0012514729224757 2.2204209124714005
1.006815044318827 2.351437357320992
1.0068993704022653 2.431434865596076
1.0023935029813056 1.6816426464459153
1.0051233867654257 1.6408426243962406
1.0021505917700182 1.835359874759946
1.0055055833218356 1.8134120408476369
1.006033848685528 1.9398258801464618
1.0087100389153767 2.0751962390380463
1.0012312053287307 1.5477890172100908
1.0062546797883973 1.565866932954314
1.0092793954220085 1.710343502750165
1.0015410513610412 1.4314675274890918
1.0040714579193288 1.932284430003789
1.0020899220532395 1.8866080973773505
1.0053809207000932 2.0108578109764768
1.001992561595326 2.1877908552349763
1.0119405769210044 1.8771103294845204
1.0022701134697167 2.1020307604153996
1.004866462492407 2.2598185052066855
1.0031184405286557 2.2386863186041315
1.0046449163356148 2.3380249310617973
1.0037397433163702 2.428598850501176
1.0044305300931475 1.8888804187365678
1.0046272071308615 1.8540581235023823
1.0051427192818096 2.0142657074336716
1.0031399121987632 2.0155790343966746
1.006589104478347 2.1201018899951016
1.0073009364185388 2.251162282249053
1.005452379607108 1.7904241038075193
1.0018716756469035 1.8220678603945748
1.0040736500479608 1.9593146037630556
1.0112859759390145 1.680222156443366
1.0012496018480144 1.9301749926429506
1.003442983206893 1.9114040796944396
1.0109668113274757 2.014433755006573
1.005609255567116 2.037759148122653
1.007218287360433 2.108113914996242
1.0009025981722743 2.226974722662959
1.0011882675185397 1.9066618558092747
1.0042140006856102 1.927108913397948
1.0083839507670629 2.0580223564661866
1.003864561273933 1.843213456294884
1.0000582072392141 1.9283439896668937
1.003414291250821 1.9441202073302462
1.0006828281620719 2.0554899725257636
1.00249122719678 1.913071605054958
27.336355888375362 1.9334425006519154
