1.000202522719401 1.8551918152685063
1.001419241170009 2.7178634508367687
1.0000343248851469 1.8456687643591028
1.0005829227387513 2.7154556001628327
1.000218156812052 1.6150875339824968
1.0006148253953275 2.708756135288762
1.0000000870510688 2.7373296740086412
1.0006627944137956 1.81059034693311
1.0004797493293975 2.703086267731703
1.0029285970345216 2.7167350048715866
1.000811381101419 2.719076700676345
1.0024939878806416 2.7112366169249635
1.000266335920052 2.7095315467339236
1.000821165314056 0.7902843642744936
1.002374958305282 2.698461316553301
1.0031864747139752 2.7123316240839883
1.0013604137854786 2.6392699604020864
1.0013102037677488 2.7413553577081027
1.0013614721292976 0.9266607063737974
1.0017062114135957 2.598855543314971
1.002725023469138 2.6638665661632315
1.0002164626476946 2.6906463548323294
1.000984908045066 2.0837147367918867
1.0003576382051667 2.34850637312591
1.0002141289464168 2.743766326847058
1.0002157557566875 2.3856653544053854
1.0002691425994843 2.6663858404147747
1.0018062426885717 2.1482401290443445
1.0039000390620092 2.19406687538656
1.0005826408641685 1.9534427295640637
1.0041478282252088 1.8693017080440915
1.0008572739286699 2.1671157382040738
1.0020093334012006 2.135892391017248
1.0004558284835452 2.1657337290325036
1.0010079362890416 1.7372025029613418
1.000425824262987 2.7129406248006216
1.009310487605644 2.7273158037538865
1.0051626309443507 2.7236320148604682
1.0033629637157322 2.72716552543179
1.0006410452763865 1.8934875923438597
1.008044439426751 2.709154517596505
1.0069923678031836 2.7197463556446912
1.0032895376820672 2.7241481616896293
1.0022283203095126 1.764617817097989
1.0059216090716214 2.7132116414183542
1.0037243048409419 2.7165139141195795
1.0038427543172033 1.7427861109072258
1.0033388725088073 2.6992884375017443
1.0021475787497938 1.8733407589770956
1.0000350768016177 2.4025317628963343
1.0001049199473122 1.7766093838071975
1.001086281164612 2.038456237592226
1.0025743530516968 1.96148197551863
1.000271742913045 1.9684931135528192
1.0013359427453417 1.9517478393089536
1.0042998368036138 2.7016392419688757
1.004640050747394 2.7115263041323345
1.0041279511417236 2.715636441124193
1.0014287352368163 1.9998613069966702
1.0037210607994047 2.7012140333334056
1.0001602587463576 2.7132550466810144
1.0008496878117668 1.7448891428000406
1.004731098950583 2.699008783141326
1.0000156968000709 1.910558698258754
1.0007634567958488 2.54890340800023
1.000170548340204 1.8963406138964314
1.0018929182845377 1.9200413724245116
1.000250552221237 2.0716662816885334
1.0006501665585363 1.997788645710342
1.003790749725833 2.6895432073546233
1.0024521440748015 2.7028259323077277
1.002125530315268 1.7628440657815534
1.0025110633491157 2.693999225182988
1.0000061967069518 1.8520702381891465
1.0007290785423515 2.062528827962045
1.001849629628763 2.046243835121595
1.0002130549028647 1.8500135227343977
1.0003977543665106 1.932971360965708
1.0099991174358212 2.6827712310222926
1.000224662126781 1.988423928911908
1.0002268420586347 2.05678100945803
1.000751902812512 1.8084631718074267
1.0000910330904123 1.9333849971622796
1.001200626133102 1.3295859767116889
1.0006626047390499 1.9946220168088176
1.0004197471814065 0.883075402920263
1.001118150772352 1.919716902776944
1.0008515643344846 1.7171100781052395
1.0017949008574212 1.685952548650981
1.0002659726345242 2.446332510171761
1.001008837913381 1.3263317220489257
1.0003080826299453 1.9135047014583237
1.0008803029919133 2.217344253520354
1.0015490583875375 1.9584247862657134
1.0006098218444561 2.155872439127756
1.0006406050120515 1.475588344676492
1.0006281037623668 1.920693092711202
1.0027484081789297 1.791953270109521
1.0013474080448217 3.518239254425281
1.0013732912547924 1.7222511515288659
1.0014111011735762 2.350449271167563
1.0026120409507788 3.0705203800857945
1.0005184295701324 1.4520510222066267
1.0011431250263325 3.0703957141722
1.000272360277785 2.9736617226630946
1.00090449107439 1.8609946294735038
1.0021333757071753 1.7787159002271344
1.005807543940412 2.0730846725653826
1.0176098515174792 2.620015145997993
1.0015686210272798 1.971597448886375
1.002971813798945 1.9842566267386281
1.0181817671831526 2.6939901180155674
1.0076699485959837 2.7052619942515306
1.009945404640486 2.7064796052874502
1.0021600222370048 2.2237275442960662
1.017284629531131 2.691068441437354
1.0015450004807036 2.704489984332144
1.0017410548936077 2.0622732126763244
1.0019344239270296 2.6894256270428594
1.0016198746624974 2.2136727984402187
1.0006089721640328 2.3266181908421504
1.0008143045867135 1.8504149693970904
1.0044002461225585 1.9780147890234363
1.0010911055688851 1.9662325651229233
1.0030637277764685 1.7198858435783622
1.0192742453863588 2.690227585435717
1.0025082707563997 2.7153877400932567
1.0051574664114644 1.9365119568502096
1.0028967012527752 2.703341254428434
1.0028324558971937 1.7819003478207875
1.001177399299131 2.2546655176695816
1.003571496417831 1.772315823642766
1.0030052725570093 1.9369223929412371
1.006224687787484 2.4427634305677004
1.0038828335607273 2.684533812356597
1.002348076174468 2.440675600705375
1.0009371054698277 2.155165064416691
1.0014684264930156 1.9606222370108761
1.0001247594505114 1.8977705987512663
1.0000737809099036 1.2604704268543845
1.0000317966095942 2.108198769150222
1.000108452284824 1.213428064212701
1.0004477943771828 1.850216962543779
1.0003827570696908 1.5858916299399413
1.0001936426831441 2.158232528873475
1.0001368042798955 1.5765581508481887
1.003820789544229 2.1942734971296227
1.0035870507509386 2.3544177130822854
1.0001844432306874 3.068337008510105
1.000424342128145 1.2437554057249907
1.0015327021023066 2.357326945903271
1.0001347320143734 3.6041214315708614
1.0007624940798663 1.691244405826738
1.0018529058796453 2.532612264119303
1.000012509276573 1.8081709030668232
1.0033591685077836 2.3354233481237103
1.0040797524697416 1.7314931736070713
1.0042684387977006 1.9905517560911958
1.0008551833214163 1.8359443165526865
1.001786326273161 2.302211629284352
1.0073161777022939 2.671007043621535
1.0019677543034573 2.685153041025389
1.0010327729471824 1.9999185808379676
1.0046800725488245 2.6752659707562296
1.0017535411421723 1.9332637253472962
1.001077128112308 1.9188962479380964
1.001924380151799 1.7896280018862507
1.0005571162196185 1.932367650080886
1.0002617465825798 2.241816305358347
1.000872504743045 2.678124511382995
1.0003635143308416 2.003202842096846
1.0029258925945561 2.3263310211357187
1.0013500009050247 1.8260773479083579
1.002169399919604 1.947330891341172
1.000060925327495 1.0436499247525672
1.000765021565414 1.7020432900588436
1.000624916462468 0.8893308627467729
1.0003680659847178 1.4207833835184098
1.0001993289648003 2.2991346518105393
1.0006512442671276 1.624062058285801
1.000239180732463 1.9010376486788845
1.0002947908485784 2.144170523635832
1.0006335778511768 1.624542376162685
1.0002375209312497 3.4913033471361032
1.0000004929494124 2.1795665296064257
1.0020039621119035 2.234090437235047
1.0064418468260072 1.77688225834689
1.0031429036897015 2.0909132979325227
1.0014919805741418 1.8146729059921642
1.003182957973355 2.713763404467694
1.0003814578732897 1.796319833017344
1.0032958070207112 2.345880187414967
1.002945338001169 2.475933056857296
1.003586980740199 2.1187045130283066
1.0000639426459044 1.9989257145749524
1.0007281074772483 2.139089237272302
1.0001038116703829 1.672322529299099
1.0000743374343768 2.4199670242481486
1.001623117858301 0.9346492632719663
1.0048517134154589 2.9071430535627223
1.0000072381581315 2.157671419958759
1.0011401266697522 2.2039601254853913
1.0016707267856402 1.9438081739438366
1.0006771916925388 2.1460068637540766
1.0003400628936063 1.2528570082345656
1.0000578183750606 1.1537825193036388
1.0000120885433796 2.754732197226114
1.000047496448495 2.945971634781427
1.0001348758344946 1.2670221574365255
1.000000077816429 1.8047111432988459
