1.0016560918328739 1.029837115261134
1.0033556600683657 1.3386321729464292
1.0008383823064806 1.9282837516022109
1.0005242200359732 2.509415192911579
1.0002115361235957 3.110188735130311
1.0002710460565534 1.9298344402964784
1.0005865153633045 3.167675282378377
1.0124028679660129 1.8708084412275718
0.9998925045724095 2.1552522331358674
1.0087023689464762 2.6426056603023724
1.0074277579222322 2.6748535227156656
1.0051396832611346 2.6519329261472055
1.0050559040740732 2.7212134688344003
1.007645030441165 1.8933383551053407
1.0059098378830948 2.0094455538158864
1.0102218510044116 2.8663268147427994
1.014327698457953 3.252743870342202
1.0087668247818526 2.487381996934007
1.0076192807099569 2.333256397240889
1.0056310053507524 2.7087836670373964
1.010261605233599 2.206770624446853
1.013631019041567 2.2733034155355867
0.9967544709810638 2.256650607309025
0.9962778798700854 2.9033405772330974
0.9985183416262899 3.0131281335760054
0.993738633421279 1.9220980059852981
0.9986002140285944 2.9404987589607403
4.837417931248424 2.966278786458343
1.0036271688287128 2.4570975488881164
1.005369592087598 1.9052963731449957
1.00843751324941 1.422318343166197
1.0036372271299294 1.5587526957995
1.0025249542403007 1.6402179762928446
1.0024215293191059 1.6967843443224204
1.0100354961356333 1.6553747955383065
1.006046644383285 1.581755049311057
1.009896035208521 1.7956101730967622
1.0120069252836088 1.9476635828893945
1.0050166928491968 2.0430553431711034
1.013158280143667 1.6365489057598117
1.011414534854951 1.7033237639195513
1.0121048586043506 1.8507142803467456
1.015183087295842 1.9828213436233304
1.0068381938595152 1.7225058064972139
1.00311183814562 1.7617364670054974
1.0020559703512162 1.8525933217326551
0.9993710702740413 1.7780343161782004
0.9978786549115892 1.80208721842255
0.9969972015682242 1.800615951987182
1.0026608367987804 1.9208142214960617
1.005025208444281 1.5513369694125378
1.0057865169177376 1.1750392819298323
1.0096309498047873 1.3202733866954952
1.0090497200228081 1.4226088025524235
1.0110722978568427 1.3383440093656618
1.0070694889743308 1.2986063848810954
1.0214823357952616 1.438246682210355
1.0027652667466895 1.5740459013636585
1.0093749394857487 1.4291532806076748
1.017880125319049 1.4881043595310237
1.0083903734936719 1.5808966532176378
1.006997405371564 1.5545913648082674
1.0116943607863427 1.5841790153089965
1.0039418735632926 1.6286990355427378
1.0015124334247372 1.427815233017904
1.0093589154423728 1.1439292612600855
1.004350589603707 1.0700543518268857
1.0077254472814121 1.1765534498070869
1.0100672649815488 1.1309495330718813
1.0106160108564506 1.169547897044308
1.0076962616909515 1.264944317386246
1.0089275015619033 1.3014826372067074
1.0189402904597311 1.3508722080367317
1.0032756693814875 1.4404274411532798
1.0001655246190932 1.0979415536267327
1.0022462355310113 0.9503817096065429
1.003136456082271 1.0151676280901731
1.0093506716151481 1.081864700588811
1.0035011412568495 1.1071567955564339
1.0043937901356002 1.2264617690347062
1.0016534768021792 0.9629705539753052
1.000590056239471 0.9498394245085362
1.0007366182909336 1.0535626495010775
2.9939412874558213 0.9196557145332566
1.0025422390341705 1.9367149241832655
1.005361550524205 1.6763244973283307
1.0027611030158738 1.7284730999676352
1.0046268490916082 2.2983614187411314
1.0035981176276094 2.5980341132363063
1.0032392927533182 2.692828621732952
1.0025852376405167 1.4224883253811123
1.012896766680078 1.6909708754212014
1.0134547430505731 2.422481481539789
1.0164264561805019 2.88091541330782
1.004786187567411 3.0442481765739937
1.0073245936443855 1.9330308397624842
1.012303470787135 2.328622815258385
1.0099265210878698 2.7645763753650536
1.0097984470913401 2.9795508427862445
1.0081867584798216 2.4671073644185775
1.0172859414323479 2.6809140175204265
0.9980289735849318 2.8509201859663875
1.006248162487919 2.727348831997435
0.9984662550778708 2.80222009577459
1.00176883207119 2.803311547466727
1.0016606204582008 1.678017789459878
1.0179478355193725 1.5249688759078661
1.006285263328583 1.6737954346234747
1.0060919666467754 2.127679102568437
1.0025487405126317 2.313522267667132
1.0101615345688428 1.2879004325850592
1.01438186986493 1.6806096100186259
1.0171521482734571 2.260901841002244
1.0053904569023282 2.514506687920379
1.0087292646407513 1.892033571390145
1.02526346322194 2.2454190739504454
1.0103150251734312 2.4795763347348374
1.0000993629585258 2.3358905386821402
1.0071031804070243 2.434402679341251
1.001198672662795 2.460893625324222
1.0077685847526603 1.4312705828383816
1.0067388625095024 1.3537220103228755
1.0066665224762905 1.563940675951427
1.0048531905437421 1.7831784644854756
1.0094360005061593 1.3184854417399274
1.0173222175567107 1.6508540566551588
1.0157631883354692 1.8820097234065876
1.0153843655285681 1.8201200323499347
1.0118303365095176 1.9367584979340142
0.9992856215656807 2.050608789848281
1.0039969814059042 1.2970091173893858
1.0039305417289603 1.2673865988097288
1.0010174611573839 1.4250842400445942
1.0025700288672525 1.428578922539359
1.0116511844116638 1.5217717794052517
1.0127471768643155 1.6686392672861725
1.0035495137642922 1.2158922813162405
1.002177436689211 1.2413343707320992
1.0156151729404481 1.3673962772201818
1.002215554647 1.161411217459494
1.0043405557717116 1.9258806369946742
1.0065857095101183 1.8340677099866725
1.0024102688998164 1.8706300484903666
1.0051226824364008 2.2601818627368875
1.0020961140493934 2.422742350522797
1.0069676518063444 1.6305946468313093
1.0088721354389505 1.9131983494609361
1.0052212070184812 2.362789290802927
1.0091393712700092 2.57903801611066
1.0052792511720485 2.1268125056914915
1.0097034836424086 2.393127081930535
1.0116407081639243 2.583076551622204
1.0127989314850117 2.4967101339174
0.9975364774209157 2.587212941217772
0.9999880114815127 2.643439474746951
1.0128630827847473 1.8773968585050973
1.0077860952500077 1.7665693884397877
1.0110650202998683 1.971949396200181
1.0009883396312356 2.192735490204635
1.008792538770131 1.7308116209296935
1.0202126719447278 2.063267140121707
1.0216675356480855 2.282484373486854
1.019647666971444 2.2311036222136025
1.0140162753615778 2.361441482521234
1.007589356835093 2.4320079906385788
1.002253866204011 1.6789158413905119
1.006515089029312 1.6443105846278212
1.0059124852024612 1.8259953866864804
1.0093048495411856 1.8137006898638406
1.0119611663146533 1.9332470175253493
1.0087734648250137 2.1435418472556123
1.0034930977276415 1.5411720515981522
1.0136220739884227 1.5618456824695717
1.013380039918571 1.7047122643458774
1.004366199310793 1.431266324015942
1.0001334947674256 1.9282165290387574
1.0035500385895364 1.8877744555081193
1.0027684934424832 2.0081061256974815
1.0026713145261927 2.1826353045247004
1.0097342521960446 1.8753511576202422
1.004996538298836 2.101918809163956
1.0081389830095793 2.260644996134184
1.0029510089104832 2.24574784620356
1.0040922730960993 2.3351235077182855
1.0046107155117743 2.4306197914689465
1.0053481100460295 1.8866495411875028
1.0051871380458277 1.8563022891165597
1.0183699704720957 2.035853534852193
1.0045973525868774 2.0131272267517764
1.011995203403901 2.116755709244812
1.0077990301039141 2.248090818964048
1.0116122623155521 1.786109343547177
1.0116711829822753 1.8210610273611576
1.0090554279668797 1.9621828839452724
1.0009881311839577 1.6733203841335624
1.002994735576105 1.9296218352813845
1.0007258378961124 1.9075412813332357
1.0099183563176337 2.014622814190627
1.0102284248907747 2.0346550392327982
1.0103146531407088 2.1086566200946164
1.0084206102232764 2.2223292979544063
1.0059248171642485 1.9043455735898114
1.00289312924633 1.9298807502232969
1.0113081182910153 2.0588706296285664
1.0022155678509352 1.8452124920416821
1.0008050043267478 1.9268685184797563
1.0006686224548662 1.9468843441696249
1.0041563249106378 2.0513727859922177
1.0004724546859196 1.9110964642557695
2.039464494891215 1.9348188247498097
