1.000007593717008 1.8523452039679456
1.0011504639527573 2.5961134472582876
1.0024003315850423 1.8528234538777006
1.0004353232402212 1.8356375682698038
1.005800291392347 2.5139257662397605
1.0002555236762993 2.7117840389600176
1.0005136752550357 2.474231837421545
1.000988431175661 1.798481873882461
1.0010376248226398 2.4728067759199206
1.00059136786536 2.7057192726458936
1.001175679791604 1.7860376052359608
1.0010221358769382 2.7248813218888848
1.0000144945049085 2.636626351004626
1.0020538409809097 1.7168856170302162
1.0069731521292693 2.7079042138116547
1.0012101382682734 1.8688142871232172
1.0026617260448267 1.785678923097879
1.0003034359248795 2.8294230767649156
1.001351184040692 2.062124544568231
1.0051532210405996 2.6844114925781293
1.0003544575993801 2.687605104403591
1.0012619929415492 2.6432792942775842
1.0003928910267583 0.8673676997485372
1.0006485854380642 2.6901074687513424
1.0004225651273164 2.637411128422965
1.0001871772463455 1.422019834686925
1.001020058765909 2.686738412890633
1.0168353889350847 2.0874059930022955
1.0013697169758986 1.9627414450273764
1.0013523042496812 2.617251422184099
1.0015503556895566 2.4763781517179595
1.003174560182246 2.470977739295982
1.0009920494171183 1.8925610286918753
1.0009203934234139 1.9035226048666725
1.0034165100644739 1.816821705671094
1.002095490317048 2.715758395283961
1.0062099706923546 2.721173419097094
1.0029143523677266 2.7225805966037546
1.0050433089473703 2.727817296245662
1.001553479330436 1.83744760774379
1.010561170973615 2.7504283650118713
1.0090060248707298 2.7280709702150183
1.0040484039435051 2.800321808109499
1.0026863200791003 1.8483982452214929
1.004125168119585 2.7047716565888127
1.0012762488876015 2.7163094235727416
1.000757540703698 1.8107958295890796
1.0028558186799001 2.7002138520972885
1.005106461397971 1.7606389245352676
1.0007392299193212 1.7629616568525859
1.0024133558171857 1.8869447022238124
1.005222715817088 1.8577770009736225
1.001411027509112 2.538737225517642
1.0005341148499902 2.12308188488258
1.0024432698176804 1.825847869854617
1.005699394926834 2.698765734604319
1.0047245741942734 2.7121832127888075
1.0006512542212618 2.7145551229400184
1.0012096891018945 1.7901962678739107
1.0026818589978561 2.7008189065235095
1.000611475401647 2.711725161098547
1.000625795356711 2.142486980105419
1.0009380950982596 2.6991166681992604
1.0001333252491875 1.7558940727763352
1.0004101305344348 2.1575674851482547
1.0027083163732788 2.4326515228246666
1.0013350151024598 2.2043625593900193
1.0001723591114853 2.149965107028975
1.0115187191954442 1.7994547030241832
1.0020751336062212 2.694894431030609
1.0038889874584151 2.7017350023793076
1.0029784533972441 1.795891959663936
1.001681785912808 2.695813994139879
1.0000378981647573 2.3425343141402393
1.0015451568478688 2.3982951567940813
1.0043395814198441 2.4257541911683336
1.0000327135834874 2.2102735638707696
1.004207480151135 2.1262917593773354
1.000438153703215 2.6869811719631134
1.0003595466050215 1.74284499153385
1.000124518636259 1.7802947765509853
1.0000413155043606 2.1779423131022053
1.000795148653384 2.4610124909557025
1.002333181280369 1.4614224346196683
1.0009877930299083 1.1566097381934504
1.0007837324786444 2.359720595080563
1.0015490660880098 1.4945811234250677
1.000572444488338 2.223477943899775
1.0006258078059964 1.282632214074797
1.0000060828450708 2.526649427162353
1.0046300306276097 1.3633098468280869
1.002077679085349 1.76861268058454
1.0019939491850498 1.7466312755348854
1.0029341315235691 1.7908405593580865
1.0026142384420573 3.17320441354087
1.001556175347857 0.8969768262381299
1.0037816799353656 1.6995669450825603
1.0026654780785484 2.4106432590456826
1.0005190715456722 2.4452774596684477
1.0014189184302205 2.206891878987555
1.0030437344389935 1.755014704752622
1.001538936537178 2.7822782489158766
1.0007568351962342 0.8480033539608025
1.002855240295196 2.9974096435871034
1.0002497781815296 1.9761630827103596
1.0011144329988646 1.7945332069130844
1.003674927901801 2.295118076738566
1.009317748239836 2.1686154479819084
1.0019992557272652 2.493244561677801
1.0006337223820834 2.318022839964014
1.004826175782178 2.3879912486366983
1.0238669238964602 2.7004922481884277
1.0075883548262932 2.7031041359858836
1.005741076228852 2.7074150162997865
1.014233984900837 1.800825208307534
1.0226963910414493 2.693702949020537
1.0049157740188723 2.7129059560075968
1.0026917048625297 1.7215117675531748
1.0015936652285706 2.6950283927300314
1.0040650780843585 1.9020875746686932
1.004425309813951 1.9951504953826764
1.0051890479603527 2.239130956731934
1.002957414975954 2.545102206656832
1.001595313267523 2.558491085602463
1.0041303581100756 1.8222912894103251
1.043971397308025 2.6920154557517924
1.006167535439674 2.701342009201492
1.0018717786745257 1.7299396061276622
1.0029672693085447 2.693198409994628
1.0014806584183888 2.155226477148998
1.0015666388191165 2.272114923158757
1.0028888772223823 1.7112539400930595
1.0018656538385797 2.4410704023830783
1.0039642888585572 1.8228839437937094
1.0025867780080617 2.6841535341826215
1.0033957218456178 1.7251756118613017
1.001163505987891 1.7127401939811988
1.0013520576972694 2.2111168657377283
1.0007579510668663 2.4219944314736326
1.000075308570631 1.5306489304008406
1.000739342169954 1.5639887254786418
1.001552520055616 0.998744162482252
1.0002778663282037 2.1748870200781365
1.001812059257409 1.472808272088502
1.000266502481895 2.1243021160397655
1.0016087789364712 0.7877427387186917
1.0048729405205752 1.7248106544003647
1.0012144726022087 2.3828794885450546
1.0006506909732062 3.2396363344452968
1.0020576909600383 1.5307084355381941
1.0026801807303127 2.4029408989648964
1.0001110410851448 3.4678865148490923
1.0004595393326359 1.2933453227985645
1.0003641524160207 3.2557908409202914
1.000050868720828 2.003295764593942
1.0014852646109418 1.8264029679504774
1.000798572808585 2.4516494141565217
1.0041800071697782 2.2748962216386426
1.0005926404280479 2.139000197898418
1.0079176551571882 1.7930125756315904
1.0073341633246586 2.6739954382876046
1.0017183488539778 2.68380687128157
1.001873152949937 1.7319961790525826
1.001234209862372 2.668112199918419
1.0002638749669788 2.4844187567619453
1.0004182572799016 2.1899821638113153
1.0054420400770132 2.1131878450966823
1.0015687421430008 2.457561628581756
1.0044535692232328 1.7833353859511363
1.0016669972232255 2.678279042197092
1.000284963953742 2.396700366008213
1.0008690186484346 1.7332158645272888
1.000985263833065 2.33816817471327
1.0022100022093157 1.7670145596887354
1.000060105284053 1.284504654796784
1.0003988852951524 1.273626748028111
1.0009180997766436 1.1455042751151077
1.0003335876652895 1.9928891093821615
1.0000171834321676 3.104695257073222
1.000212857241753 0.8788629517996255
1.002073341536347 2.318907749046653
1.001088822624253 3.6527897622665386
1.0021354710878996 0.8172608686862803
1.0006680624187285 3.153742310780041
1.0000188234117042 1.866104956081632
1.0036427443435894 2.250659489641357
1.0019794421723693 1.7217744688843237
1.0009592638709421 2.336607350972733
1.0022566649195912 1.777540119207949
1.010031112934225 2.657111352373486
1.0023835953176785 1.7935907133547142
1.002050657752676 1.8765331666347274
1.0039815347835725 1.708864181354881
1.0051091505335223 1.8252407429727044
1.0001330718158306 1.5497099547301647
1.0003931532726968 1.156300510527963
1.0004870026346562 1.3537454209737425
1.0000142899671702 3.0329261824185627
1.0010558974406658 1.239149294939351
1.0007240306565046 3.2861699154983945
1.0003588573710114 2.3516477853231517
1.0025591803240161 2.2892059475371194
1.0000271969060057 2.1779139099548104
1.001942053506045 1.754744555148622
1.000052829035544 1.6851163400851874
1.0001235994957633 1.5364069890339362
1.0000445356375154 2.878860164210832
1.0000600179008652 2.1395279505513507
1.001091542467803 1.5351416154237119
1.0 2.106316011001841
