77283.97535556152 0.39542409202384665
1.4851817497167161 0.42001885328230854
1.3897970182606285 0.41389826938761537
1.4156360402404435 0.4456743883250038
1.414738113861286 0.4758559950892375
1.4323440558299005 0.507978657583201
90870.05571493134 0.4747545865145009
1.4324123047982247 0.4482748070642799
2.3338446319031343 1.4116578509984035
2.3381586087157253 1.4456632635083544
2.325278873168169 1.476966269188912
2.3626682570082616 1.390716478225997
2.442566487962891 1.599546759065595
1.4242563733397948 0.45885499679782416
2.3106613001921597 1.4170003898530557
2.3866093861101323 1.5605572021278642
2.3180519045044976 1.4478987369897252
2.3685076703946257 1.5201053358817653
1.4204270769211125 0.3897749373902268
2.308382617786366 1.4273713925942806
2.356819459115255 1.45946764074584
2.380987623041015 1.4959952513873533
1.4793366384390747 0.5280034529450188
2.319586078439171 1.4509045013209254
3.1754849299695223 2.4427130867427866
1.848588464102318 0.5086748230851095
2.5219039219789825 1.7044200898918451
128236.95561430114 0.6681968707630462
2.386737428843448 1.527781583332754
2.307763433702124 1.406626165282046
2.314350577525145 1.4653090722287259
2.3117097766045474 1.469185936420432
2.297441115578702 1.4493028813622577
2.347634679638766 1.4533016989956355
3.2560606217754615 2.4315005038038686
3.2279921153642084 2.4432981604307646
3.1797978418645036 2.379642811329418
3.1987784713185543 2.432679344562124
2.3814359081019463 1.5270848173940448
3.2458518590061445 2.4341020453999507
3.222684147879146 2.4203019147939466
3.1934895656388087 2.450820180330045
2.3393079012397053 1.4910513088303197
3.19913060175989 2.419526389468427
3.181011119362156 2.385592706515693
2.3136841463679367 1.4615892853458954
3.182093749056977 2.373082254294739
2.297481462304 1.441900361190507
2.4464462956065134 1.4959017620466413
2.3644654059220476 1.440216804357362
2.3320530469184373 1.4453743611598067
2.3361835360422503 1.5055022254822537
2.262831093127433 1.3241993872476496
2.333958597466795 1.3987791281240036
3.247900396270304 2.3291083273115794
3.2402742776529343 2.410568405952843
3.2099617032604812 2.423505039437703
2.349505301151109 1.4151696048246603
3.2443468840852177 2.430318963519301
3.207893510982549 2.395097328335929
2.31403342112995 1.4175688871010694
3.245890540728922 2.4619764033586407
2.3009147100631293 1.4100857816636845
2.3935403041988152 1.4791859239308938
2.3785095286388946 1.4825072621614157
2.3257773422674206 1.3299840157389458
2.3112269919527004 1.4345460624580773
2.3489937818470077 1.3562868479944779
3.2750446271430143 2.403819055799446
3.2341939250578124 2.3180380312876427
2.3534514245546156 1.4092930151166843
3.2492527092310786 2.3823059135919427
2.3227844745028694 1.416116946292138
2.337953139534475 1.3197596809551366
2.3002966267190113 1.2995326833131973
2.3256932992035173 1.3645476322900434
2.4140339496079775 1.4700134334039094
3.2576480088473714 2.368691070150755
2.3609713700404855 1.4046196907067598
2.3566418174094803 1.4018963895127543
2.344211785623162 1.3597403548897242
2.346322516680508 1.3947586844251885
71051.75115463835 0.36248854698005956
1.5002591980951068 0.4931433278200174
1.4161043979728316 0.4148234866455202
1.4252326027928222 0.4465190515099543
1.420673859601491 0.4946078747696892
1.4112683784986266 0.41713774750145594
1.5176979944988789 0.5952375831226081
1.3589587595421548 0.3560235662421104
2.333555072906262 1.44016845944718
2.347960843571035 1.4876870508844848
2.3835989015338304 1.5928098121110184
2.39147638276914 1.547484317949932
1.415244046759416 0.383745813642413
2.3112434349405153 1.4084189030973744
2.396619486619859 1.5474874567106822
2.3963958959682 1.4623115093402275
1.425105723642702 0.4741928061055784
2.3372588500357936 1.4430902193148
2.5528030835494775 1.6775364573328613
1.4550828288704505 0.5290670305137346
2.512675987739663 1.6697796804925806
1.5628643222650367 0.5487495610279388
2.37769023428602 1.4972173851259183
2.380934957584473 1.503919352430367
2.3048977355679794 1.425092712569986
2.2843533689843314 1.4287761519903897
2.3067293255569044 1.434896588492426
2.4626534421310016 1.5805152637446858
3.2489886805513666 2.4421765745689066
3.256014238661427 2.4745706443230664
3.2515446320925045 2.542920940112418
2.2993857048100095 1.3372438957222097
3.234779668473364 2.441426159387454
3.208095800669236 2.439429198955359
2.3851356109916084 1.5103348602229456
3.2992277936953966 2.491162001594093
2.3440593867367485 1.4036645860366643
2.404168270429998 1.465362806827156
2.365116500723418 1.4381184321298874
2.302739452601677 1.3874343451099427
2.306222009137225 1.4441630250520365
2.378174827985288 1.4914666256763875
3.3112223884645613 2.447162026064885
3.227849100463498 2.404101885423975
2.437304329243076 1.5538609746730319
3.2346625151322304 2.430463565418052
2.3455145279272194 1.4730178429248066
2.3890680288677526 1.4436645020724517
2.3885566529061326 1.4554163982195207
2.336465517622308 1.3864220485975465
2.3576249755254723 1.3891623144424068
3.3075643992833577 2.4486046867245475
2.341922988983447 1.41813255532504
2.351549181855861 1.3302076595979813
2.364526905118442 1.4026482480298819
2.371797336604188 1.3364887605546705
1.4943223550716693 0.49694963100210987
1.408545595176677 0.3193593976748082
1.4243704751755737 0.34546834541768984
1.4484373343482557 0.4801374928633573
1.5743874565692437 0.6564095949289654
2.598995469149089 1.5140404048955143
1.4990126702800453 0.508675141200175
2.3488089915672923 1.4068110634806474
2.4599787005013045 1.6202744382894358
2.437715731990188 1.475351539799788
1.4814177400805746 0.43191914831436806
2.340121153231913 1.3735438076471396
2.433574307401098 1.5580907750372928
1.4789119868116427 0.5456207077964977
2.4299248056732883 1.525881898217856
1.4939855154175865 0.47688011330398083
2.3556505136637966 1.4223877225747947
2.3473532821558756 1.4327751027488347
2.319546393888186 1.4003293693703989
2.3040778338420944 1.4329079048925895
2.355115207904833 1.4262004391184595
3.2686992379567483 2.425126840362457
3.2202205333302367 2.3770716281178874
2.396943856023458 1.5014618033763416
3.2529776334672773 2.4408933774598562
2.341529868190378 1.4574903002846495
2.3994199864558965 1.3956360994088475
2.3599979550839425 1.3670557951030022
2.35092378557454 1.460688197288913
2.3645605205420663 1.4178214335616766
3.2845091990282858 2.44022026359539
2.3065314853126884 1.2697259099090163
2.3637169643716307 1.3998166027030947
2.402017309570172 1.3678337949547499
2.359482803172079 1.4101821619554378
1.510213242466219 0.4931564054651584
1.455892156854302 0.4586411194978283
1.4210205923489516 0.4254410110148325
1.445309173168241 0.4285332207600238
1.48342752901645 0.5180340689313734
1.4695220036414631 0.4362688722397771
2.3950608982337767 1.3644469903675833
2.4962241736246873 1.5136648063828413
1.503031587331231 0.48688279871739254
2.415010644399403 1.4473193861081899
1.555974926887985 0.5407553355623527
2.370207181467676 1.4270602806271022
2.375628309464377 1.4396516801678385
2.356887393309011 1.4467349637250182
2.344039423651483 1.3343747410421947
3.311407044946094 2.3930265703480016
2.3437946668054943 1.384180165239142
2.4839358038800885 1.5404315970035196
2.4148521038210564 1.4129280017293433
2.3079856729677 1.271971835498586
1.4942533468795467 0.5137781729841888
1.51780263498296 0.5334560301680984
1.5047898090039111 0.4906215494614264
1.6941782953357931 0.5733829319387487
1.4518738211418325 0.4136338706333213
2.479718376992085 1.495932644822212
1.5659425148904171 0.48108928555066116
2.3573430648311264 1.3412532896315459
2.3750630400289126 1.405373261677047
2.408831175282592 1.4633836636428086
1.4793625128264245 0.47084456438041544
1.460226316509998 0.3808929116920606
1.5513153892041096 0.5671061361723775
1.8254787371798198 0.8267343073353897
2.2465304134263233 1.2695370342364467
112709.78109896727 0.565979771011388
3.216609357222153 2.4050033448515817
