1.2413336846748078 0.3755539465863899
1.0006621790382149 0.9900330145168384
1.0019860666025493 2.182732326580148
1.0030395997826829 2.1991389588911696
1.000387837418813 2.352439309375679
1.0006214521932038 2.1953555407307874
25.913216864272837 1.7947281311897232
1.0139608631236725 0.4691257619307275
1.0200323157824376 1.4369735611181902
1.0199271307450648 2.004887295268568
1.0291408068116048 1.7267827171547485
1.0158927703945064 2.2052349768953468
1.0035929881591972 1.9826534681313506
1.0032180363165826 0.7270279861227588
1.0719910498087633 1.2680935125207595
1.0465019364333359 2.1599604027915285
1.0053333834603397 2.5512699288860787
1.0201392019950515 2.624342863473551
1.005651767931212 1.208105009840292
1.0175670338551597 1.7474603376020745
1.0336086716241235 1.3393756065513056
1.0173097391193664 2.4329616810526447
1.0135950937864 1.9443403727331305
1.0399814224059267 1.2379685264251126
1.0114427491646099 1.8020832696985556
1.009589004606839 1.3304429609554222
1.0039942445834158 1.9864091424503951
5.760332566619811 1.714042184494807
1.0010426961766057 1.747836170920638
1.0048228889080784 1.1954926955889356
1.0100110803982323 0.712705446626802
1.0216898954969489 0.8558276292513078
1.0040773364527174 0.9316756335114837
1.002137865666399 0.9836377565364005
1.002801200282804 0.9482458250986271
1.0231311194903454 0.8652636606187614
1.027322870636448 1.0744288869724792
1.0278659912250674 1.232239052788268
1.0360222917192157 1.333023153146641
1.027990780362723 0.9228170934560265
1.073987129792204 0.9930639746911715
1.0712403135170265 1.1268400059245591
1.003026114224517 1.2750071653259725
1.0185615590829928 1.011039858020708
1.0127522304966188 1.051058024980133
1.0109576012741741 1.1456280683672921
1.019458260923232 1.0598753436196495
1.049486322046095 1.0854312365623189
1.0205771815061175 1.09666257420593
1.0204733746694397 1.2053870107714666
1.0023062419529962 0.8326926983176413
1.0052996504128096 0.4703804260710404
1.0026551076450185 0.6106188383193094
1.0009324677388307 0.7168572594581133
1.0097852317858778 0.6220873500576732
1.0282246023072525 0.5881170871005241
1.0184139113464552 0.7301117609974386
1.0065805851671 0.866709951452987
1.063167451246569 0.7129002871421221
1.0594700113991575 0.7751367874550009
1.0393018559300289 0.8737071292400524
1.0347112231368156 0.8423024430731738
1.0269099046755266 0.8790212217310858
1.0023576100060199 0.9246020718374603
1.0034570471407451 0.7183134933163798
1.004722387670821 0.4351201149375441
1.0070088431622994 0.35947620609831304
1.0043515104705287 0.4690600694091377
1.0316040448904629 0.41558753875312676
1.0156021491648413 0.4594498110701432
1.0079203297732033 0.5517881927715207
1.0122536680967686 0.5953850522077675
1.0246567819868244 0.6313879626322074
1.0089844194963669 0.7185472705670205
1.0035310529435182 0.3931513997718427
1.0048032540873268 0.24362676631902933
1.007289052809904 0.30655709616477195
1.0522385660993918 0.3823975019218293
1.0463807267400869 0.4049345908966009
1.0017257427790147 0.5147621565400724
1.004434574735917 0.2503883092937491
1.0062816043742728 0.23575374268567187
1.0018457347973995 0.34526749156128844
308.7367164179831 0.21966951903579032
1.000731718804118 1.2196337555732302
1.0044270960541892 0.9677243081360524
1.003308773057945 1.0163969565796709
1.0051469301241627 1.595786790386224
1.004819123245646 1.885254773023581
1.0034972160892437 1.9834371786174825
1.0085776371746087 0.720852541965906
1.0540671684059102 1.0007702324611514
1.0280931991668811 1.7009110016741629
1.0389279887311869 2.1703927877826805
1.0078978081016103 2.334148451845099
1.0454729078408236 1.2333553303468068
1.0291678520208831 1.6193759850191212
1.0350817356203021 2.06177298486658
1.0609746116507275 2.2849067651432313
1.047966121307779 1.7683394756811552
1.0349330990190542 1.9859314632987668
1.012951378040896 2.1460265351971137
1.001935532164109 2.018058370607968
1.0039808107732804 2.086993156206722
1.0162588236146752 2.095827480956989
1.0074597282661513 0.9690670682744584
1.0029283635195743 0.8161290091536065
1.0121924402054203 0.9627356262713758
1.004828235158434 1.418396619639683
1.018993691149075 1.5823567333828596
1.0393972710546926 0.5686358038261938
1.0631325168850247 0.986962980389887
1.0307267864965375 1.5564491900484834
1.0367907563446719 1.8155857849035724
1.0469965207079104 1.2062092195141727
1.0279682201755858 1.5340779209682114
1.024194316258812 1.7712896434673047
1.022248474447619 1.6212734742005155
1.0333341873757078 1.7190901479069356
1.057738934913703 1.7603280532249184
1.0084083602165435 0.7201746304016741
1.004660253707272 0.6517868912547449
1.06000880408249 0.8503537493392593
1.0046686690572764 1.0718218075594943
1.019976940839429 0.6121413141719343
1.0257682568404436 0.9462606798933734
1.008867072601362 1.181666202823029
1.0738490765359254 1.1161375674832041
1.0989658271042089 1.23935981924263
1.0346156526192942 1.323691564970905
1.0023594533904985 0.5873105469088138
1.0040620514192524 0.5550702797125711
1.0027101712604394 0.7157425373449628
1.0178279558297825 0.7136647327677992
1.0122326507808725 0.818310002059594
1.0464295061215891 0.9579637910250915
1.0063347796752173 0.5070959951185325
1.0125073425698479 0.5329559899458549
1.0220578775119287 0.6617728321872778
1.0083033689921317 0.4531357006260406
1.0013531191882836 1.2196223406936477
1.0009666643899948 1.1325628775636245
1.0100669813858256 1.1630821769799795
1.0084745114709415 1.5513566620298855
1.0028818056660314 1.7160793240963785
1.0299921497862317 0.9182991784359975
1.0398478026905755 1.215604466143899
1.0437188204684773 1.6478323090795446
1.0067100165956127 1.8670135674558075
1.0529333546976767 1.4232372490753395
1.042917297884643 1.6896106058549853
1.0365178058754563 1.8785602365937055
1.0522397916859176 1.7941967887765609
1.051770601783986 1.880430774889353
1.0220298543119397 1.9216819776902887
1.0064165158874399 1.131430795445911
1.0152429165015173 1.06049946164247
1.020990885301137 1.2609592927965727
1.003012737128048 1.483778762034584
1.008088191505016 1.0190213289496532
1.0861151948914805 1.3689177532809955
1.0189242838810724 1.5941866117338925
1.0617924663919232 1.5072215010166752
1.0213305332139961 1.635493174526474
1.0035148754594594 1.7243698597534585
1.0091389904931067 0.9680505182860317
1.0186784137142573 0.9291690136008922
1.0032105943372474 1.1235653591839956
1.036613607049715 1.1051577571541429
1.0400128167712184 1.2307730638079937
1.0028646076338417 1.3607053560391242
1.012771423370166 0.8293324643444383
1.002625315612251 0.8574577138493537
1.0176416921507285 1.0028101820159288
1.000745551835447 0.722435871094883
1.0035838594879405 1.2194583825499519
1.013109540706721 1.1774470815251163
1.009992759081087 1.299935140873044
1.0049613506070265 1.4691659253431228
1.0093074754458295 1.168619725272646
1.008936860030406 1.394406689530172
1.039899200774824 1.559454217257957
1.0156844446912778 1.5337162223106704
1.0616951480075238 1.628532378776629
1.031523115553536 1.7236456261901258
1.0160535770734966 1.177584317884877
1.0231529176804932 1.1490720825713931
1.0269919084288348 1.3084596675050832
1.0552917962654782 1.2959517166445116
1.0653090089965356 1.4157166281926887
1.009146245609467 1.5363998659277125
1.0035860492063584 1.0790165262696785
1.00503642461514 1.1086745379601255
1.0290986144209988 1.2560789988665881
1.0028043287236468 0.9691020003003302
1.000676162688991 1.219667999585186
1.0198126581246019 1.1974866439066394
1.0055085895613496 1.3064436519237939
1.004986754590206 1.329251084645861
1.0128343768891896 1.400273030491201
1.026092117622078 1.5179834119494027
1.002671302346668 1.1950760313789415
1.002558770124982 1.218211725753842
1.039735274625794 1.3504547184774074
1.004083779736636 1.1326834137523822
1.0058317799394507 1.219585494852996
1.0035675361201055 1.2355553446501573
1.0016903593816002 1.3454109156703566
1.0011355519722482 1.2038295873129967
29.832536532727357 1.2196844379709404
