1.0002110372900883 1.7936231171920087
1.00074766065061 1.6888657439735497
1.0016218968362696 1.069624197386196
1.00342016850307 1.409487325729682
1.0019159958861392 2.073681189714465
1.001046318268575 1.2271121468424881
10.118863959559434 3.0799142207267343
1.0006113750758372 0.6620370667691093
1.001913491184504 1.159652513920769
1.0048660113135666 1.7679912208635498
1.0025153668362372 2.5926659205486606
1.0007488714645694 2.6250710681217
1.0029393192112985 2.6017161715823303
1.0070156892225766 0.9660687666114023
1.0026480320365598 1.551135707051741
1.0054283258315468 2.0413033007278285
1.0035118820495401 2.2942000720361264
1.0082483242330342 1.9408204802343798
1.0006156376883737 1.7212700389304527
1.0005431667331444 1.7444997563026559
1.0013169615097244 2.2160644544979893
1.0062812877614418 1.7402695471390646
1.0002207404730503 2.0460344539966084
0.9999661372754451 1.2427895489670846
1.0031461112559403 2.3056826261219823
1.0004191734193977 2.1806179866325457
0.9998239246447154 2.0102952355653616
117.39336121221803 1.2360984075417283
1.0033143798172135 1.7467229472062833
1.0023632389049821 1.1967870585449636
1.0109782805102636 0.7082768246724868
1.0038356681139418 0.8516797120659381
1.016348799206035 0.9301597169593155
1.001275014796776 0.985273145771172
1.0039915808031823 0.9476913712839743
1.0107652729255487 0.8706124442871895
1.010351088577583 1.0861853380868913
1.0061884485743684 1.2394017194163167
1.006105869246566 1.3392993436458793
1.0059250940197009 0.9241603522869338
1.024837578446227 0.9848192721221033
1.0062969263012589 1.139476960257399
1.0057982725023253 1.2768481914673329
1.0027401180774984 1.0136440149107462
1.0102982815612074 1.0488101102698657
1.0033808371696329 1.1458156813472153
1.0045291498322588 1.063613227031055
1.0027305053455244 1.0869684509358515
1.0011523956663975 1.09413958103188
1.0100126905230407 1.208795906023365
1.002611480493056 0.8343102475428447
1.0101824717040448 0.4678756263199022
1.006327549009516 0.6115873882840359
1.0078670748625291 0.716186616097616
1.0050741866784074 0.6246071332731505
1.0159666602102377 0.5871142429948625
1.0075755280955847 0.729174428582634
1.008703653933566 0.8644861385427699
1.0134407095635825 0.7179239405421101
1.0040314617820572 0.7662835804114194
1.012838379331461 0.8711884889306676
1.0244459380340867 0.8420033290290712
1.005155557287691 0.8753346787660892
1.009955678510513 0.9242076762178153
1.0053377482517603 0.7176133072525863
1.0163002536720522 0.4332335612849112
1.0244686982775222 0.35645167217667667
1.0027363104925515 0.46974416001706465
1.0046324518173424 0.4244088473712313
1.0098849385702624 0.46111909084245173
1.0045717179472746 0.5548478968798473
1.0113592935053426 0.59042337757503
1.010458506029193 0.6230055459330989
1.0003818199866292 0.7205266963965821
1.0022655842356305 0.3933027356775303
1.008301175224527 0.2439657914581192
1.0011601850495633 0.3070818600446744
1.014594270977567 0.3741251805887315
1.0068463323469916 0.39883513547613236
1.0051941404241247 0.5146073225013279
1.0121262409541028 0.2497389513459566
1.0011769268998243 0.23575262555002308
1.0024466506223617 0.34529556322609145
165.30540284379788 0.2198752417128093
1.001238533424711 1.2196592247788516
1.0100631915106844 0.9686869916668146
1.0071118959807903 1.0133469137725686
1.0034527019404549 1.5951144872395222
1.0059659623373087 1.8868141091443889
1.0103305654629042 1.9821731336067119
1.0083497511765322 0.7181756502337624
1.0092860861144035 0.9850395666864286
1.0111240222875042 1.7100292428423256
1.0118899968035349 2.1646941120975924
1.0020693577201503 2.333313765966442
1.0068193533964784 1.2240474839449995
1.0182581883808688 1.6222869638254194
1.0170309559976678 2.054124114089699
1.0038186703043004 2.2753041475034292
1.000726870321968 1.7587700963027273
1.016930589495244 1.9826359088686278
1.0090595806176634 2.1426424430590956
1.0018573612047257 2.0182908126378045
1.004775675477855 2.08658579606351
1.000682229758144 2.0939527003664615
1.0021889150202694 0.96869626953774
1.0066038244747937 0.8153227279141072
1.0059886616421547 0.957261231393538
1.010777134730838 1.4210535875557362
1.0064321463525105 1.5816787863317745
1.003989163045033 0.5764045102443109
1.0689548826790525 0.9901362220145773
1.0119898358881088 1.5538466944838498
1.0071332074959325 1.8032018171648219
1.0102180089765496 1.1953281604872368
1.0068898675626083 1.5317996063938233
1.0330052480742051 1.762791990796794
1.0060469757727977 1.618876554236353
1.016299886687355 1.7244286174900083
1.0033061905344107 1.7516040004312943
1.001973058593743 0.7224764543855788
1.0154160871183018 0.6481216478165344
1.006279349867589 0.8556749465919539
1.0048587183214481 1.0738087034177042
1.0163645789391522 0.6128784284898605
1.0190561871574826 0.9485589341926993
1.018832698254556 1.1797924044498653
1.0160949115132876 1.1033924382812887
1.014142244734625 1.2316294326618402
0.9992507535546018 1.3155461662132764
1.0064957926256308 0.586580761562572
1.0074049951161788 0.5549357620303326
1.0132603232625168 0.7128930302717933
1.007650068890554 0.7148477458798259
1.0138316416854216 0.8139628717997734
1.0197639571948458 0.9485117801578961
1.0089461339349821 0.5072274458951466
1.0054419622185713 0.5292106092135312
1.0070579532110624 0.6585979892524922
1.0006993089192653 0.45505992980561005
1.0075211701893068 1.2194842275600823
1.0038099550059938 1.132853107515736
1.0059185695893529 1.1621335306273803
1.0192963888172586 1.548756362099749
1.0085167836391205 1.7154753709542359
1.0072769161295967 0.925095398219942
1.0181976538600517 1.2047780777894002
1.0170254340296858 1.6442459165632146
1.0081569675404054 1.8666278442827118
1.010007217468206 1.4122562548191036
1.0035372684967374 1.6829888510473188
1.0074141673803025 1.8728762617095724
1.0071729269614142 1.7874673566852999
1.002509062288211 1.875277605615015
1.0006041506893952 1.9253346371716706
1.0041502810990057 1.1322633363674661
1.023762524094649 1.0583879443327715
1.0033652985306587 1.2646166204699067
1.0060302435337596 1.4840355322777277
1.0143614872473297 1.0218634262153348
1.0525625649429915 1.352981107334993
1.0164213957571853 1.5882033997582008
1.0089904264819958 1.5123623489248952
1.011369700360874 1.637956842971674
1.0012144135494596 1.7250098357457595
1.0035666285892746 0.9689778014087129
1.0044649549962936 0.9319893496068788
1.0043066794057767 1.1223733483799028
1.0135739168746356 1.1030878324759295
1.0202588102847518 1.2253248461351773
1.007488800665428 1.3607410719980195
1.0055564017869938 0.8274151830555712
1.0046443930561255 0.8571752377691875
1.0115618337222008 0.9985261852827522
1.0033055394078356 0.7233264270487652
1.0058643963038971 1.2195463837701135
1.0088647609133483 1.1776412946109516
1.0033724512847202 1.3003483863820242
1.008241434708477 1.4686697135808087
1.0209264612202669 1.1649725171954883
1.0229611770190432 1.394078738542827
1.005136434478878 1.5544145474963018
1.0096757537227947 1.5363442236086546
1.00729212545038 1.6247320386761523
1.0034188128361816 1.7198192693292849
1.0042367019447127 1.1778165463098524
1.0038800655658078 1.1458682562378462
1.003733268048071 1.3064472598673296
1.0406865712370417 1.3001439212798633
1.0056808099648458 1.4077169467933757
1.0030222324485685 1.5368567020799528
1.004959168873051 1.0787761510672493
1.0142554106422932 1.1075867601983427
1.0011563668836156 1.2517282486855454
1.0052277590119607 0.968919687648059
1.0021348120232112 1.2196076623942294
1.0070302343795157 1.198629204386304
1.0065666397200745 1.3063922755611974
1.0012769536581467 1.3298933082464077
1.003726126894139 1.3986415863145532
1.003630259478742 1.5148660898223723
1.007175028606048 1.1952968102978918
1.0009737313339808 1.218247161280083
1.0049790453674128 1.3466729913053486
1.0041723780237017 1.1321738741205511
1.0022510885176652 1.2196165338376417
1.0048068083967148 1.235595040542055
1.0009998939783582 1.345690265742601
1.001094700758626 1.203900579990005
34.913822129715875 1.2196744244530804
