1.0030945151507213 1.0736814994178854
1.0019835190797732 1.831428668058781
1.0006673582029357 2.6675679729932273
1.0004295994365966 3.4258915457612957
1.0010384995014914 2.9238549735874604
1.0006275568453649 2.3645233059128863
1.0077672605685473 2.9437578127467434
1.0028359637899513 1.9266077674525002
1.0029530029652909 1.9481349348102022
1.0077234238956148 2.7153509021478355
1.009718310948523 2.525610192016821
1.0014887363660379 2.633637576532922
1.0098240461950378 3.5870676444793186
1.0016292734858143 1.927471512018543
1.008724133792241 1.8468046324393546
1.015624467980652 2.875772918526846
1.0147237831383364 2.358589585303276
1.0036947759302466 3.2835536491849515
1.0033162927166106 2.166428794045611
1.0113313687562822 2.7100854070732607
1.0041555803732083 2.7211637674342555
1.0039074908389662 2.220882801247258
1.0072597310981273 2.518725702928136
1.0040877704748352 2.02933892894649
1.0025092489444805 2.1539043155548647
1.0048485595770775 2.8980930420855384
1.001472781281408 2.945741226384598
1.7370460828934773 1.9661780097992239
1.0024264439698096 2.454280543225198
1.0010652205835586 1.9211886559263514
1.0063212680405305 1.421060907821526
1.0050817710016868 1.5593687578395157
1.00373633759424 1.6409248986930733
1.001159550385909 1.693411115475703
1.0053496820482177 1.6530472447043407
1.0029683829889477 1.5768281875243986
1.0121456583824768 1.787373506926171
1.0037603795524899 1.9436590652277708
1.003797930730135 2.041206335659255
1.0072437591418155 1.6355155892865962
1.0166610399605889 1.7041098435694582
1.0107420656798394 1.8500016638792591
1.0062860502777469 1.989059103441122
1.0073050108152948 1.723236649989831
1.0078346846900725 1.760874661914844
1.0046750559603406 1.8549875454934477
1.0033433473953928 1.7723690678007595
1.0097287448215095 1.793062186578008
1.001738270539665 1.800504795269592
1.0090820822755753 1.916394892097792
1.0066451068597126 1.5407540361317587
1.0083719352694251 1.1811678162331802
1.0059120725726702 1.3202871030478773
1.003854663897708 1.425090603346999
1.002169141626805 1.3398509614882013
1.0017708614638097 1.2951307758904673
1.0081233917680912 1.4351552998104646
1.0092163756090826 1.5805431505349787
1.0103958424934054 1.4274527428319301
1.0050010731559398 1.4718183982076511
1.0049263818964174 1.5822218482946466
1.0057770008955147 1.5543464558658644
1.0011637321909264 1.5817451387691648
1.0078443890719786 1.6317886718793413
1.0046998802637848 1.4274618029452217
1.014385270181481 1.1415099914460796
1.0037449119662387 1.0685370002163719
1.0022587128851492 1.1785431062711136
1.0076031223167101 1.1356877910765433
1.0088796515452416 1.1745506664063172
1.0071296680273627 1.2667833944039981
1.0098685718088052 1.3066545087332673
1.0019965977034937 1.33327397328521
1.0033351858178388 1.4364645409415413
1.0010195153085433 1.1036868098185346
1.0008235246558448 0.9597727117497508
1.0080245661780192 1.0170211479291473
1.00374943576191 1.083537385600506
1.0044915663769372 1.1042606563825608
1.000665244582831 1.2225984691711593
1.0018679178528296 0.9590361761589968
1.0014252494843912 0.944461288354103
1.0061022199888243 1.0556760937304148
7.3553895670782286 0.9298946570112953
1.0000535558216705 1.930377975996767
1.0026364811268724 1.676184998371585
1.0065424932342488 1.7250305488613573
1.0082838149717708 2.3040096276966233
1.0023587257010704 2.595336236253112
1.0046720249703023 2.693440788229629
1.0020871016586708 1.428055219665575
1.00289937717456 1.6948470970796892
1.0076954123008908 2.41719303285576
1.0075677761472952 2.879676137455346
1.0047018420546545 3.0411480273567135
1.009882446348971 1.93743076002372
1.0066272633579054 2.3265371732825755
1.009462488646215 2.7639169695259653
1.004832423974375 2.980248689500991
1.0077449575270914 2.468992716949119
1.0028509525141325 2.6913655335782796
1.020888900236392 2.8551089535338408
1.0052417320301041 2.726729213881275
1.001533895438024 2.7932452393950693
1.0002994710528037 2.801525106540753
1.0033511418334606 1.6764511697293691
1.0053424431021571 1.5232073993424948
1.0047099729229068 1.6703436253231816
1.0065305498691222 2.1382018052448126
1.0019794805083808 2.2922653313079366
1.0140160411260923 1.2743209398600657
1.0231086588166747 1.6869356040354686
1.0095106675382755 2.261043138873088
1.0070393602831764 2.5125429436171918
1.020147658844791 1.9082699167932837
1.0076229655773832 2.242208573752763
1.0095285182640663 2.4845430985686647
1.0120783266723363 2.333449060770101
1.0037923401830564 2.4326198212215555
1.0069187856943609 2.460307290397158
1.006224075248782 1.435383184825798
1.0096425276630379 1.3749716805308365
1.0048418102373824 1.5640492463720752
1.0045997018653985 1.7815069599451754
1.010862048639637 1.3169669716224397
1.0202357815867598 1.652030215381314
1.0069083249489503 1.8883941299025773
1.0121930079757206 1.8192915021670066
1.018690034046978 1.9406742524543958
1.0014235882021114 2.021868959673191
1.003437320353644 1.3013082340901345
1.011853332960781 1.2620981870232764
1.0058716236040652 1.4211415575129718
1.0250790425649547 1.4386407146444764
1.0052874526202025 1.5339116195584632
1.0185232726242057 1.6611886912810754
1.0040063236831631 1.2165267356300409
1.0057663829170878 1.24571949600517
1.0019553297997952 1.3695517855663966
1.006020788262758 1.1620882066278915
0.9999146442351037 1.926154022919551
1.0032416425738273 1.842718705690611
1.0024828668356884 1.8731091000456273
1.0025816167351518 2.264174420455796
1.0070975897402785 2.426929129165981
1.003165292399261 1.6457874141383306
1.0138552904253522 1.9202292760169315
1.006680205816517 2.355249375109676
1.0068257013236712 2.5721309318552903
1.0170705796675013 2.1249394999372657
1.0134804562898374 2.390894354485124
1.0056974981686533 2.5807623226282534
1.0086218016025437 2.4960449317563493
1.0194320477009484 2.5808856816681693
1.0008192555318958 2.634199643775994
1.0033093262348056 1.8473038954139391
1.0056739606747391 1.7743048878388121
1.0085236819756371 1.9753233050850478
1.0050109782001408 2.1880922963953933
1.0042132772901433 1.7279905952239543
1.007977962565119 2.0689794730646627
1.0053631394542117 2.300840366572505
1.0145431721801959 2.2225720951436494
1.0072767886606644 2.3476142292630957
1.0178284647174964 2.43597675026915
1.0148220121864013 1.6791348724892343
1.0087212798226413 1.641020874774458
1.0032940357223545 1.8316434787802842
1.0083811044857982 1.8121808597837656
1.0146036218861925 1.9360124962401033
1.0026461871241616 2.0845348930845957
1.0080277922998462 1.529505363807078
1.0045858688008986 1.5662055016164755
1.004855753935447 1.7087657021452842
1.0096624748590497 1.4327403597731945
1.0004435484237455 1.9278799686625483
1.0046167210124675 1.8869482845529855
1.007710895504777 2.0067504315426232
1.004343711062008 2.178918630289415
1.0014838984785146 1.8696523082828436
1.0027585618811794 2.1035569896443813
1.0080744642022212 2.2647923384333
1.0134089159846156 2.245293058841739
1.0094236432232226 2.3286956721081
1.0001302242711272 2.4308998181440584
1.0012565013291275 1.8846553180055534
1.0058587903711036 1.8578925653296758
1.0056234295559658 2.0184230097699247
1.00506744393677 2.012930261491732
1.009046506779093 2.1173465081428717
1.0102569218539919 2.2414638075868476
1.0046970025534132 1.7997314596762928
1.005977377381305 1.8165421505343717
1.0080761701634835 1.9599488141446906
1.0030681231815024 1.6799601598888296
0.9993239815940741 1.9286941022196988
1.0029791554804846 1.9067696895147472
1.0012501277512929 2.0155575161551935
1.0003896936594268 2.0368935813992666
1.0042751293310208 2.150418562288513
1.0009072496106795 2.2247026794950924
1.0001622514257302 1.905170456722278
1.0055214701235315 1.927379721349068
1.009239366985636 2.056862326833574
0.9990833370681237 1.8479292216983105
0.9995623030558954 1.9280596876693938
1.0038968735335647 1.9407934393040418
1.0084036599820263 2.0538145398188203
1.0029535271926167 1.9144331201281872
7.816279374153492 1.912431109202469
