1.0016629386249514 2.448724561150081
1.0009930484982106 1.747184561365751
1.0025810925392133 1.9031940717151221
1.0005377315636617 1.87712557048208
1.0004456227178025 2.470034601575584
1.0009481693690574 1.5954972749824443
1.0002684435067444 2.7380022371847113
1.0028035853451802 0.9203981775109082
1.0007737810976538 2.7003850944757515
1.0010690561678524 2.729155151891692
1.0089511080763274 2.5789019001720543
1.0014066065658305 2.7034283942379584
1.0006867705657576 2.7250730754990293
1.0003590981735537 1.7433895497945229
1.0031094473983748 2.704530456122831
1.0006121479757535 1.9027048985891735
1.0029521375285502 1.7983336078767396
1.0012952722259825 2.8089089102310627
1.0004932549027734 1.7791257682930666
1.0006152227791523 2.692391781488962
1.0020951950423642 2.647671441494089
1.000486948491473 3.1720200840708035
1.0002459655301847 0.8518347430843154
1.0037824178869184 1.8327160193642282
1.0000773962174418 3.5827957259850316
1.0000698169508233 2.17420337930915
1.0009979841950707 2.788259849684913
1.0000013601722597 2.929295128355502
1.001638625951022 2.278330809375075
1.0023418525515908 1.8701009869612726
1.0022240273365266 2.1325649081094844
1.0068535327159291 2.2895624230990688
1.0008448899067672 2.101857300626616
1.0007160664353916 2.372277598200183
1.0002483418816115 2.2693992426156497
1.0014655128572536 2.7118860974243986
1.0042922989031735 2.7209800618853657
1.0047750036429792 2.723668915438121
1.000083613020517 2.725176460159048
1.0020844697390887 1.7936389812595905
1.003654391082138 2.708412856539545
1.0068437815849185 2.718784390215978
1.0006397544460948 2.723465411959911
1.005585184707388 1.8129230269760708
1.0055160386491309 2.703022307536262
1.0036190254622153 2.7155459098919463
1.0072172487016282 1.7397240729482266
1.0006371029204295 2.699220388677083
1.0007139117297685 1.7902307670045303
1.0003141501295658 1.9490459056301028
1.0033866216752947 2.1128695611340005
1.0005288946430684 2.5818212197070984
1.0025638603406613 2.5118382764801677
1.0000074323743375 2.5818362916830457
1.0015413208447954 2.4229877035542886
1.0047080298129318 2.7001354918447418
1.0040590571273256 2.7090757010517645
1.000338356413331 2.7158144603062584
1.0005771787244693 1.7940951674738848
1.0012996459692263 2.7005473587215874
1.0003546159506271 2.71594211787803
1.0022603172782791 2.464347927252531
1.0008494080842594 2.6987667527641355
1.000409246229908 1.7600691412471794
1.0005451977774662 2.2515936942676467
1.0011159299043062 2.4217849320912626
1.0011558845233757 2.5052419976536444
1.0004979215414485 1.8688209101329778
1.0016881574285166 1.7482599851400742
1.0061200726743285 2.690393604859218
1.003112271461783 2.700990874751118
1.0013703171683563 1.7294013281920626
1.0003687767991196 2.695069294594344
1.0001434586471167 2.468380867573375
1.0003996131704584 1.7866232905975588
1.0029564925048726 2.5479655700298935
1.000341058157804 2.160108627359595
1.0004570582045564 1.7211677345267404
1.0012555404064067 2.682664989515831
1.0000321382513808 1.85888605332643
1.000326177659358 1.7121883887388645
1.0002143678743602 2.074955122397197
1.0009901258019573 2.1707596276976426
1.0000185413676668 1.2062861998706305
1.000983433694912 1.6731386837647455
1.0019218770885303 1.6833953067671765
1.0011715154666447 1.5706348361400317
1.0007121902502738 0.8566319528341336
1.000667764429342 1.6785936448660963
1.00068651993049 3.028675900719522
1.0002457456405016 0.9733985358341805
1.005879738320945 1.8098403303167454
1.0021846029449035 1.7835283575405438
1.0015753975943225 1.7864120061154707
1.0000828924365037 3.4470641519616834
1.0005860478530282 1.6912898572586608
1.0011755259227169 1.836821816375409
1.0014314241507676 1.773869122079851
1.0006328884775733 3.4718829363016663
1.00270405315009 1.0050844751511376
1.0022032170937138 1.7951369385421472
1.0036172279194249 3.260358511868545
1.0029869749286242 1.4028074318508348
1.0006315345670158 3.571487781250825
1.0006776617456496 3.181082185074597
1.001872252372979 1.7884555123902217
1.0021937072332883 2.094068605416548
1.0019154210558303 2.531604757821782
1.0022193404947524 2.495942968199663
1.0017750360312498 2.430368010494493
1.001241665966577 2.480448921234432
1.010143470168931 2.693813829922945
1.0043610381189332 2.729581808860737
1.0056897402482883 2.7053742733242885
1.0015203037803104 2.2931526022467748
1.0099360665650896 2.690390703090087
1.002633177573595 2.71093701858023
1.0043619786495754 1.7268155511094485
1.0059092954930433 2.688050602942619
1.00102819496556 2.4988914699619276
1.0021551355375173 1.7430989626680942
1.0037943194229135 2.2934456133314587
1.0025418000894242 2.5711988976051323
1.0013729931659032 1.9206987661405814
1.0025530681677246 2.48637484338669
1.0048629997866116 2.6899793148846856
1.0049814936724037 2.701138780150542
1.0012738131379852 1.7393346673043468
1.0068854430139063 2.6922095808287843
1.0017564274818336 1.7901387625899838
1.0006602183735485 2.105100200809569
1.004972198487991 2.519009936891741
1.0012901407146466 2.52738051399233
1.0027340608898778 2.3866263360135336
1.0041665068221952 2.6840868936152944
1.0035482884094802 1.7240628906047384
1.0011274473390022 2.3371696000781457
1.0005760359140152 2.531860481893445
1.0031943488417696 1.7442252063945713
1.0000437440809309 1.5842755967373519
1.0003144708583975 1.5115832550038542
1.0017509350017533 1.520190277908494
1.0004997358931573 1.7331998181699202
1.002049251452266 1.6706997424209495
1.0000064223453298 3.3697703171619278
1.0007990515235763 1.9890727174536091
1.0007692308499985 1.9245170572253156
1.001780524565661 1.8038921601028262
1.000336551038501 3.596501583471806
1.000568825918027 0.8931846760213404
1.0011451506244846 1.7825360609012617
1.0003371426467977 3.219590896041649
1.000807018029076 0.8188512366492884
1.000844295724973 2.977646901051974
1.0004089123005981 2.5426277955279106
1.0027095499813454 1.8399648400849655
1.0014939304995383 2.511349961054384
1.002233168261557 2.5674833708792573
1.001337659040457 1.9348359951085146
1.0110271855186441 2.2503014463983515
1.0114862055283846 2.672861856965092
1.0006064976478182 2.72658390557305
1.0016932858141998 2.401888645890415
1.0029673385845104 2.6749878344867573
1.0016570050329932 1.7559221077524052
1.0010260047972726 1.7702834417406461
1.0076560947910191 1.9509577160154086
1.002272442994843 1.9690763572653625
1.0063594889230223 2.154815153981276
1.0025668182598155 2.676858520178364
1.0010927059897026 1.8066270901377515
1.0014584087593348 1.7784885092754534
1.0009107733001101 2.5564559112012386
1.0023366016719775 2.4220637946183228
1.0004813368738328 1.5473200376573686
1.0004925882510585 0.9519583384561114
1.0013893596620196 1.6175907690236535
1.0011103752882136 1.5864691549228365
1.000347928232825 2.328435015361701
1.0013765453271233 1.4402732855808869
1.0024710188770747 1.7881977806415117
1.002712629913645 3.354314114092208
1.0001031277359667 0.7873888577716344
1.0003253074545617 3.1170404960048095
1.000130191891836 2.2072060183224647
1.0006583803487208 2.148086925054961
1.00528143661866 2.4921132763308855
1.0002008760981038 2.290455905157999
1.0014617999427482 1.779978802300383
1.008468226462447 2.7196493743127683
1.0009981661956138 1.7884552107316183
1.0006646163164161 1.833907675372413
1.001681197405109 2.5445096562985214
1.003965359121658 1.739751653772346
1.0000430131835796 1.509783962842179
1.0002450596424906 1.4900351899767985
1.0014056890107395 2.0869524503845085
1.0000735199211928 2.8910985124223814
1.0007372971227884 1.3670738164559952
1.0006707959098555 3.6725906924146687
1.000032238454194 2.578539884111878
1.0011517869238593 1.7100072962687167
1.0029770066744075 2.4928843424467684
1.0012034827871434 1.7452965940730936
1.0000818871009993 1.6985996847699256
1.0000166177206284 1.194850724552424
1.0002117273690923 2.7196192717397305
1.0002356068330003 3.097374799659972
1.0001378740274274 1.2655815407752296
1.0 1.8120406445084787
