9292.751485565168 0.22169539777669078
1.1656404876839646 0.35738701464722844
1.3358860620909265 0.6667653675125247
1.2357889517149576 0.9084973583938998
1.4076598066786947 1.0359654889514844
1.243652172428431 1.1791825866630865
63474.21528421699 1.4693390123182157
1.300521364555898 0.37162760157336866
1.2313639006982267 0.7306427608577188
1.6060285993455825 1.0951615230765033
1.6926945275761556 1.4160072818767497
1.624315239259672 1.6248023772357443
1.638274988797464 1.6593766425471945
1.2289083650615282 0.6664938335034523
1.2604384385981633 0.9041016072671482
1.3336136046375857 1.2596120300492968
1.4319787418244467 1.5061277407098386
1.3488315895647307 1.6992033444197312
1.215868912392513 0.9493123038417612
1.2629046955462706 1.1870122531843013
1.2902474305661475 1.321784578894163
1.3307889028539923 1.4528030021487837
1.2696058302067872 1.1089584692718484
1.3078918402290847 1.1978070128047218
1.4003541941460318 1.264016717789662
1.2829463772690142 1.1908701683322909
1.6031906475635758 1.2974605163502326
55015.77515955549 1.2093422662870619
1.8371448268799702 0.8303521294763712
1.5833143061117276 0.5437994663694561
1.3664739226164193 0.3899727865288769
1.2127312906239855 0.7123421002502284
1.303002159783493 0.8706314453058032
1.1877938813173097 0.982258201730366
1.384865692769117 0.5644669631234764
1.2931655547581007 0.6797181520468882
1.2634072579863735 0.9476455011698368
1.261858133837764 1.1772050177825966
1.3363102409780754 1.2431978794239162
1.4974803982662566 0.5310959890866254
1.245686307925868 0.857706375827036
1.3652578884668294 1.0647155698356108
1.349214678595465 1.2207809829292535
1.2200958459957592 0.900304279151698
1.2175410903531034 1.018594022162348
1.239139559031286 1.1485064675478636
1.2245777621996288 1.0528039141246635
1.3061837898585726 1.073587318955436
1.2584057858064628 1.079875224968576
1.4698646187496274 0.9416742120136108
1.3051674841860827 0.6748630615071406
1.0992764937502997 0.450284453760788
1.1310663963109278 0.5807779608431614
1.1512841074626747 0.7119171218581233
1.1375442216620208 0.5942737284324972
1.1254556475067163 0.5697317373929249
1.1597409211913525 0.7002240390695262
1.296175207501563 0.8114355941877168
1.1652407004290812 0.6765489824778456
1.1883560256686934 0.7283359697372562
1.2069238386528403 0.860119181770224
1.2090371103435917 0.8098649628533728
1.2134879256547397 0.8638485836119082
1.2258636126829978 0.9107323310207621
1.2199787581041461 0.662240523672283
1.184659554860473 0.37438489430041055
1.1038064518260802 0.33740411990692515
1.1056532962744483 0.4694141573757321
1.0912322866994475 0.4122824913343245
1.1058269145440638 0.4544322951133578
1.1226817261933164 0.5499671948918348
1.173935431294092 0.5590652046325247
1.1429665233337003 0.6187298199735407
1.1658059315734977 0.7123172302561573
1.1039519580580759 0.382522050394279
1.0770869581545495 0.23123707159968446
1.0664701248039987 0.3130164740969993
1.0988148110896523 0.36251590316932664
1.089593699506324 0.3974147784603113
1.1179459109511853 0.5102588609357448
1.0623803120470097 0.24460769262703938
1.0574352706644665 0.23521212741710715
1.086428739572483 0.3402606889342329
9626.674619543553 0.2197321988446189
1.561255360360627 0.875348879310176
1.3178192768867123 0.7744503545063977
1.3267958939512867 0.9083053591121141
1.3464794661137638 1.5444641851192746
1.3984700218013655 1.8894919794207075
1.4421953909503211 1.9441867521942329
1.1235509667886128 0.7249209304980246
1.2852705321409972 0.8713716449889862
1.4353696292179678 1.588890232437615
1.5114381297397153 2.0764815931678506
1.5926696939796832 2.1816466844091957
1.3474302139843681 1.092911339731663
1.4877872340536293 1.485925585061798
1.4826637885664988 2.0004410635030494
1.5985476276768529 2.192403465099352
1.3624256417859093 1.743988988965359
1.4367697349362376 1.9601974381570322
1.4796728305621833 2.118593361508056
1.4775687283661374 1.9841241291738214
1.4499829606097976 2.0829363755506014
1.4772883713390472 2.0729375242242276
1.2684877845160472 0.8562629571060726
1.2691897076032104 0.6810235228173398
1.3918204542299923 0.7969227202455427
1.5169385046196262 1.2411774565980305
1.3415339572022613 1.5420051121644343
1.2034563202171336 0.4935254156292647
1.3152297338565218 0.839535320663827
1.5897187887536979 1.4164491257283585
1.4740452031203688 1.6926919951649677
1.4396211296606807 1.0175457525918457
1.4643131141313073 1.4138603683382538
1.3953026897521985 1.725262129035843
1.4791415855542178 1.4867109656148956
1.4395262496239982 1.6601172970142994
1.3805481679660239 1.746158054828966
1.198672729254371 0.6613703923185064
1.2301730376125126 0.5819451479318155
1.2618303699192468 0.7957102490736863
1.2610986244275542 1.0260439373231753
1.1829239751156577 0.5342552889507579
1.285394930534599 0.8802605971139624
1.3380984220018008 1.1080668061883747
1.3973535104750467 1.0014897529918576
1.3206679316531664 1.1786617887689412
1.298314411607136 1.2914333630033308
1.1531398082564701 0.5608492870391617
1.1346250936434574 0.534640922502294
1.202016270514586 0.6841733843449175
1.1524682031738096 0.7103905050676691
1.2202709597033643 0.7826309159403844
1.2699341165598277 0.8972343978134943
1.1357345077421404 0.48826548035219197
1.1519998156629463 0.5076449249816031
1.1825278608713514 0.6295581477164417
1.1129476693039038 0.4417681121726865
1.30351012571624 1.1711799523253665
1.300205752712435 1.0675440851503775
1.278833686482495 1.1185825908277838
1.345747287878337 1.5291119398223065
1.3877187881918251 1.6920646077446428
1.1804124502847715 0.9139350962436149
1.3233484101798625 1.1218528010811175
1.3915260688553521 1.598834192019956
1.427659539262698 1.8247680087194311
1.3092686014221921 1.3719706664494768
1.4061958211200802 1.6490606887948003
1.4318479078022048 1.8463068515651555
1.4118882220788609 1.755519019271604
1.4379525005036573 1.8514661198412248
1.4258668661219813 1.9105935794376778
1.231741794972578 1.1101471557167848
1.2331373131405314 1.0335992405736183
1.290831491860911 1.2430738348047454
1.3745016765427722 1.4489837613518106
1.2868015842052798 0.9351763950373251
1.3438111849711858 1.3087933246863899
1.3730006218685753 1.5560421974452456
1.3470641755990385 1.4827110436255915
1.3748851661976729 1.6258558311716758
1.3850182869836614 1.7051907423357684
1.242833117882542 0.9383325047709503
1.211077261492419 0.9173864852419279
1.2739094228528234 1.1019537251720617
1.2687327607758772 1.0661474286815602
1.2940325637037002 1.2048234421932609
1.3016582134661379 1.364352024281168
1.23633621171445 0.7960678368084089
1.222451281886098 0.8374638103656766
1.2211429956262005 0.9882945084265246
1.1896455695198584 0.7030800023421988
1.2581788445288684 1.2015935631183017
1.2580065183338582 1.1572801121454397
1.2710149488500033 1.2968068058078992
1.325331817114152 1.460745411328388
1.2509832265854324 1.138027589056359
1.3006739221607853 1.3782347343203876
1.3315571181342656 1.54929968540589
1.355974837745578 1.5068194312295082
1.3577007809797976 1.6117616056688167
1.3764624206552885 1.7089283614625865
1.2699924806374314 1.1576952463223416
1.2511544559296266 1.1358571248553362
1.2891904017612401 1.3006303320227366
1.3340263368341996 1.265693660601392
1.333114527752324 1.3893928776837008
1.360946647108638 1.5160882850409978
1.2280297336224109 1.0786566527252883
1.2488834339996402 1.1040470379657894
1.2900979283080882 1.2338282658517763
1.2650939961765624 0.9488058145161973
1.2663831772092 1.2071350937816223
1.2542570078595925 1.194123305039156
1.2749947582422652 1.308651918010314
1.290416754843471 1.316552490819045
1.339704677515508 1.3775994665329385
1.3384720060818245 1.502237372900141
1.2553198212517183 1.1912731719707073
1.259881876271553 1.2189717823176265
1.3245220195465999 1.3270682857349556
1.2611691983815632 1.1253224333907235
1.2733047252332883 1.20826564429314
1.263025303207147 1.2366598829420852
1.3010457174522791 1.3361861673218707
1.2580595927915503 1.2042495130155593
52626.146333073295 1.2197066878816734
