80570.26823617125 0.4385220110274713
1.4048836089238101 0.45567885122322155
1.4717025705478621 0.4811537708576529
1.411905109040675 0.45505758574859495
1.596494874602297 0.5123917768116657
1.4977645319637731 0.5473416916108123
109989.2422996816 0.597608668288522
1.400098795411716 0.44455720648466207
2.350974077937368 1.4501495789524634
2.3280285628665593 1.4614848522965662
2.323710656929027 1.4513288222705893
2.3458231674210497 1.472954826204446
1.4610272920136143 0.48557304317424793
2.28379517894594 1.3340008299735497
2.334062035484048 1.4276423675025058
2.391007762366217 1.5407816358471673
2.3881810885805344 1.4979902964384166
1.424774319185381 0.4400918612929603
2.3317161368489563 1.4565282190857167
2.348878842463904 1.4640172134712512
2.4342317359309185 1.5609225008691117
1.4048189034209222 0.4134066333697265
2.3303641956546923 1.4442365434445525
2.4533285240981537 1.5587996459191245
1.4707383122679127 0.45011145732540897
91574.57210127013 0.4846263234092499
2.311403336363962 1.3156370100703354
2.3162633759427096 1.4317159563804287
2.382139092617308 1.4353585751240552
2.3000444491485545 1.3863165479161306
2.4258506854399995 1.3804388653480586
2.3809256087537034 1.4269133992758052
2.3117041329088157 1.4333240305741786
3.2236618458969932 2.4594054063717583
3.2242068071781613 2.439877054466855
3.2286124852834623 2.4074899451580336
3.2282290819564334 2.3949174156656463
2.332648447774716 1.4681277163765127
3.228253890168359 2.44198724999711
3.2239467206209858 2.4421542230155318
3.221817764635089 2.408275660842773
2.3246126068759008 1.400513117989977
3.226360802465588 2.4203981387808713
3.2284152332215625 2.424918213335609
2.349756781945831 1.4010738170501114
3.2234735262926577 2.4449205070783293
2.30129071968474 1.2551194963696406
2.3640102169750197 1.3890729549217264
2.364543951725513 1.5053426981548024
2.296470310066705 1.3838683609697715
2.324893307744461 1.4319314652366766
2.3571702605320386 1.4600235682516265
2.3148405470377176 1.4205238866403578
3.215752559724093 2.4213668232537784
3.24660121785535 2.4658983090446527
3.227337454504056 2.4101144063237565
2.315119680092239 1.4321427275396248
3.225512696498792 2.402827347614745
3.2317147940840725 2.406907426809433
2.3225136574127028 1.4192425566380495
3.217049216303293 2.388109441391059
2.3387207238620276 1.4535749209055386
2.4497717517304074 1.587778378096942
2.3808045008272725 1.3902402704197805
2.440722245292502 1.6223258115425538
2.349250643323556 1.4671923180458215
2.3019373436752386 1.3984851830432419
3.2415762833593456 2.435621672381606
3.236440599568364 2.440517609762311
2.3119200215093225 1.3892747615142316
3.2208480569473936 2.4242764068687612
2.326290280423451 1.396086897029473
2.379750583377426 1.4504153916200222
2.29621055763206 1.3187846958024871
2.267156329722509 1.2778390713445964
2.3074884993560945 1.380879085489687
3.217290809575314 2.4295231793310936
2.322836869171096 1.4323855871650557
2.2919873764254453 1.3655604776066828
2.263937943487969 1.2478819063080044
2.3215136107093333 1.3988970616134686
65666.46389649512 0.33314524951174856
1.4466556032965951 0.45265873721085953
1.4718105782581505 0.5274501391694739
1.4265248415879357 0.4662062041787682
1.4389027144955704 0.48531476092228054
1.4536652172691564 0.4714069723805032
1.6190855444122474 0.6786085225471943
1.4457499478899065 0.49919506859909873
2.3360218876359213 1.4647118657956293
2.3286008344509197 1.4324560854059045
2.4020118332058047 1.5333643038641755
2.465432412197776 1.5606130472246287
1.4016548901040378 0.4380381426740012
2.39751959554647 1.4781782616556023
2.383899778678243 1.5048056932040614
2.5366833784259075 1.5389360797963172
1.4477940328573544 0.4675583372842395
2.363288956960343 1.4612670610145548
2.507617787023471 1.5401028556928824
1.489531804877318 0.4701548925975278
2.543424531184482 1.5332593755353647
1.6132775134975064 0.605428001582522
2.3386513729608405 1.3982947938999506
2.352656833186572 1.5035181778292923
2.383989867648196 1.4963696645278532
2.328129894951836 1.4303982393779837
2.362623722243118 1.4503282806954239
2.4341116034711847 1.405128165298505
3.2710832713100246 2.5251571841308604
3.2631525158267243 2.486231236528625
3.2309718435689376 2.484654974361521
2.310146437786271 1.4079031121532775
3.225967768130235 2.344715159679188
3.236799445996935 2.433278175548181
2.35281679795927 1.4301695982390696
3.2215719262861464 2.3787915486678712
2.3171052689150686 1.4269751295521358
2.3449280379495967 1.476681187205791
2.3030618199517394 1.3628217171139725
2.3797200889774848 1.523353468259322
2.3723587209216945 1.4901542176846367
2.3444336003536996 1.4061556950177063
3.214784574446606 2.4081430559316823
3.214431878763257 2.390610657607132
2.3216398838492047 1.4129472722096539
3.2054505141456717 2.347127749389854
2.3304597194114463 1.4314116584448744
2.37865256221409 1.4097626364293114
2.282531296107166 1.336431049466219
2.316144559849442 1.4331652991406922
2.3290246957313663 1.363136679197438
3.242298622594226 2.479588680484224
2.352450476272761 1.4346355328294624
2.334592895971765 1.3861769226484149
2.309831363880846 1.4257528425996864
2.3128904240103325 1.3413249728661545
1.4441492340875821 0.4621178961149533
1.5345966049576212 0.5429074382737147
1.4545444685126108 0.4706247650280468
1.434980754921782 0.4534065047462059
1.476030772721426 0.4782767087499736
1.588593930688309 0.6407994711618553
1.3666976690705996 0.3222031179179888
2.3439593681130035 1.441122177038594
2.37838183288613 1.4497209294228535
2.538912573347111 1.6346650503066227
1.4312534232267036 0.4570566614546908
2.4907080043858976 1.5904933692688097
2.5563461103942853 1.6722406362894777
1.494017091155341 0.5241323763824746
2.5304843421938137 1.6357733406461956
1.5472073803305542 0.5817411555685306
2.337452445076634 1.4318219074777963
2.304042430775031 1.3868874339249164
2.3097699300125916 1.3977956912683884
2.324245728005954 1.4072766500858724
2.360341340138552 1.457723148959409
3.3476995887821968 2.407399325804073
3.252680937460823 2.4524539522347975
2.335417096874653 1.4323999621176857
3.2342816247741846 2.386676817468098
2.3384619644351408 1.4637459504914014
2.3693661387804656 1.4758969894780258
2.321097402173184 1.4053415019764652
2.299470975933801 1.3630288405904594
2.320368687340922 1.3846119401556636
3.222784542666208 2.3735743448576994
2.327966003363622 1.3548452741805357
2.583625543859686 1.423294441109734
2.316497373781018 1.3754488814685224
2.3460632358340607 1.4405362868554277
1.443164244327768 0.45712872805792976
1.5192037189291479 0.48740554318024026
1.5064117177741823 0.5369511074590017
1.4841596069242637 0.5071821299409434
1.585751238087214 0.6018722893787813
1.4441181000558743 0.4321069796450133
2.3980767438721893 1.4516160164817977
2.493029924917142 1.5893485992724319
1.4590412472132366 0.397775945568219
2.4881506128575186 1.5852181411561872
1.5100186643925162 0.5198444110714516
2.4663859031427986 1.5318358681950115
2.3620985543076207 1.465306588184899
2.372900659667117 1.4775160985884284
2.4274188898890863 1.5398422980815154
3.2286081819899026 2.339776517131571
2.3022202398006684 1.2619396383004904
2.3412469700952494 1.4183272816583807
2.3290205264611643 1.3965443498730532
2.3350538212300522 1.3505628458060515
1.4562729575226654 0.4423158104524122
1.4470345816927572 0.4417521194197887
1.451791973666756 0.39545300215262114
1.5054887618677895 0.5063406551963964
1.501517541261105 0.46610109886912754
2.47856771637249 1.53424528879236
1.59274337791339 0.5772463877911768
2.358880767946239 1.3930839091810236
2.3810627601325534 1.467959898808573
2.370308992922247 1.3036029974957701
1.4277210855648619 0.3777123551438735
1.440961112199307 0.4227743858239226
1.566505839791124 0.5470646894980673
1.5440604440395505 0.5191293128794355
1.5631848156910717 0.516013018337989
95354.09507158966 0.4949093650314445
2.327009717539267 1.4430350945328076
2.803820034497091 1.4896705540846815
