1.0000126713824484 1.1926379996564322
1.0083753309722725 1.9356367352902304
1.0008266269519757 2.6032768276137195
1.0007087183419427 1.7874367318931033
1.0002586414962182 1.2743459409653695
1.0001419865910075 2.5041571213362213
1.0000014008456086 2.7094506320370697
1.0005863024021815 1.755482138154998
1.0003807401056202 1.7351453656190823
1.0035092959771692 2.7303220879048826
1.001827313924382 2.686806833818719
1.0043360310440455 2.7200784673950986
1.0012075181426443 2.219300353300792
1.0010923162036207 1.6275015870174196
1.0054622499176478 2.3694358108078677
1.0006153582293122 2.6966722807378907
1.0002620076232445 1.7749913619787043
1.0002222449623013 2.764486526919457
1.0001378190481074 0.7690638583763162
1.001061423531475 1.7467147727451187
1.0068579362993861 2.7102278345699586
1.0006277998500366 2.81552794264092
1.0000599836017918 0.7728382930181377
1.0022327378370761 2.6772209707489445
1.0002769892045533 2.7121253459356245
1.0000840581529722 0.8407048029654945
1.000374324142993 2.713345402098343
1.0002357025487263 1.9713288862615297
1.0004089164387509 2.323490075716367
1.0002531940768515 2.573942917970564
1.0018782569634626 2.103523307358786
1.0049101415698287 2.1374072277965928
1.00092418818532 2.0588784792988677
1.0004710764262674 1.8907391077208402
1.0003756866592237 1.7486079677306456
1.002688573847837 2.712487705243789
1.0077893014415462 2.7227946598247814
1.0021888507806451 2.7242386830487417
1.000369726209564 2.726546517513003
1.0061651422690239 1.7447570375641483
1.002512547010673 2.7097920387048227
1.0062166330601834 2.7193149278693025
1.000703756011308 2.7241439200949946
1.001037360239492 1.7358136202275727
1.0046589650070905 2.703237008045534
1.0015742737223392 2.7157594983924547
1.0048353207587055 1.7484245811218793
1.0014640748381791 2.698920008488046
1.000181712573571 1.753960825464508
1.0002727036323222 2.068001034272852
1.0020077592625363 1.8564398741077826
1.0022157058533618 2.395883304758219
1.0029969471189577 2.1404934670691724
1.0003045208304713 2.297358685736012
1.0007367672934373 1.7313406663525894
1.007616027199221 2.7000724196011867
1.0012980123187571 2.710327130875156
1.0007158168320256 2.714603751347031
1.001088478372107 1.7326732482860692
1.0103671436482093 2.702369129670108
1.0016123515534492 2.712491823153038
1.0048869121928088 1.7367854563428706
1.0017174484378415 2.6985374087972462
1.0000471967597087 1.740161268033277
1.0004727321788804 2.525166165219448
1.0011753185913232 2.2934158319544595
1.0005655841826417 2.0852930511280463
1.0003048716528335 2.15473274073196
1.0001130144166446 1.724297735049483
1.0050845440477936 2.689807472505417
1.0022898338075046 2.699697534690034
1.001891971659762 2.4648909326256923
1.0032065172711533 2.694754127089333
1.000120349566795 1.7319419143657595
1.0000620096062018 1.9920386512671602
1.00160293218657 1.997363163640699
1.0001478840961697 1.9969686358298648
1.0022023566970115 2.2609939528982714
1.0035965124691637 2.682276542200254
1.000229413360769 1.7327108528430992
1.0002309220267036 2.1655543508751722
1.000385698060152 2.3386957554577927
1.0003218060308638 1.7187960075770787
1.0016063299376177 1.4094544023160085
1.000408828224307 1.9457527562161352
1.0003740588325287 0.9423454991328013
1.000863138498431 1.02889377923583
1.001955332574853 1.2368725666430822
1.0009070114532714 1.1236538788922719
1.0004705421232518 3.025035673195183
1.0002787428438817 0.7503687991621004
1.001177240071082 1.7254163576711505
1.0073095971627395 2.2390072375995635
1.0005625956901045 2.136549152221595
1.0003691558467647 3.677294271005664
1.0020354785706165 0.7667308923024639
1.0005607700893648 2.3886391234238333
1.0031484706416323 1.7527990023370168
1.0008887902144605 3.694090522258527
1.0010150762823868 2.1526754121457854
1.0025547952563278 1.7555046826135237
1.0011206542710203 3.2885328951422257
1.0017578513456673 1.3396012170149096
1.0013144303557855 2.956386846233859
1.0001813191287714 2.7259337463852247
1.0024107463228913 2.5010771003700083
1.0054805826151654 2.355067158699222
1.0038221079646035 2.5310980263810605
1.0030820881482896 2.1037671906545277
1.0018968656369402 2.004895513713328
1.0017700534770229 1.739691860252279
1.0051380792173137 2.7054436057651015
1.009011850877501 2.7152717098558314
1.0142539360773912 2.728292010963959
1.0073011345315492 1.762388556749423
1.0189680188222479 2.6943000878021497
1.0027076247297617 2.7045383134092917
1.0016190278955206 1.7276735647046089
1.002060192964302 2.6894006160843995
1.002259419571667 2.3839245507785938
1.0012004990074592 1.8449299998654933
1.0034235686701019 1.9986133067911804
1.0007609288579538 2.5838621603504093
1.003663137618995 1.9269511098151881
1.0017351910197698 1.7234953979325685
1.0035604594723693 2.6921238466061266
1.0037419085110146 2.708236371071917
1.002955367417081 1.7359758093070106
1.0003862262200254 2.6922772040507548
1.000480416353144 1.7383469850672248
1.001905601318076 1.8415477493550636
1.0071184060537777 2.1610842202837874
1.0015044518771015 2.151501415816183
1.0081237884064946 1.780383117349008
1.0120800318022865 2.6905345674072745
1.0006328546598235 1.7341277648050655
1.0006827547745707 2.2855645526455834
1.0004548283801453 1.9127689083567105
1.002934701822298 1.7218859397252473
1.000923761303543 1.5536085514816929
1.0001966080827194 1.586453748048612
1.00068025196903 1.3568341345064558
1.0007201999091373 1.313711205728033
1.0014393867066145 1.5721459162234384
1.0001823431391075 1.4885914058073668
1.0006901396007275 0.7752508697604923
1.0015344295851893 2.427193333796395
1.0055107562328005 1.752633704061794
1.0007105237184812 3.6496303979305758
1.000988625885659 0.7623014417470034
1.0012595766238117 2.4698568988101086
1.000388211974821 3.707147712158925
1.0013034868308657 0.8122719757994572
1.001716922619936 3.663258179645588
1.0000453758649084 2.5796767624091794
1.000830812785787 1.8476370304584786
1.0030432599387218 2.5359468870772606
1.0026591449375999 2.455482733009678
1.0015259078732321 2.031527142003717
1.001758969209885 1.7029797125816448
1.0164422168014677 2.661200317989323
1.003291334177588 2.7323908574962674
1.0005597480633737 2.206528695037265
1.0051967843099217 2.678930934420268
1.000506098043144 1.7140661676333977
1.0005783371611392 2.2360225034103083
1.002870714605831 2.5473239531141396
1.0004778451330962 2.055999382026534
1.0043385825686928 2.54976747652833
1.002142659891374 2.7029518935603076
1.0017486499422037 1.7470994690035608
1.003485955370215 2.357069578313304
1.0005868503329367 2.2678948804791546
1.0019208848578611 1.7144957010801876
1.000056582719637 1.874167173393588
1.000018156822174 1.2172815492224456
1.0010603801266438 1.3058160070004963
1.000386425248265 1.2024231556934615
1.000304552288744 3.0087830511243583
1.0011345517090726 2.217137242003603
1.0012834817225458 2.082547015939694
1.0001773989558653 3.681059233395694
1.001720043560924 0.8066580971060509
1.0009025490559706 2.3973755632946916
1.0001213889555733 2.5204165280152555
1.0016767330382075 2.2780965298731144
1.0043731585301545 2.2379590423539915
1.0010603745567819 2.113962182106051
1.0070618118661885 1.6967008991996484
1.0015256202552203 2.6992023224466246
1.004917565891017 2.2029727761605935
1.000123910832891 1.9518560928012154
1.0016531557529424 1.9719895737441397
1.0016635465669261 2.4290871722206324
1.0001394645715909 1.5778812669518867
1.00005918946743 1.395314213016614
1.0002007176373855 1.1323183711790508
1.0000868127295508 2.9996891720903585
1.0005180010399317 2.1679184314351545
1.0018623588468785 2.18203092663544
1.0002852792667436 2.700111733381232
1.0008661225425284 1.9542795847605308
1.0005263188357292 2.1498910481593416
1.0023760323234279 2.359863295240472
1.0000913330273191 1.1123159481721707
1.000131104149599 0.9011880013453003
1.0002379448438123 2.9896189766124666
1.0006556795753678 2.6102277897656196
1.0011227718975315 1.307093160336001
1.0 1.99349374775297
