1.0002006836254338 1.8597450818953298
1.0001750867576173 2.387059566541166
1.0009189839814099 1.9300726495621596
1.0012652833874178 2.3571577840359925
1.0023822849275728 3.3788416782912716
1.0005400577642023 2.876242261602965
1.01107662652383 2.9030319560162976
1.0003625963171145 1.9101219710659412
1.0027055263893023 1.9521426587355106
1.0012551476751501 2.416384394384278
1.0021831347776717 3.218385251928067
1.005318766996212 3.600406537067516
1.0033479679666877 3.4610544013984637
1.0015303310803696 1.6966986995748874
1.0011978530259602 2.314866081748182
1.0029907444064614 2.539785834644027
1.0039789903516123 3.1185798295405815
1.0018171371845899 2.6333707908275485
1.0017101767185286 1.7131092723828576
1.0020314320210875 2.56752270401775
1.012240602584177 2.336302115139651
1.0012523906026518 2.930404081020521
1.001697339781356 2.7534337182885107
1.002438792120121 2.053494867348935
1.0064214943036385 2.0236928591859273
1.0026441968106823 1.985343786596401
1.0004329069881486 2.442115485314675
2.116517889494811 2.675197610650951
1.0001835531465575 2.4599543600186964
1.0022842246184345 1.9077935533278865
1.0052653005383005 1.4263374686059163
1.0014386238669417 1.5636447628017482
1.0055008224133117 1.6440516942045345
1.0044829565743219 1.6968396428279573
1.0031159380160155 1.6925913130292545
1.0080950683301626 1.5802285727922123
1.0052598889611462 1.810472537881946
1.0141480922961397 1.9425093684130164
1.0022308918248317 2.053729795282563
1.0024317789374966 1.63377975136895
1.0058356297318847 1.7046156441329878
1.0030844272617472 1.8478953909967015
1.0079092739611393 1.9825619342679304
1.005332892073293 1.7168219599749746
1.0069915474775566 1.766275196064993
1.0061111857842806 1.8595883519686323
1.0037072832595397 1.7722495800931752
1.0016387521274714 1.7963818734650292
1.0003817665682175 1.8033469557973898
1.0008964644510139 1.9201357707309126
1.002228814819446 1.5418253394021026
1.0025097501642508 1.1890210961432712
1.0009984639261937 1.3189126221992051
1.0057675637513201 1.4215169346645888
1.0043457523508614 1.3380427667375079
1.0153688431365555 1.2968852827699988
1.0018339097744298 1.4439834384444366
1.0039534084357262 1.574725434006938
1.0111945501142652 1.4273832557360615
1.005064585852555 1.47181422664505
1.0092819506601973 1.5789002420055578
1.003668522878124 1.5549496257678252
1.0027040070229531 1.5948301672498941
1.0027773526282198 1.6309003619858586
1.0039103787654005 1.4324210924718586
1.0065484015845563 1.1283170554056225
1.0077451589469029 1.073765304792559
1.003109842787525 1.180030889970704
1.0133040924649197 1.13061732633956
1.0079636027319503 1.179280005071303
1.0038243888346448 1.2643591852243223
1.0073538515751046 1.305576767521237
1.0043372997411433 1.3303505507037683
1.0054796097474195 1.4299270472096945
1.0021873559810561 1.0833628244080087
1.0052642089549921 0.9560135218305229
1.001807710482348 1.0215392817543365
1.0048822038900005 1.0879033731128314
1.0107382130944242 1.1125589790487036
1.0011389203249124 1.2201317003308232
1.0011941846301688 0.9615045970002423
1.0020544564573466 0.9430216059111851
1.002287014956562 1.0572272194182162
3.004841021457433 0.9288292984916615
1.0002082441957394 1.930568121487129
1.005202541203391 1.6808387513443728
1.0025610654401613 1.7225726609106258
1.0009934873392106 2.3073306725323244
1.0054984135248244 2.5973813377411656
1.0019693546932835 2.6934560428051917
1.004742602236896 1.4336211063872044
1.0071963818091387 1.6961153735729901
1.0089995303381458 2.484603651632973
1.0007916017744336 2.875433635341208
1.0003273679004807 3.0433766807706393
1.002987215829988 1.9407338004078405
1.0076833560690888 2.328875241507993
1.0125330824629344 2.766251195446002
1.0077565153943366 2.9813044092842764
1.0080262621829275 2.4687133971033735
1.0070989431341733 2.700593798558332
1.0065233900402548 2.8526391034405227
1.0049806301345674 2.7235478774701547
1.0032575836464326 2.795700795255996
1.0005946287360274 2.7992764939603356
1.002372965500195 1.6793918957999874
1.0172379314976667 1.5229380274511042
1.0058878569597203 1.6720844057602355
1.0205886417099461 2.1226597944031047
1.0014418679099955 2.2923410460211864
1.010497011183212 1.3346949919887356
1.0082271966459029 1.6799257147174926
1.0235488499788137 2.262831190050468
1.0049398038942177 2.513107900793694
1.0070747817075416 1.9103723455634185
1.0061923370196753 2.239895103903474
1.0139349935784219 2.476810765212683
1.00497179697147 2.3316290432316533
1.0090054016319674 2.4426793206533715
1.002483471400561 2.461982097105558
1.0091993673783606 1.453330175945265
1.0151351763798167 1.3592375819115619
1.0075731013550882 1.5736920110791017
1.0073031937789503 1.7855148385094386
1.0098958446755208 1.3175316956052463
1.0245917160255453 1.6606565292929032
1.0096586149307234 1.8868857262750038
1.0132173083423341 1.8113314319078928
1.0157113530583317 1.925863863954086
1.001285372440961 2.028620320920428
1.0011004912358417 1.2935879396048742
1.0132155486773617 1.2677635192078147
1.0040027208897815 1.426950714526586
1.0125536708834049 1.421892628737964
1.0036110156560112 1.5250914777694686
1.0138452453260474 1.6293621049967564
1.0017511460810986 1.2152886120679758
1.0056621260574938 1.2449682419485344
1.0052118713814633 1.3870374396475158
1.0004472751846494 1.1613229997909764
1.0008364768026783 1.9297809974983484
1.0023917377628746 1.8432238075663374
1.003139770034582 1.8708238143445648
1.0089395585138425 2.2755504367574146
1.0026373558230914 2.4227312493253286
1.001729077834456 1.641075619241182
1.0064311686808467 1.9198363422138889
1.0110567785167917 2.352565924255021
1.003393983127795 2.577155808153205
1.025126240267055 2.1474303989445525
1.0019187412064154 2.394461416954912
1.002462172233158 2.5853165170264276
1.0067431107488711 2.497697582883272
1.004209314574547 2.574502953059912
1.0038605949730002 2.6371145093077297
1.0018725556375392 1.8418482556250302
1.010505051174191 1.7661744731592655
1.0190049501593135 1.976791933388461
1.0075375707896972 2.1894455280106246
1.0140482069452166 1.7297032086951751
1.025751294734351 2.0727007020095742
1.0167924148581717 2.298563865237976
1.007276599370208 2.244089836561076
1.0034804943556799 2.347091789359561
1.0029930444572959 2.4328882425695433
1.0089784202845091 1.6807103969508561
1.0130688615167673 1.6551024253348794
1.0103122102679987 1.8298975220943898
1.004128851005009 1.8113502797674155
1.0257505397902906 1.9393824096601322
1.0104285499562926 2.071686640448082
1.0008138745999915 1.5433822371275112
1.0013877801967668 1.5689816445040383
1.003819881467413 1.710736320693142
1.0131996896243307 1.4312033422753052
1.0048508227252937 1.936011926339003
1.0018788367850162 1.891906665824544
1.0040004500262885 1.997488681781302
1.0009501336106519 2.1811092436812842
1.0034934511850035 1.8754532967706559
1.0054439969892077 2.1002706182479374
1.0090472774793722 2.264491757502208
1.001055140934069 2.2484293143213776
1.0024212697287052 2.3349108824739266
1.0003040162970878 2.4307959484851818
1.0093346404073587 1.892423863572403
1.006498792900587 1.8547146795801468
1.0044423176230732 2.018670239562592
1.0032882777856678 2.0105957332213302
1.0132779529421496 2.1172716880727123
1.0350656842317798 2.2398109161928756
1.0070467088516875 1.7931637509546823
1.0014098954241357 1.8171313731665033
1.005195709861237 1.9598476737217632
1.001129321638496 1.6796678014235429
1.0006438519792953 1.9254757566374645
1.0127628556912718 1.9061928971346238
1.001438094418696 2.017898871048719
1.0054280043356547 2.0404086922840463
1.0018474832246513 2.1103639025066148
1.0065556057377605 2.1653830005542707
1.0073786910924654 1.90548389969018
1.0068751059518755 1.9255299393879322
1.0049676395156486 2.0549048295375907
1.0013338364197117 1.8411340094509228
1.032711971434165 1.9278691574425102
1.0017724926687275 1.9443887707838916
1.000324758805653 2.054590881619405
1.0018487578539899 1.9084303084759435
3.608345074180252 1.9278406566135993
