162750.23337719214 0.8424826953288406
1.8477064818353457 0.8558180613236115
2.11714580735159 0.9581853099023714
2.4292353976995487 1.4258668246007349
2.6163380011462785 1.6318188677085306
2.676784471788627 1.712649477214315
339418.97556293826 1.7015186550320096
2.2101674888205247 1.1127998143105517
2.803130134011202 1.769610412619635
3.094572864507876 2.091980549857233
3.2064675127196427 2.127329418355368
3.2346077643151863 2.206124688712661
2.2150929073659498 1.2391566545098476
2.43345053724955 1.4625229938896087
2.7775252722998913 1.8256029210827278
3.0199039918242274 2.088202205588748
3.125394811729784 2.184612643396658
2.4769640127692343 1.5582576648612996
2.6537710787499487 1.737203147275658
2.7907068456231787 1.8815956831283058
2.9066373386320157 1.999369364294242
2.6250241595016264 1.7145653335261657
2.678972443662789 1.7862239975837788
2.7543617716825812 1.8672580841628519
2.6602656300309864 1.7421047197491009
2.689518206818974 1.7916905438141892
338425.2925370439 1.7501512777291413
2.5324411319707227 1.0922039389404539
2.175777948132217 0.7989527016684704
1.9996975195957374 0.8759799670231471
2.242631640267171 1.2415426146520345
2.4022424381746736 1.4263817526348153
2.484839510863058 1.5661952389226796
2.106586253968087 0.8832068946257269
2.1455752792020055 0.9889144494924549
2.400043385686214 1.3552232723171822
2.649899707197005 1.6529294770117469
2.737407699699998 1.745093274095532
2.233495179795259 1.113389766527339
2.3472738576423997 1.3393428877375089
2.5655984540496686 1.6273044642215657
2.718293243250477 1.7810026374161692
2.4127872894221163 1.4832739542519129
2.4963502717448494 1.5732075980979663
2.6197983373335254 1.7149520565483236
2.5353436192750367 1.6514640863397858
2.541919897584084 1.619134578109565
2.547091731647724 1.6405776180561404
2.5028684998184234 1.3978019515850342
2.2327590715740397 1.1024658174353925
1.9344947328115558 0.898521690321769
2.1130393488112884 1.1514225771704976
2.2079216041834475 1.2493063144002536
2.0629221384302587 1.0122751386967654
2.0408679709563518 1.0585207046872798
2.1830277016692254 1.2051013803578767
2.334788510373158 1.3640956685414376
2.1625244087396274 1.1790083468651538
2.223461976395191 1.2905367561377652
2.3582521394615985 1.412067973224237
2.2998192162216626 1.367708759181507
2.3887495331846686 1.4805399565192752
2.4003068165355375 1.4603637293220904
2.150160633122827 1.1324428709042191
1.9229935348909704 0.9529131581574133
1.8778895085548435 0.931766019034215
1.967855098527619 1.0106479857803135
1.899732396876001 0.9131698637829857
1.9766294625608238 1.0444535913336062
2.0715610924502648 1.1273460551960064
2.0764133866828 1.1363647823135448
2.134486869955796 1.178958661818914
2.1953414690332327 1.1961773175902959
1.8795669465368992 0.9030651863501398
1.7527118593726767 0.7946945915273301
1.800901024259899 0.798120954746353
1.8904893480122165 0.9290928363510567
1.89738108689472 0.9386003509902381
2.0214579236853827 1.0953312238364088
1.7415255039542687 0.7593215389061173
1.7657855441798271 0.8292832479807949
1.8442756233226456 0.8778922670779611
143452.64684279182 0.7385670325134098
2.5233709438956704 1.2761839772273496
2.2699413263996684 1.1092864754478033
2.4590912167581633 1.4148888695808495
3.046390973887049 2.057921484904712
3.3358098996995817 2.4201364937174343
3.4275784302137633 2.52159632091101
2.1884131768114132 1.1831247837718548
2.4054636396180413 1.3360783223364692
3.1472451593338118 2.1770229238988823
3.5542441573897956 2.5691203860391814
3.690263215757483 2.7066658495867992
2.6714862474142755 1.6374386345106018
3.0603730738935866 2.091449118000643
3.48047271515469 2.5617823312424113
3.684732749039829 2.7941093381796933
3.192015374302422 2.2567247777165447
3.4101206626096254 2.5162011024997897
3.566589368206066 2.7269018162896694
3.4804617694862294 2.6056004195048166
3.495478936197507 2.6383863709524036
3.50150880158582 2.641399214145353
2.3502210636635796 1.270330683134043
2.263575615774356 1.1270529583119302
2.398347601659071 1.3603587686076661
2.8214697400251447 1.7556979418878207
2.93330356335854 1.8519239405433519
2.033618028834132 1.0130318316860516
2.4162728726739617 1.309831268397042
2.9691747993563533 2.002012814357975
3.1568698587565827 2.1417899655909856
2.611354439823436 1.5732556338524122
2.935971090412244 1.9640761786666125
3.1535313523673776 2.1085897177136594
2.9913500639715993 1.996038214950389
3.0860061735932507 2.1061818171647007
3.0825464316769997 2.09143017468946
2.189256795145034 1.135140769873557
2.147922229713763 1.0657450295098179
2.319093769946943 1.3469974652627976
2.5023639006532097 1.5051668473361974
2.0817968201058834 1.0720763840877403
2.432341597742325 1.4485536630536124
2.612246701905681 1.6581567638111783
2.54791101402569 1.5557477710860552
2.6646370334833396 1.6472206792347779
2.7246600601432687 1.7271742859750159
2.07629303793105 1.0293389428516844
2.0670983324103442 1.0924157757560906
2.2210976999733747 1.2832783719815106
2.1754205950281458 1.1901191160383897
2.340291550408255 1.355538732205348
2.401248091527102 1.4482950789219846
2.0222349171393548 1.0399626785815106
2.0201913761248775 1.0472402130622134
2.128321733828523 1.1754954035214236
1.9566304829243175 0.9867333081544699
2.69747448061858 1.727097455779984
2.6185688775834475 1.599741273965018
2.645927786067138 1.6627358517872244
3.0313799096760317 2.0928059635106417
3.179131401664714 2.2439184332636435
2.4187119663277263 1.420057735493378
2.6796432076777275 1.6900786268035897
3.1069587633565625 2.1494684287828036
3.3086818441571495 2.3873277382689952
2.879221498977323 1.9065272843506238
3.147016273034833 2.2462009357595
3.322053480198776 2.375069257353223
3.233576932655941 2.3128954807146394
3.313474558594943 2.422173710593449
3.3537647435894313 2.4835732053956567
2.6131053392533916 1.6154250734239688
2.549487524817663 1.5842809087915128
2.745562274897524 1.779979821484593
2.950060478984647 1.9861743080306566
2.4956276235086285 1.4666438021583466
2.83676319546027 1.8911921003426007
3.048640737239993 2.126852249077056
2.971115192470324 2.0283634252923366
3.0885862873733587 2.167040693625365
3.1638192190754673 2.28306074103548
2.4563577132437566 1.4705026989073535
2.439843762142422 1.4854086280781391
2.601092685570046 1.6381523144924652
2.5685116624740876 1.5785147019613341
2.694499902281766 1.7616684198639256
2.809568558717531 1.8760455210243379
2.3199865394496992 1.318794165285159
2.340139288556304 1.3930573675763478
2.4829138407101636 1.5668169406444123
2.195322281969029 1.2059350905574424
2.7422277743500403 1.7726722203019674
2.683571476114384 1.6898660581709635
2.8017048245387404 1.8679527557213096
2.962359139421993 1.9759280959342609
2.653694596208455 1.6870103383323782
2.879757774071588 1.9107039633785465
3.029505860254191 2.0866417961155577
3.0172934045069493 2.0961137325242953
3.0971623926335017 2.1689156300587515
3.178146246358315 2.2678096667456136
2.6784072502065057 1.7290540723301484
2.6622304966932835 1.7165476446475445
2.798855257842058 1.8615020333779226
2.7948358027554927 1.8500961936959264
2.903788655464482 1.951086683647373
3.0140491477216518 2.1042818013249684
2.563692708825 1.533922201673081
2.6149629743931895 1.6886959760243405
2.7373767892346708 1.8204377372561034
2.446444682261275 1.4648273748119969
2.7282752812739126 1.7865910836371186
2.708883926298148 1.7536773138660156
2.8071589642911516 1.862911744257313
2.843604152242565 1.8569702321544426
2.8907510562458127 1.9329814834849999
2.9965283227534942 2.0643541236999967
2.6954497930702956 1.7348330732715076
2.7261197007162212 1.7957220492595942
2.842364036134909 1.9102650478457783
2.6409002960515893 1.712878515379561
2.7296501161562885 1.7896367485953761
2.742344975487314 1.8059418553105744
2.8429241946482975 1.9067982578257414
2.710685342360541 1.7689210650472593
344376.4524116268 1.7202878404199509
2.961839991844599 1.951636948008307
