158201.76395806656 0.846159673728187
2.106636554364882 1.1248115923241728
2.128415642777206 1.0996386597713252
2.3833736093401745 1.3908854742700925
2.616425253922407 1.6764615862102512
2.675105491721064 1.727203045550985
338451.07700457406 1.7118635266614197
1.844584386249003 0.8683024369758147
2.150889706519502 1.0533172439528447
2.6853085235634726 1.633736361178285
3.069866445298751 2.0272006333024017
3.210999806678024 2.1756336476731377
3.238109469946936 2.21911727123409
2.187334891210217 1.272805417088279
2.4324552696832447 1.4950543805055443
2.8243774989634183 1.8662906678474325
3.0318373234704326 2.0750762629374
3.154433401231021 2.148539478731617
2.47990558591633 1.5011945212251043
2.618498394641687 1.65896688242385
2.850751188965155 1.8865910015162182
2.957164848806838 1.9728238408037115
2.6285434276597806 1.6222987483621598
2.776906996123813 1.7805115165056686
2.869146088824095 1.9113805968653717
2.7328620153359546 1.7734754749661454
2.7537507623686537 1.76150238445445
346288.20012941025 1.743793329845313
2.5654783118932456 1.4149792449532652
2.113055850982732 0.8342485151956935
1.9816204899173155 0.8233666228744041
2.252403971677955 1.3290371170195536
2.399655338662442 1.4541380490500684
2.477521581929392 1.5386496618264789
2.0477342213534038 0.8438934950741964
2.12205830975343 0.9819503815505386
2.4332726830532274 1.4698762283377087
2.6480980330946773 1.6600013320927292
2.735014418643134 1.753757848216659
2.1831310062825624 1.1378850917203207
2.331127967925305 1.3484411892818176
2.587130876136996 1.576466518076308
2.7407834189929505 1.7682093168909945
2.431543756924107 1.4648467402699348
2.555187232153135 1.5469819109641016
2.648651561463537 1.6761220927984173
2.5927877822393754 1.6601567528116252
2.608457265317348 1.6323225987202596
2.612164065025723 1.629392603840163
2.498896695307889 1.4633140889083782
2.215370255183415 1.0874160934722152
1.9359060436303 0.9900331939247071
2.090614832512534 1.1461753345759196
2.2096718966736484 1.2604760812747977
2.050010279706616 0.9475705202653922
2.0277397214960136 1.0486919674329713
2.1876384321855245 1.2311688299581725
2.333348806521338 1.3541392443573215
2.178064715020591 1.229544404125973
2.2463969588429773 1.2922222417754163
2.3568080897094177 1.3788623096945156
2.3420363969440503 1.3817671501722564
2.380826543218183 1.403319025743427
2.436417757316578 1.4519718525405847
2.1700992095263274 1.2320596526274907
1.9098627542652968 0.963168471054396
1.8684780074441232 0.8925954560447293
1.9940185076783319 0.9537308784962061
1.8919246729431465 0.9249160812918298
1.9440462259494513 0.9937351491054025
2.050980988914311 1.0988805026284072
2.0879151780150496 1.1545678671135693
2.139951321855644 1.2053626153382155
2.2120528846403866 1.2190996864363821
1.8643059963413506 0.898663978090364
1.749304556075311 0.7964778045736282
1.8788214723643963 0.9475320779152197
1.868413931673016 0.9061878144648309
1.922575050228498 0.9843007029067306
2.0128996951548954 1.0296860547192956
1.7730169454484108 0.8257994247411066
1.742185900761671 0.6755669888185796
1.8524266827736096 0.876556461076194
137793.96961442425 0.6890426359696968
2.4191550203679695 1.1037330003793775
2.217234574123194 1.1518604582446466
2.3902881528753475 1.382002213208935
2.998630860099585 2.0368731128563553
3.34112013849663 2.4533411511131162
3.4373922363268 2.385370775983192
2.143753269159512 1.177547886270037
2.350440572504953 1.3662457031477822
3.0575191835846898 2.0677958798559235
3.542645820348241 2.5787256570419226
3.6850007436303462 2.6885719323429873
2.5970935181691983 1.6180621792822212
3.015412009174586 2.0257835185862874
3.495504387298035 2.5381117820138623
3.7095559038612396 2.7767367157782292
3.193406578102393 2.2323599022201526
3.452959292843592 2.5085812512817323
3.617725417699514 2.6832248825981657
3.5077556241305317 2.555139594192788
3.58447145287853 2.6413445354720375
3.5607476751530545 2.441152892342701
2.3121733441658114 1.298119297380065
2.1923466138760364 1.0932278329033152
2.3910495408567183 1.464129611566149
2.808654691125735 1.7910714977066107
2.9545069959313044 1.8124975496675577
2.022871093969823 1.0037868409186053
2.3527720604111932 1.3361134312935368
2.9480050133474607 1.9636600868705743
3.1770991778119133 2.1301374082027147
2.569793812267722 1.5307883972900203
2.948632075586645 1.9535223127899046
3.178419919960592 2.1481159340121367
3.0247887554079007 1.9833744939420368
3.1486727880070813 2.0627429098208934
3.1403656198129433 1.9978785317912608
2.1530161610003127 1.200665395119609
2.1203440618426486 1.133182358897282
2.3110085652313925 1.3257220400927068
2.5059274747194267 1.5160170959379686
2.040504213287001 1.0619170690774709
2.4102619859605934 1.4780230131730128
2.625784366379217 1.6827917152358487
2.5404913941574554 1.5740362903987812
2.671877636493151 1.6945915911704068
2.7533709681311755 1.757821204990902
2.033161723734891 1.0147682639755715
2.0399162050082413 1.0893736988354719
2.1939492526074904 1.231300405690134
2.1858154881374543 1.2193913080404224
2.275687498823988 1.3186301760559735
2.402920332961221 1.4545129060340503
1.9803916290398895 1.018038832104875
1.9950327625853723 0.9575065386084688
2.122822994790722 1.1601470914338092
1.9271728697737796 0.8706426118998005
2.6419670767212926 1.7192320195848156
2.593969972026363 1.6537069938599285
2.619071543505095 1.6397101421164648
3.035057649247247 2.1030739885710186
3.19265260475604 2.273392746497438
2.382194694709626 1.375987749477288
2.6289087791303194 1.6590209595996024
3.113283359187495 2.179514070550007
3.311267417568401 2.3745421523665637
2.84350610923458 1.881045100493499
3.182691121747128 2.173615333516437
3.3470744151419094 2.3954268008706774
3.266690715840013 2.3282881943897142
3.3658629229623367 2.4180604193658595
3.4215815551001354 2.462606660403164
2.5806793377031787 1.6785258460423778
2.5254382106230535 1.5808867079580744
2.7490570630202895 1.8028237414137418
2.953327756728455 2.0076920742085465
2.445081633358601 1.4533670821946596
2.8169360170395223 1.8734567439032739
3.0506659111641588 2.0943520795218062
2.9846824998834567 2.037451054429302
3.1208134221030592 2.1603525392699856
3.208998742707423 2.2598123389413303
2.4447969137579673 1.5344943847240053
2.423086254137296 1.4938795700504075
2.6021842106142117 1.6697752480081416
2.5518685316693843 1.5781838909797838
2.69939764675891 1.7387956819846728
2.82763769042767 1.8851787326588962
2.305710948524678 1.33199116359232
2.360501326399086 1.4475193569250582
2.463782734265659 1.511405439646993
2.209552992710454 1.2635124531188784
2.707441051340063 1.8052941562474454
2.6588406130725697 1.7214513943767873
2.789473604237495 1.8400654836909713
2.960070073796405 2.01923498180929
2.6287331965826835 1.6889317688178567
2.8893336398152725 1.942392187225784
3.037093183589138 2.0991565650110022
3.01616526825344 2.0465132837350413
3.1185348955047987 2.1840321878555207
3.220187241017678 2.288550941701648
2.6616080633578747 1.6398365573165419
2.6440180972635474 1.7028284824372173
2.810905573801259 1.867875489980005
2.782714279873888 1.833441121182353
2.9101111726122224 1.9780437661582373
3.025724351805973 2.063572758420367
2.569044652818904 1.6312980871893412
2.6010766677432797 1.6589700837568042
2.741376908651859 1.7663748504499661
2.4578723318693942 1.5026922226135389
2.720488542810933 1.7502599006706019
2.7021495644381996 1.7418579640557188
2.820142907828725 1.87761887258084
2.818440605605113 1.849691549581396
2.9031791897023314 1.9622231493200595
3.0226316438596204 2.092299639940901
2.702802686564674 1.7654802926072781
2.727368696975912 1.785132974775486
2.8714456423156918 1.9346285058213826
2.6349290141167883 1.683021603528002
2.7325958776288237 1.7901081361207354
2.7597513936581404 1.8024778236736334
2.8471851404137567 1.900518794315848
2.7281527038446978 1.7725794685793481
341756.8788159342 1.7066611702869627
