2.700440640130211 2.2184939717134133
1.0023724194193215 1.2224588700905739
1.0023418429147644 1.0265643368411628
1.001851082250987 1.6992870717743562
1.00384878370595 2.748219772827601
1.0013665691339293 3.1576130595073804
9.704097004598022 1.2581166944241446
1.0030468611676706 0.6913889094837454
1.0027493814401458 1.1991208712115529
1.002607319506757 1.6214749341656902
1.003041893481223 1.8479704964869266
1.001214452427476 2.393472727731268
1.0007739827274666 2.725861055626899
1.0062529666413895 1.1350022012391554
1.0047157789459398 1.2115752880371156
1.0028324827876016 1.3925699185616316
1.014613768699174 1.600823949847058
0.9997805499111745 2.6748771407100387
1.002615805435772 1.4962237421413627
1.0041953621837139 1.8070418913693425
1.0118969227242156 2.274528286227092
1.003508193659639 1.5085850272127452
1.0019916272983593 2.044917747330051
1.00580081294569 1.2282601473501709
1.0086130512444431 2.3060966350791636
1.0028693792924883 1.546649920743606
1.0013037086825376 1.7313861516845377
18.70642438457169 1.322677489937698
1.0078988125830155 1.7402186069466925
1.0066977640944745 1.198030982975752
1.007104590023097 0.7186066220175421
1.0095839814922725 0.8467467695378851
1.0089813616266083 0.9306854506361704
1.0014065954747633 0.9862908238292905
1.013983778129034 0.9508793951658265
1.021537370273665 0.8646939877262245
1.008884690140407 1.0844608467147845
1.0137434234135065 1.2347558680798696
1.0171060033137602 1.327761172104584
1.01103368390416 0.9190981927959201
1.012316297970077 0.9973159521731473
1.0165664742080656 1.1400942800864886
1.0156078191711029 1.271668755613899
1.0088631102588406 1.0131636447107821
1.0274984398103237 1.0518501428057307
1.0178173096553265 1.1468987649981364
1.0087928733739717 1.06281451422787
1.0086061314484467 1.0870527182003304
1.0029559554963996 1.0945764030925527
1.0105628895634007 1.2080328198231947
1.0090982164865845 0.8301702933024717
1.0256752602495378 0.4728199497141903
1.0134726573108774 0.6063736188073996
1.0164059866711967 0.7156460745546277
1.0101251639041924 0.6227674330238268
1.0084019730742748 0.5848042712758212
1.018186377324202 0.727854671092149
1.0212378194605107 0.861964196423217
1.012004882820519 0.7145137995214595
1.0222652790914935 0.7654074973575127
1.0035285181290319 0.873442830623117
1.0277803976999766 0.8407790251540247
1.0150637244332434 0.8731515400047569
1.009326491911747 0.9264398613703337
1.0089069952019174 0.7164091209792991
1.0146394144239341 0.4324696450394261
1.0175045973447645 0.35907498889377126
1.009604518044354 0.46890829337883944
1.0162413725703259 0.4213574518649754
1.053684996277298 0.4576168098329199
1.0176224102559772 0.5579346289679443
1.0049024698554172 0.5929525226113486
1.0083959033663867 0.6250652654466299
1.0168398139225645 0.7183939169724469
1.005911649571389 0.3923504610943356
1.0039314597733633 0.24370900665980177
1.0147932909771256 0.3059926083907559
1.0101888410346997 0.3738790891787908
1.0103959189823388 0.3978618428804169
1.0118543542005647 0.5164532325449596
1.0044508676428279 0.25025454186107043
1.0009876624614027 0.23570250418974298
1.005204873007752 0.3447257379938963
457.1108041815631 0.22003943741403253
1.0022426966351443 1.2196663038455815
1.014755087331274 0.9701249571599768
1.0083801387443212 1.0138435807556598
1.0055333587437394 1.5935809941617496
1.0106249187234482 1.885932161135705
0.9998297770562261 1.9843228916701383
1.0246183876238553 0.7218590347299804
1.0136110267706104 0.983385930245481
1.01866691733411 1.705182321058195
1.0144169367952873 2.1654111693146647
1.0049285401514667 2.3337889374672507
1.012329613538908 1.2198658604593993
1.018684580173507 1.6178132363531277
1.019349495745367 2.0586076689626527
1.002829086037931 2.275806554581055
1.0199057597337038 1.7600373245062284
1.0293065321024095 1.9849206461936943
1.0125912420504415 2.142722833263727
1.005212340637435 2.017863603125699
1.0020605450186533 2.0865913503964175
1.0178813451454798 2.096261429441257
1.0104908897019216 0.9700891779424681
1.0153568609845276 0.8175682735167074
1.0315221535123744 0.9564805954123147
1.0258348104033475 1.4181875696775517
1.0168714168549517 1.5886963891276638
1.0352220179979474 0.5844236399562994
1.0505323067699046 0.9643084791247751
1.1971618940982929 1.5909262232670907
1.0427177843832132 1.8200441121327926
1.1473133009689627 1.2287519044680426
1.145490722021135 1.5513259750794406
1.1105014453431954 1.7863138357864312
1.0358708123310278 1.6163462634502643
1.0148302569187502 1.7250803561678938
1.0195043872204568 1.748155767726563
1.0030225996371813 0.7231955483345882
1.0380335784661199 0.6593970945060921
1.0716172521320666 0.8620322713147333
1.007378400751353 1.0730980980254752
1.010793465063095 0.6134759946199557
1.2304851485955903 0.971753769023294
1.0523484418365834 1.187437241468503
1.043302998184135 1.0934105062177841
1.0249717085063315 1.224423590316099
1.0080560856499128 1.3173099370334103
1.0329798269738646 0.5841738752005274
1.0291627543453716 0.5541502391564181
1.0076702368137498 0.7151657286961892
1.058945864574553 0.7037430831730451
1.0168878504255336 0.8157255462472504
1.0100438573404795 0.9467148240855955
1.0218265145913001 0.5025389969095366
1.0144759342336833 0.5307571807228376
1.0422682357557078 0.6496524992023138
1.0030053546528763 0.4552404835618029
1.0091485792152293 1.2196730457046323
1.005944501995576 1.132101820009916
1.0123916607348724 1.1605712128633106
1.0068330963214087 1.5516456603272055
1.008031105794949 1.7153750332272384
1.00683805937037 0.9239361051596794
1.0081989195124184 1.2059406165317879
1.0267611445992018 1.6488428240091626
1.0194036302465874 1.8655114989035464
1.0153942150390491 1.4155310493937747
1.005942407788584 1.6830249558536643
1.008875742567197 1.8725984936842726
1.03026158646715 1.7828741012000953
1.0074024656113674 1.8742649744315085
1.0035180393963063 1.9249726331501416
1.0080798252556877 1.1311984192083373
1.017589864561316 1.0590566676377589
1.040527914714847 1.2695209978825988
1.0079343461332027 1.483111467487738
1.1751026869975205 1.0417146871065164
1.1842851550320441 1.3400674991166657
1.018478410366315 1.5863818707253374
1.0896017327951566 1.5024310986986318
1.011648894050543 1.6376071252660749
1.030250124702078 1.7287055765004598
1.0282059195577717 0.9653340624204902
1.01058294515006 0.9344439958878566
1.0388016620603782 1.1241222322496198
1.1307915902638042 1.0780377435212807
1.0239973995658571 1.2279198669181972
1.01400452188663 1.359136703236882
1.025239517099386 0.8319009847597985
1.0443591489437396 0.8620892831157629
1.0417808669482413 1.0072614829640878
1.0211799214191397 0.7195895215930752
1.0044335927606294 1.21913899474655
1.0181178046709496 1.1777229183481128
1.0182869270429227 1.2983075385361855
1.0055302813890394 1.469377192442288
1.0074174675546381 1.16571146993626
1.049468606059075 1.3894502596876823
1.0210274284805085 1.5499426016634104
1.0157754929439122 1.5354427572610911
1.007756982949713 1.6239770133169338
1.0049778079229386 1.7202977571671287
1.0224110440672871 1.176351962262301
1.0377287454563306 1.1476770487578176
1.0305968730697392 1.3084293785517218
1.0565255626725873 1.3024669295979239
1.0483732610334922 1.4014716699588377
1.0360279150843645 1.538802807019421
1.0564536497112915 1.0796854395616449
1.003263742283759 1.1094354495416063
1.020135147482196 1.2495100622062252
1.006353973379769 0.9706276771083027
1.0063804116675525 1.2196946848296486
1.0077033049689397 1.1980548539907678
1.0083083261054757 1.3063854409146747
1.0045606812470889 1.3300360721825597
1.0176342137832024 1.4001084782050301
1.0019403765043389 1.5149934991964966
1.0124857332394495 1.194760171632013
1.0091574766614428 1.21877630775588
1.0269484543529876 1.346138546666679
1.0096755500439083 1.1318445041042497
1.0191206405922386 1.2194147003392426
1.0044347154719073 1.2356856914545247
1.0022105464182764 1.3456579143469867
1.0246242230358242 1.2047860184686068
13.81053374444979 1.2196981437752183
