46582.599859503076 0.23290580908310526
1.3075128422357074 0.226468964003893
1.6975308517047227 0.6661382621707885
2.0442159863098954 0.7548674371994426
2.1109738915938476 1.111510435117141
2.181068443948927 1.1881345839065944
238525.45949557278 1.183575440977215
1.417334611315425 0.3872608415269957
1.8524098375324338 0.4538730483381982
2.2478099109668386 1.1556851471433984
2.7816415695388614 1.773939226067955
2.920701672839291 1.7378146441675375
2.8113183743917776 1.7819911898085903
1.7054288560717743 0.6808750283017545
1.9467721506268387 0.9371263771591554
2.367392390145455 1.3583165405472017
2.5357782280007326 1.4973052532659799
2.6733886822558284 1.6663674441505925
1.9707991381280847 0.9628912332812116
2.136081699242334 1.1179675735228205
2.312175386663668 1.2937752006457832
2.443995394341454 1.4475612504306674
2.137800002670869 1.1309325082447585
2.2214476013511097 1.2156853916837322
2.2929107248059473 1.296402167751916
2.1926724532793176 1.1855696929619723
2.224213541848914 1.2207831626942436
242622.17480966388 1.213011070150849
2.150563324459946 0.7745033504643138
1.7983922967930042 0.4163191039345351
1.5541228875496214 0.48412399817002366
1.7636112691404373 0.7545038165034945
1.898750649109004 0.902363317321496
1.9701790074222372 0.9788160580699701
1.8830785057604928 0.8783600099152633
1.755032390475185 0.7218901321283169
1.949763851656315 0.9146191588076525
2.159182663204726 1.1044455125351924
2.2547252499550385 1.205839839841004
1.7491742370594237 0.6969542386127423
1.8538779053220344 0.8018119171403788
2.1124569534021767 1.113033972178197
2.2494194550318056 1.2554808943862379
1.910696805207537 0.8904553255267574
2.0247347350702314 1.0217710631377317
2.164376894363413 1.1687018718406073
2.0328310397858407 1.0321587474869696
2.079002123030934 1.0719100083074968
2.085194504086746 1.074870582362173
2.0444703243779867 0.9142011212418863
1.7412357170687067 0.6887116436762863
1.4419550544866548 0.4264689534199944
1.5953213212917123 0.5990503561517398
1.706594196537575 0.7144881495668403
1.5615263894279698 0.48094029215565726
1.5670206593901157 0.561562541463094
1.6926823555693207 0.6749743825164614
1.8553769237957032 0.8631645870674808
1.6862616264516785 0.6706503931635159
1.725480095881967 0.7135993813305779
1.858414891968278 0.8557737751868022
1.8108841093202233 0.8057962267740307
1.866802753051486 0.8673704601096475
1.9155846387441917 0.9157146368594905
1.6628422013198088 0.6195521329514139
1.4142248451720831 0.39637092038702826
1.3422403338695839 0.3316536838030548
1.4675142216516455 0.47317089654271105
1.4027761607539697 0.3878175952917141
1.4446810150972453 0.4379484424999859
1.5441255903435491 0.5443204192153422
1.5722426264235836 0.564660826742317
1.6168455207425487 0.6151440675861106
1.7134569866443594 0.7121029705132572
1.3781530966797968 0.3460626201878265
1.2450226707986793 0.24608062211673215
1.3051342917294373 0.3067758438731532
1.3620971037150598 0.3569319449947183
1.3944975446761438 0.39485958484159983
1.5122751353886197 0.5141108063240971
1.2401572146100035 0.2341053306693235
1.2341825191937916 0.23633803029276848
1.3422629747576627 0.33853911488344973
44027.64139812227 0.22012165881500398
2.134006340419363 1.1194693598394916
1.9248363231453618 0.8989201738177002
1.9980546390231695 0.9982372744372378
2.564605392754211 1.546940499129988
2.8590421197153035 1.8724014455649098
2.9408098286294186 1.94292349108051
1.6853218683596412 0.6062535368236235
1.9533522591348627 0.9514866441263963
2.6755818370209714 1.678501658089117
3.1021682410376386 2.085595472308359
3.216746996103918 2.1114613116142866
2.1814674205329525 1.1684733827100242
2.5822544851891083 1.5753459620257646
3.031069257322333 2.0253735048040897
3.2251263971134594 2.2115609862752867
2.735458149873179 1.7329425589581566
2.960070153422819 1.9437544017412312
3.121053348665992 2.1221997139857147
3.0001067071729963 1.9975118862616768
3.0733383408051367 2.0753346748645267
3.0795996857513357 2.0820503418295417
1.9172904500496304 0.8967596032747375
1.7859853436431168 0.7428686337284648
1.9067919864356608 0.8817379018309452
2.342342759273365 1.3058599379034643
2.469066073433613 1.3860555820999974
1.5562607528802554 0.5322962674390924
1.927108123850779 0.8784459333588983
2.4819775602733554 1.4346943078064478
2.708593536895563 1.6768772577692244
2.218120593681552 1.2048718588417928
2.4758445268878875 1.427139272074215
2.6951295557276187 1.6536197725668678
2.5620388656106003 1.4451713365631795
2.655477457128098 1.6012454438908978
2.639539528303083 1.5224853867846218
1.6843964582541107 0.6572028425646786
1.6206446209821306 0.5979439377106011
1.8357507499746373 0.8181004538269062
2.025938158236005 0.9849177882210159
1.59380079141977 0.5880833405051138
1.9281680260272216 0.8508486674312887
2.1430877238583146 1.129455789146712
2.0646360275651916 1.0321464782491288
2.2059460500937496 1.1994531373413084
2.2669921579411105 1.245227991185864
1.5675014224529749 0.5426865718510367
1.542206596742148 0.5332163931091141
1.7054638663948167 0.7075540361619727
1.693243498885982 0.6779273615366154
1.7955814983525344 0.788013102106483
1.9265044761538739 0.9224094261541587
1.4924216995653798 0.48534242420508855
1.519987383948083 0.5105521499510938
1.6400381078618147 0.6300867865130027
1.4481446204896633 0.4383982148203053
2.1972976690064945 1.1922417087758044
2.116411321657138 1.1168256753903978
2.1366518221831274 1.1289851021814126
2.535167577294836 1.5188751784792762
2.6969310656216416 1.7083245841268047
1.9078895636735564 0.895918177293948
2.182111163056744 1.1714320985232878
2.6141349420477313 1.6047060846585373
2.835386244897762 1.8202665261055242
2.3861145369733547 1.3745921856117689
2.6617085527327022 1.650632180037625
2.8522633018165116 1.8551452641027406
2.7683718198602163 1.7611584047329962
2.862425885182091 1.8661728382929346
2.9135355005326073 1.9183058370057593
2.124340555485191 1.121573004344862
2.0447192134861187 1.0336114867840938
2.2514865397764012 1.253491272964677
2.475722245976018 1.478017873046469
2.006602706823302 0.9998852772884744
2.3363488850670846 1.3297478519730737
2.562883324004858 1.5519282205939073
2.4911242218032945 1.480456278444386
2.619547951149136 1.6094485742138258
2.7089880760114253 1.7041037131168932
1.953061045347878 0.9405260999837153
1.9207375183235211 0.9079915107638061
2.1215665836031348 1.1273250473550525
2.095625142541332 1.0726041327081992
2.211284836648928 1.182503523575675
2.3465624560098797 1.3340792097766372
1.8160833955254692 0.8104770116531986
1.8469681033573835 0.8355098777264841
1.9917119837211845 0.987511602123338
1.7126963158072228 0.7076942368348063
2.2064928765636216 1.2033855321203455
2.1646018387145416 1.1590308925765922
2.2912064169163737 1.2889976366471143
2.4569872333862595 1.4647537753503022
2.1439458485653904 1.1131563398291364
2.3793480598120094 1.3751965146265999
2.534447904891384 1.5288226153296995
2.5233968457114324 1.5227684500316583
2.6116112531973408 1.6038185971967174
2.708777332538205 1.705356325851175
2.1662947731886812 1.1623714342528564
2.1385752729506855 1.1373788122802426
2.3059692949053967 1.31070395379043
2.2892113887057635 1.2827423307718782
2.3972665386435716 1.3964847933219198
2.5251459097664504 1.5216558313102317
2.067902818214248 1.0618952693040131
2.102208807884943 1.0971869778685797
2.24088189156669 1.2355065263351168
1.962794731222536 0.9534544000936268
2.2136241332451596 1.2141890931419421
2.194032845245587 1.196875706205505
2.3008411077559567 1.3032118893551055
2.321298294589533 1.3206742701383658
2.3881764088282242 1.3840427189595446
2.5112741820129036 1.5138929021784224
2.1869312797476357 1.1865145119266325
2.2148339520928886 1.215984852694576
2.3390539546274485 1.3376502752395865
2.1280326930983726 1.1287544769205444
2.210851829220884 1.203693034422315
2.2334796499725167 1.2353007914996064
2.3367435371461354 1.3362111607740812
2.201088414695144 1.2028407807918644
243979.95184612006 1.2203281918114348
