1.0000317391138898 1.7498577477301842
1.0032985621168657 2.611760758070506
1.0001907140884687 1.7390806412426394
1.0008911817668553 1.755827594414133
1.000154190076134 2.6883533331189478
1.0000882673489542 0.9097078473457021
1.0001595335674112 2.59400015685877
1.002291932871184 2.1221639344965473
1.0014593953877837 2.708148472109668
1.00104145214909 1.7927491529453052
1.0002250550950817 2.6053566620404744
1.0019294119100999 1.8087117291455235
1.0012045407600738 2.726138697678345
1.0001346511840798 1.7488751130174993
1.0012330798696556 1.8355606389667427
1.0015823062487117 2.725320844590387
1.0167439004298329 2.728599715968114
1.0003244322742868 2.6687206088643256
1.0006782798530007 1.098700658989919
1.0022662328134442 2.099791690270129
1.0032355677657794 2.661764750274437
1.0003477659628321 2.7204576480410445
1.0003817459985407 0.7930946457758405
1.0047140829471075 2.702143297993012
1.0006916619399717 3.61601980117129
1.0008775918171111 0.8004328277836767
1.0000536788604026 2.696869186906978
1.0000501367407 2.7086348347549705
1.0015662550935893 2.478564194781656
1.0007580102496687 1.9220847238135184
1.0008570942293666 1.749536867877566
1.0001670587530895 1.8168096069177349
1.0076657077948414 2.6274286295554354
1.0010646614686152 1.8434600323432102
1.0004805574142652 1.7349403741233225
1.0019290827122789 2.713062333454748
1.0083917128538293 2.720978737796027
1.0040600495608913 2.7241145650441756
1.0001455239612376 2.7270112256590098
1.0039197619644482 1.7388181784101286
1.0045196179193527 2.7096513071743904
1.0060751517174609 2.7205664132861216
1.0003581410843674 2.7244938824534883
1.0155470883487858 2.3800442848527052
1.0061688976283114 2.702753496717289
1.0010801915371552 2.7165636098378405
1.0043697238741627 2.3975977834325324
1.0043866311755336 2.6993936591190266
1.0033817191969643 1.7369654695471053
1.000022821154126 2.475145525724318
1.0015041773994395 1.8643942581336468
1.0005137165503069 1.9024093302137828
1.0001691127428531 1.896617704589446
1.0002831557638825 1.851116250385944
1.0033240255243607 2.19648008570436
1.0092348726877114 2.710850120599226
1.0072887714887884 2.6869301110042656
1.0017513577789583 2.715606594277867
1.000417225080341 2.263953456924702
1.0054306463932936 2.693367755290333
1.002136842410572 2.7135814476128455
1.0009537386169742 2.3961524555291924
1.0036576935150796 2.699305448088313
1.0005000743053303 2.4186098471416857
1.0014161579036194 1.8540920549688003
1.0047579440004184 1.7904382633609273
1.0005901449274286 2.3762949151470396
1.0003996747915975 1.7888367876932587
1.0020709109369432 1.7478290569981816
1.0040604870802265 2.6895394446371004
1.001607951009046 2.7034743742351646
1.0003210218584337 2.3839314014649835
1.0017045198324246 2.6939109170161584
1.0001776226868389 2.2620159924365764
1.000151578782164 2.0822104288564383
1.0023671299381025 1.88280650227335
1.0003332497293083 2.418046947338304
1.0011141151151268 1.8470515029688945
1.0008006049984632 2.6831758208460474
1.0001803138951542 1.7298836147744274
1.0000732079631982 2.060976843212787
1.0000215561295174 1.8120889041282413
1.0003999563488817 1.7212838482065402
1.0000285990852644 1.1227235572142122
1.0000229089182822 1.117798422797618
1.000746177134888 1.7367984837720472
1.0007660588752445 2.3820982614686956
1.0001534799678284 0.8091150955940534
1.0019138151643958 0.8777825550003265
1.0001257764332074 2.6013941059163765
1.0004807572610186 0.8392564349593894
1.0019245926355522 2.051374625768042
1.0061967612522817 1.854387800283546
1.0014864702291641 2.1444598210034775
1.0001410149813583 3.449442108146831
1.0042031791824304 1.0222902892186811
1.0036930935795554 1.854226854842532
1.002182149650022 1.8925122615644292
1.0005003671909292 3.724616347601702
1.0040091051070548 1.014655360222937
1.0027294310998445 1.8489129679820087
1.001055323454717 3.2725619313913654
1.0013776373124996 1.7157334914073048
1.0019391504504582 3.612003956413687
1.0010797191801832 2.9313488086458954
1.0004555420494217 2.4775369517055714
1.008543647351099 1.9239076460921036
1.0065159285857677 1.7676921974828237
1.002180507876153 1.737328352886394
1.0014749698384469 1.859644893839186
1.0032890522136637 1.8947329577157013
1.01154735381465 2.70987813081775
1.0173621859706024 2.7051017535625084
1.0061929831456897 2.7337788512676005
1.0038625009063433 2.3167643124265385
1.0027894726197477 2.6926587236234933
1.004229486050467 2.703462773291149
1.0028903947059236 2.168803991772943
1.0092332179738803 2.688707741251375
1.0031135135725093 2.265840507202527
1.0008054905930124 2.0158061022189724
1.002829945611372 2.507968089473234
1.0018071110868039 1.8785740167024565
1.0004188124813844 2.467442331992616
1.0013036325570268 1.7191220291012344
1.0055964944375047 2.690681291799913
1.0066765555613875 2.703548183231556
1.0054926225204486 1.726643656587838
1.0078782645340758 2.685902781786738
1.003560383149952 2.2268428953548716
1.0017146822411513 2.6143080794041684
1.0058505787879088 1.7124340510299534
1.001990060363902 1.9213597014452641
1.0058166531704826 2.4895116367879027
1.0049126600584937 2.6857453226718873
1.0024707602934309 1.7356665169052448
1.0020457257139046 1.811790533840168
1.001601639738107 1.8752836959257655
1.0003936072156243 2.381171961964953
1.0001228662405894 0.8624014246386469
1.000022829652115 1.6640532497848268
1.0009393139596223 0.8511452416933482
1.0015494071754425 0.8699162190910089
1.0001020511597916 1.4715681738888795
1.0002732629210846 2.91849379529883
1.0018176264689616 1.1276683334289224
1.0043773238722478 1.7172036392774985
1.0031877562607685 1.8271523256559588
1.000388859103971 3.669932185790154
1.0004166461463657 0.9414208070936161
1.0009717950057093 1.7645685839476917
1.0002334016118442 3.3759861493101595
1.0009352005099412 1.2915561367014718
1.001442151578606 3.2810669492722377
1.0004191114276186 2.8346943866056007
1.0019467415692116 1.7548753526417378
1.0049569265269322 1.9129558891587128
1.0013517357306305 1.824825575023618
1.0001888719060703 1.7177434364610167
1.0071455727222929 1.7070772935541862
1.0062374553699949 2.6729928664515774
1.0128877789279551 2.658564549632294
1.0056930353542364 2.2203932955572676
1.0030632128896102 2.676171737591302
1.0018991344529253 1.7152867750698249
1.000350960590179 1.8049398102899388
1.0042326648317907 2.53220136962346
1.0001885961009922 1.9499873623448003
1.0035807907610086 2.006202664896099
1.0031028666724338 2.6801780308243663
1.0012819585538908 2.035636121173889
1.001221309965879 2.516422921066763
1.0024380659830558 2.5447454678210484
1.002061744016314 2.05365165468559
1.000038426642006 1.6002738912687466
1.0000043809003452 1.6739173978130206
1.0017510310425057 0.7866978221472285
1.0004573161976626 0.9020142023176992
1.000346877301497 2.9286795819686384
1.0014089975938931 1.112509061165332
1.0040797715182603 1.7551337768778608
1.00078220722791 3.3938206837106204
1.0003192674152463 1.1442078183566478
1.0005710089748436 3.6182718177637674
1.0000304262880129 2.930748073888884
1.0011440956912419 2.228428688698564
1.0006501409684505 2.5398622117029612
1.0002883550947739 2.570255136420587
1.0017188034997135 2.206648031979062
1.0034262798608138 2.714213859272916
1.0013689578194822 1.7577450166328008
1.0005077282050998 1.9899735129505653
1.002553214735359 1.8263771155162647
1.0009062845474201 1.996439447689834
1.0000070242866064 0.9045726208559344
1.000138828312118 0.8472957049601872
1.001453717624224 0.94203943975445
1.0002832541887743 2.76033176881094
1.0011314362795658 0.8973144624659569
1.0002286412710932 3.664074673111169
1.0001797344860777 2.160342159582304
1.0020937744983482 2.569357522642319
1.0037126220085613 1.9597823337930365
1.0028936845063423 1.6880408873259716
1.00015190833521 1.1991101302122777
1.000074007609369 1.3296719522644063
1.0000201082748965 2.579525329138315
1.0001697385757222 2.5390722024841765
1.00004897990576 1.5859008054206436
1.0 1.7134757957137707
