1.0001497164264084 2.6930004537653405
1.000334758850705 1.6748729493281156
1.0006471753701138 2.154146959570226
1.0004770282267053 2.0860011680555974
1.0009720547583656 2.0413777405728144
1.000270392583986 2.3016085710693366
1.0000232464691041 2.8380469003337874
1.0010886561416419 1.833263247959949
1.0016678755432415 2.7015691103940553
1.0014833556681773 2.699884823286595
1.0024514621472866 2.725692113407252
1.001119048471223 2.3067313604255815
1.0007068478401864 2.7233310172084177
1.0001801609020298 1.759520110977829
1.0013659057544608 2.5632740156560962
1.0043339319087599 2.360433935614616
1.0031230630821952 2.6846456407200243
1.0002671037170525 2.7476778394165353
1.0003380678347293 2.32491885260902
1.0007550080771932 2.593730187509719
1.002115308426318 2.395451644380281
1.0001323666363482 3.18011713513081
1.000947938340408 1.756600287560618
1.0038017418195808 2.365248946860084
1.0001399762132723 2.707252196731
1.0011789750982187 1.7461883310373318
1.0022482480172261 2.6877033672163093
1.0000002089191118 2.1076329779222784
1.0003364918041833 2.5970403441451673
1.0055744335020642 2.1132348772361773
1.0032496934010875 2.545286433198029
1.002488322366954 2.2109864014591647
1.0016787753431085 2.6072140526699927
1.0002829141393013 2.314742853211841
1.0004168890538558 2.205699747128716
1.003897931703416 2.7135987753218087
1.0033951687587386 2.725954208240716
1.003456531291826 2.724305408623425
1.0025254365347198 2.726451657577984
1.0050407773917875 1.780699896132936
1.0152404318580324 2.708396136660416
1.001640187222733 2.720759107838448
1.003823145226504 2.7245612675680957
1.0016399245885275 2.353833173107848
1.004319888436163 2.703924710516139
1.0018531734185332 2.7150246828120066
1.0008983787076418 1.8428938217148447
1.001002718143031 2.699869846381537
1.000099563136988 1.852642990143012
1.0009044113055183 2.3712486013274865
1.0011729967165954 2.3003672013824183
1.0005362386669916 2.02475302300314
1.00190673462402 2.1878673704296583
1.0003136913839106 2.061166537999923
1.0055843293492917 1.7417370941454555
1.0050005407958973 2.701390259375533
1.0014050910087822 2.7110467349316245
1.000681426283646 2.714959299739177
1.0036796588826589 2.3153136975198017
1.0021919264875787 2.702312309670264
1.0006563160083783 2.7129866283707633
1.0026329120748134 2.381126004488613
1.001521786630033 2.698893246706012
1.0004457681746546 2.3532829125316823
1.0004365156514177 2.054986928554904
1.0017543384652035 2.033586488944101
1.0019763289220633 2.235887320697724
1.0003562877911207 2.291995244246669
1.0004422552826835 1.8256324565766362
1.007441628718383 2.696119788118002
1.0017041664831465 2.701450004222621
1.0024099812565 1.8716155078960264
1.0019798522407244 2.694704750971911
1.0001382772090839 2.08985765226441
1.0003593623060865 2.214819380344669
1.0009410365634146 1.8459473525513168
1.0017343254094604 2.2890935089636306
1.000880481498083 1.7475930124317975
1.0050165714441162 2.686918666625147
1.000401055657838 1.7373987779757623
1.0000139862495112 1.8728283091688382
1.0007055759827528 1.7001540010664513
1.0000120876523833 1.7677815487365944
1.0022371166203685 0.9399800695147914
1.0003345880809535 1.8283006329782439
1.0019860552768525 2.079367444384122
1.0005675556931128 1.9214996892077332
1.0024871869587477 1.646454104461864
1.0008980886608219 1.7825176053369662
1.0002830351431449 1.9533111747859264
1.0003813387620857 1.2004521973236162
1.0016588355356861 1.7303691005831228
1.002870366058916 2.4009129709707486
1.0018456088907586 2.320299013293909
1.0012756430488652 3.098326397691211
1.0014374780704163 1.4066725215481815
1.0015558886970102 2.3767826118242894
1.0017818758986639 2.552424847593218
1.0007031257867367 2.341337145835005
1.0012273817091886 1.404496379854343
1.0039149828480451 2.2385479941675577
1.0008294906591109 2.8661996432248915
1.0009161405915201 1.5185212774078591
1.0010027382339162 2.5380972173759604
1.0000990597064958 3.109324496161671
1.0017310890065494 2.402526166110074
1.0097768170222676 1.8773979332859816
1.0039163272337985 2.3752385337044712
1.006290619985108 2.1007514363778155
1.0036285078991904 1.7460591455161731
1.0034509758893058 1.736622397623946
1.0081577892589948 2.6990723681938356
1.0088742057563331 2.7069722082455843
1.0042343290728244 2.7071346926787516
1.001319391982019 2.2468373920900717
1.007695246955462 2.691721471163449
1.0130781994616425 2.703136163550099
1.0057405477529187 1.7715543342750624
1.0058944957210803 2.6875421423164823
1.000549688623394 1.8192788211730115
1.0004356054202816 2.445300724926582
1.012800720181232 2.599954975200738
1.0036915508538446 2.4221991448281837
1.0018048202618348 1.8405471970979261
1.0052916408207115 1.7701622377071669
1.0140688927360795 2.688981009343282
1.0002374732287203 2.702202927975894
1.0039949169190037 2.14395596398324
1.0031979554161905 2.693532496519361
1.0015100487523123 2.37299349161531
1.0007086946557044 2.406171796006462
1.0059337485464548 2.1833267510763337
1.002950463942737 2.1791364357121767
1.0030966441738105 1.8030069389230583
1.0128658905790813 2.6843092304166785
1.002183536227872 1.7850672597914583
1.0006749990175812 2.0581842428953276
1.0009125663890048 1.9906920027353294
1.0060312977140424 1.7236318268897948
1.0002143661119451 1.4682425470546576
1.0005300674403756 1.4935166028850457
1.000551720340814 0.9428541433120826
1.0005364000184311 0.8589297322870515
1.0019068034195775 1.230274161774536
1.0002667936495073 2.8998591483023315
1.0031590529942433 1.3982312646969386
1.0049856972536202 2.354284333085643
1.000726876001488 1.7466022565519363
1.0001881035545381 3.0381820217739044
1.0001319768079957 1.4360093948655281
1.0023229073222635 2.326921353125477
1.0004853063671506 3.134239136532527
1.002632839496183 1.9441856356218912
1.0003471925237832 3.636310518702191
1.0003624951559151 2.1175084449775095
1.0017405962228776 2.2200973455346302
1.0062646009014102 1.8663851356438281
1.002288190863988 2.2718611159658835
1.0018108787817843 2.186367294561678
1.0049307175539572 1.7454508869274852
1.0058703802030589 2.6669847280298127
1.0081420159246781 2.684751137416814
1.0042259971226704 1.807532427872294
1.0030205866925288 2.675168007584292
1.0011932340832876 2.0083077651332975
1.0014801003618714 2.1039709462498406
1.0021700699231761 2.049752608263385
1.0016231148430013 1.9266018117799268
1.001031657946497 1.7239379639276708
1.0032022438676707 2.704774560871829
1.0014942550917496 1.8614279176268442
1.0002290141761192 2.3458565662335102
1.0011475245112667 2.3642122547817364
1.002268098763319 1.8505143380225497
1.0000194832844485 1.6886913690124574
1.0003930914977297 1.5817870825765716
1.0016832843433572 1.2701161953486828
1.0009804775134155 1.4905788799672632
1.000108987404096 1.9929644119226257
1.0003636566955323 1.5446651246561003
1.0035930871849428 2.3414578021019454
1.0011972374332287 2.895228577373894
1.0008742925197802 1.8657120427329144
1.0019772896747186 2.8884228847471967
1.0000548387030548 2.1162276979471097
1.0021306653889526 2.024695838143657
1.008309749237193 2.1438994342237763
1.0023352929145932 1.8032792230248234
1.0063977167994573 1.7109039485230222
1.0051913549213811 2.6588900575671848
1.003294371501977 2.155605322210826
1.0018760464516308 1.9293426421168243
1.000710802292522 1.7819594807004682
1.0024314158572984 1.9181514129704078
1.0001668719347525 1.4813022677880197
1.0001638515511577 1.6636616122180246
1.0005931679154065 2.0717115913698434
1.0000931427964956 2.273184966178787
1.0002760302153586 1.4776328547823443
1.0026534800165887 3.017670894486387
1.0000391184164168 2.7218868604710007
1.0015591000856927 1.7038862055518391
1.0002196395185037 1.6922327441153227
1.000968239795015 1.7920930390593437
1.0001625246118473 1.22094724141759
1.0000133696829907 1.4315440168215223
1.0002941890539128 2.962565212792162
1.0000561255870362 2.325147355062122
1.0018429139212088 1.860507119817559
1.0000000038517287 2.313411871328374
