71827.2172608254 0.3728949450867598
1.491715892401282 0.513362915099751
1.4609901369747158 0.49057061293798143
1.462237478112791 0.4959002882844617
1.5038130555034939 0.5708961040624475
1.489460046924071 0.5510166291719177
120226.30729576456 0.5849706632282603
1.4601607017204783 0.4721161141625264
2.3818639643644453 1.4774921673021164
2.3498549555414106 1.4285007368109732
2.3768618327890216 1.3842130904274734
2.4295364419040175 1.4917447680700575
2.430930702642831 1.544432181228175
1.354908979786633 0.30906608434146593
2.3814167301253 1.4627045614761933
2.365694989254027 1.436710119739678
2.4300185370577623 1.4972914520622331
2.4100644166758243 1.4978615483633626
1.4217395765765342 0.4321514412695837
2.3456500337029107 1.3798745294273829
2.4089375327419003 1.4786174932270515
2.556755174302466 1.4861561045253784
1.4760031764003116 0.4940644316233332
2.4201698315373044 1.4954398377532874
2.426561631575521 1.5170363193954848
1.435551025142497 0.413375187435321
2.4742943715466557 1.5575892371337772
92411.80662232438 0.4554103706918151
2.433755641747907 1.4780908101133363
2.3604893264113738 1.3994572930119742
2.372480068915812 1.4804077969184823
2.3411380960451886 1.4137220833755335
2.3442860459416215 1.4737400083002377
2.3155991217311622 1.4041773672430504
2.363742405893202 1.4098462485011707
3.3218966707507867 2.4942812083730663
3.2777840031261105 2.4233953676663957
3.2802438747904707 2.468655881564776
3.2558856308521533 2.395053866130657
2.362681045954862 1.4330544191991972
3.2716844901404327 2.3812369267365385
3.2887122342624004 2.45050398502859
3.2711082174779853 2.3964465836985
2.341398456807946 1.397831716512942
3.3033316490185394 2.485904345035065
3.258659055233741 2.40194281978915
2.3622934797156088 1.438885526841421
3.259354172244125 2.3793945510212886
2.3245416242334787 1.3523515316998398
2.3998932418210037 1.425162460073099
2.4689500846400905 1.5801107491474518
2.346518995682138 1.4152987457457145
2.390796795136633 1.521935326931301
2.309186637499748 1.389650853125156
2.347202881728979 1.3965444812984784
3.2875305145226235 2.4577986914295837
3.2952120979632147 2.4951222341249064
3.2794245927514587 2.427413452166669
2.3696574873702474 1.4021054154285446
3.272522438570075 2.425444963430425
3.2746933014349047 2.397577282620692
2.3882497678346475 1.4381468331457081
3.2713965504548366 2.4444570883352204
2.318343049110143 1.3365711298870695
2.41718401668812 1.5339734368112006
2.355554988723355 1.414539005532479
2.306972733302023 1.297617523319679
2.3071215311012585 1.3619290009910234
2.3340527538119207 1.3799517564565154
3.253901704996379 2.3944934501999926
3.2579121581529837 2.390084247325318
2.3733808289317615 1.4716842909781844
3.26006931783735 2.4320589987048704
2.3468138220810615 1.3653310338051865
2.386148654636399 1.4364212904577776
2.341568774627134 1.441168327718571
2.2761316454147478 1.2093641142074987
2.354897519623395 1.44899520404913
3.251856780320036 2.4160302250256063
2.3222048731968283 1.3344132308127903
2.366962031369111 1.4182451556254154
2.3205771990172046 1.390850890435178
2.320502273253549 1.3766216079770683
59657.935563628314 0.2982843387260642
1.5298604349218334 0.49640370109902876
1.4521902981050245 0.46452889124442964
1.397494496934518 0.3842031282626925
1.4473924304328045 0.46582009745752273
1.4389559535880778 0.4527119079508566
2.418277585586644 1.3917800223642534
1.445989921874534 0.44834004749985734
2.3445465043169333 1.3735868761840804
2.395075612684362 1.4810755663536548
2.4408216269606973 1.4388881391430048
2.4406001415939365 1.5746184412216881
1.4771783693127922 0.48412012308816493
2.3542252901216356 1.4129803405918397
2.3711293094754344 1.4069499429140349
2.417266877512116 1.5113418091416628
1.4351355554100493 0.4381055185144211
2.3686372965927482 1.4403387914354884
2.5207799784078047 1.5284105223739897
1.4837761284559634 0.46434614692966314
2.518227009470316 1.5854900115617876
1.5521700198653403 0.5567113804956985
2.397271804397645 1.4605721611545435
2.3543300362971067 1.4225869115782919
2.3790454144393167 1.532486847753027
2.3399090290827296 1.4559853074031859
2.411841917437061 1.5175836549370527
3.319920961919075 2.468549773320958
3.2829922535426577 2.447779842021026
3.2612837065726508 2.4574650445729582
2.3570458018317186 1.412644283267431
3.3528724854812664 2.5653922560317595
3.2605823507572573 2.3991577967744115
2.320513592117317 1.3229043266761402
3.2683822046740865 2.3265280851923444
2.333753613032968 1.389991338215023
2.3980553919869108 1.4809656912244975
2.364432441781897 1.4057368417852745
2.4139060798730347 1.5304260683356476
2.3097046956149576 1.387611752447464
2.385003472296846 1.4548496089403002
3.264472009539567 2.4098996932440313
3.261449704863148 2.3745452319146176
2.3404300245558582 1.3486368334684051
3.2590771794381332 2.384531722894153
2.3408072366409973 1.3893893940020927
2.4955701977443154 1.4442541738465209
2.340853021135901 1.4086408722139823
2.3533947507933752 1.4497506167415288
2.3524228192483263 1.421217951017646
3.2665705914792804 2.4320813499812948
2.3618987474588544 1.4566392769915726
2.348620513890513 1.4270648225792013
2.396267384115428 1.2977521276589972
2.3758409439390906 1.4529326799651552
1.4187865738034589 0.4228124000751302
2.2966785663352436 1.258791838370157
1.3877468753551194 0.3779689885566881
1.412938907423354 0.41202515576214577
1.4449951732189636 0.3535387078342671
1.772486212850653 0.8084902175649471
1.4662663886348153 0.4255780736280582
2.4609502798196696 1.5705284926611327
2.377057517409905 1.4240344505647589
2.471178421172421 1.5265086535790775
1.4381855946461015 0.4242752490308706
2.385804399165229 1.4510520743261148
2.497391840182471 1.5112807412606615
1.460795639602954 0.46804634070848206
2.5025912503068204 1.558019221016686
1.5483200711379712 0.56964467119896
2.419368256034554 1.502822406269243
2.3719163094533466 1.4392386096267435
2.347205759332012 1.4007430616759529
2.3246223842273146 1.3966295645442068
2.3339136486383274 1.361733511951676
3.2929831772783587 2.387093932396365
3.2896332501054593 2.4379448228770397
2.4095242060861874 1.4764492544031114
3.2797522071494782 2.378655640615937
2.3603715003107473 1.4084761259323277
2.407537107261459 1.457611462553438
2.3843906696470483 1.4550701596478914
2.3102209628497494 1.3145473715184397
2.3398094016953976 1.3767394665043113
3.27555208355039 2.3515849787725633
2.367763120534343 1.4407454206944175
2.3253292798332597 1.2659727449995206
2.3368147437035836 1.364473136960359
2.3519780152992116 1.374583248461086
1.4477865643729264 0.4781209527282587
1.5099433752056002 0.49177924492823527
1.4836714807115516 0.4589788809793709
1.4892338826223588 0.5051820598686405
1.4986352405014953 0.5020014020911149
1.450454803015043 0.4054150357586436
2.412196077882502 1.4474573221101772
2.566681745348867 1.6463287680936047
1.493008068861827 0.493610408711687
2.4739441280426018 1.5327347016241553
1.5465755047424654 0.5452227641320004
2.395564933813028 1.4104374195883358
2.3680599751288964 1.3667165469317228
2.3623781815171627 1.4245081439482776
2.3571412849676996 1.3679639595139388
3.3329670358941517 2.467002725977519
2.3372638590585346 1.3511993059345424
2.342509582812515 1.353505607041436
2.3734370403230516 1.3971210584244813
2.3280627632764896 1.2867368078414736
1.441514534609511 0.3890735262654109
1.5195340716114938 0.5048324674897393
1.4711235074376634 0.46133502864781417
1.4992528988538556 0.45598952856086344
1.477232442558317 0.47797523594031804
2.4754057148212674 1.4375092070822808
1.694425651602427 0.44538945895908966
2.359987041333868 1.3802283296464053
2.324094602683763 1.308680892818748
1.430810841360967 0.4071059405171872
1.4759981413865635 0.4495055634616905
1.6893105866184461 0.6809334925314336
2.182524443341075 1.2044615884175531
1.4849531536230338 0.4405427457225086
100517.76013071864 0.4456731592607948
3.35177976875911 2.426075595168395
2.9189866297164286 1.2954663598360023
