7106.836058301204 0.2238225940119024
1.1128908879470694 0.4454759667818916
1.149273238841786 0.6866513619584727
1.1469831365054535 0.9512508303890825
1.1609324484269177 1.1192402531177557
1.268047313995696 1.1816361930444086
84309.3895134149 1.1472338162819287
1.244482589151849 0.2761571254117004
1.1516763751126458 0.9402738456933006
1.3605973564304739 1.321680129307699
1.4108111867457445 1.5448355132568432
1.3035272785744185 1.852847936300467
1.569337760449492 1.6513452690505608
1.1822251511833175 0.6626785115621461
1.1586653170088708 0.9303337179390467
1.2637956685661285 1.2631422630983875
1.3641701495292864 1.6155775981247864
1.2512112447586496 1.7598880061077729
1.153817252368575 0.9448617370614687
1.2022604059593964 1.106364549029726
1.2054222576491203 1.3582065979860694
1.2223042975462723 1.4434853812216761
1.159792931282094 1.1863713566963041
1.192959269756943 1.210577354588885
1.3902619227416748 1.3167879020961961
1.1550773959824718 1.202752324142728
1.1782270192460391 1.2242579307397758
33717.52268450736 1.2466534668790905
1.676127052229453 0.8990881472443785
2.001854752712192 0.3220135930807303
1.224867694963721 0.518701178044434
1.1800194161027209 0.7068616624693086
1.17845536247519 0.9348386202510087
1.2207433441059874 0.9466218675882487
1.4080102146704396 0.6080168828799949
1.2115217018531852 0.7731193833318533
1.2607471826416778 0.9482473548597162
1.2811576542076255 1.1254036534934566
1.2838690255722862 1.2384976208626013
1.3620556946321418 0.684160920919053
1.280522357853945 0.7962964783808482
1.1710600506153146 1.0850876209281974
1.1802491681763485 1.2610613385155913
1.1847448962538172 0.8859065994369205
1.1385685712309306 1.0206802509953428
1.166695518266607 1.131834918184269
1.148724921394077 1.0514061026003858
1.1608329635746657 1.092981578165266
1.1463838115418596 1.088713189138983
1.1715643478522437 1.2507826119037704
1.212406380738823 0.7375858442839638
1.1485401671695963 0.4224659041631442
1.1056567902212346 0.5752755779616905
1.1197886624543203 0.7056671915090895
1.1519357221301947 0.5813238953937356
1.1394029835187927 0.5341496778941934
1.1555298029515324 0.6821209716416419
1.176003665117232 0.8313186640783723
1.2492826846216565 0.6149277311958703
1.145371878061163 0.7257828289136476
1.1703455650851304 0.8507007740068189
1.1165781976589586 0.839923842821428
1.1513051277213795 0.8616620902145802
1.1183681401176113 0.9239044976980233
1.2535977607448776 0.6130673723267522
1.141491993962758 0.3903543448227101
1.1113874389758385 0.3315351935287145
1.089791414155596 0.4621841647057459
1.0738514546847757 0.4074983561489518
1.1051956736909756 0.4336917400300306
1.0911448065196987 0.5487027246235646
1.1573370126628213 0.5546516103425958
1.1207305908908702 0.6142536560331511
1.102433771154102 0.7153379134362805
1.0858025976374273 0.3772251536927192
1.0572587283749273 0.2321811056796571
1.0421674098083133 0.30811914416832076
1.09647484663764 0.35135355701520216
1.0597657194528003 0.3975023277817436
1.0731685444726708 0.5120524860239923
1.0554820045215083 0.23907802302878536
1.0300130631373619 0.23566121798435483
1.0548579743122035 0.3416143575667569
5762.09262802465 0.21976196784421811
1.4359025057112431 0.9446235839869995
1.304998599332284 0.856962594847248
1.1441161966466453 0.9730229724849853
1.342533848991138 1.5607748799974615
1.258737036380125 1.8762462400611293
1.2838851638665278 1.95659012815016
1.1020459033884278 0.7182508794251206
1.1742291073896733 0.985821422530756
1.4207080524914373 1.5555606942493867
1.3347812435672495 2.1623026993802723
1.3599753966491523 2.3483549944297195
1.2524105082683927 1.1378634410585864
1.2684501335879794 1.5565163913724418
1.2981240258366806 2.026391950461224
1.3233091219026436 2.2435588530200135
1.3040278510258205 1.7295008168149466
1.266013212564488 1.9710264863558844
1.308043884961064 2.1240799868484306
1.272785572796414 2.015144537402828
1.2720361197058894 2.081321922865214
1.273590381452487 2.0878723987864634
1.1446882971461434 0.9466096430600621
1.2611195961649144 0.693575272316935
1.2711272223496277 0.851276298457802
1.3550544551126955 1.298100797356431
1.436212643501511 1.409545420336993
1.2114132054036033 0.48817910887240806
1.2078192401502772 0.896707460720261
1.3906111695402823 1.4251323378524399
1.382527853227095 1.679612368356957
1.2932933667658815 1.12875538735802
1.3178755507256912 1.4496190567946834
1.3431260408701986 1.6784588058981575
1.4120285015390275 1.4880396027881
1.316479667653086 1.7025092866999405
1.4450664800807855 1.5837486556330755
1.158416674062737 0.67257949876831
1.175004210904295 0.5989152145940835
1.112743761382836 0.8456455439183386
1.2859431038368132 0.989398884898999
1.1625731427881787 0.5621738944295773
1.216289324591414 0.8936760944490623
1.2592634124235835 1.1152077859310323
1.3549876214849852 1.0036226943816695
1.3037077919443327 1.1548029998930214
1.2754694368663593 1.2481613166783463
1.1134354333689136 0.5647920752514444
1.1345177896873602 0.5268227580223772
1.1206995097990995 0.7295221963694363
1.1276330785505126 0.6881439021095864
1.1659140927104361 0.7841375595674644
1.183449147431036 0.9102051195975024
1.1121969880220428 0.4842264330501602
1.1401311447470723 0.5030107452311235
1.0944235518899281 0.6500643169953624
1.1262610740699952 0.43070891789288174
1.2125967185244013 1.181539133417819
1.1702484157476962 1.1059422573900173
1.2106269900318476 1.1246959439182151
1.235602227974613 1.5274376194534538
1.2316186138564458 1.7039839145052942
1.192668577854211 0.88919880116031
1.2517338543469898 1.1400462466094
1.237937307030366 1.6295619415797769
1.3444780006236396 1.803840828886631
1.2079351788883788 1.3862839248714873
1.2903111700436987 1.6457457733804746
1.3017793486496188 1.8405899841682094
1.2630365004772621 1.7647371611064577
1.2863169611186036 1.8582514502191478
1.2710491659217618 1.910676083316104
1.152186865474501 1.117060607642421
1.1564402001105654 1.0489730097270153
1.1892727371028688 1.2463790998649722
1.243273598290073 1.5087475148556146
1.2370965581320152 0.9750439619654787
1.2010623415320587 1.3413656653773582
1.255887824170162 1.5652623554835239
1.2465149185789355 1.4814944928287004
1.2263375727082007 1.6319068089213524
1.2796910713191214 1.6951211564874618
1.1744892367494162 0.9430703630099463
1.14982960694062 0.9234096184141283
1.1631285564300766 1.1217126893681995
1.1724905944439068 1.0827645927724407
1.1746418232914853 1.2183718116433924
1.2486327557734405 1.332133698680586
1.147785342443102 0.8073432776678112
1.1550822034972905 0.8501611350718001
1.1407809525123105 0.9964727597451422
1.128152787038355 0.7078604882480689
1.2039037923211786 1.1956625600324342
1.1988357682346575 1.1554771355612652
1.1937176646045224 1.2888962760427307
1.1921858164901193 1.4655777295120935
1.1697606061428867 1.144144340462229
1.2248947433707442 1.3711140692865178
1.2561037141328621 1.5280875000762753
1.2167346799944863 1.5258864436230377
1.2362990091642916 1.6091707708480794
1.2363374521526143 1.7101118518580063
1.1991879882287713 1.158038580662582
1.1519252731896237 1.1434428452660659
1.229762186638021 1.2900561447095322
1.2165282366732462 1.2832349954325462
1.1986800998415796 1.3971391286264747
1.2214699735982104 1.5239755080053758
1.177414761069315 1.0632940880352395
1.1451326764179133 1.1080005797721078
1.1801340756921324 1.2412384811726171
1.1449598687604061 0.9611612190463068
1.1645801174745063 1.211403390052704
1.1606821863662384 1.1960598452949671
1.1842484638615567 1.301763806437934
1.2212453821483378 1.3082480999570345
1.2017731600600272 1.3865346737301185
1.2350121418948379 1.5311751367807502
1.194937284764392 1.179126949508932
1.1571916350023783 1.2182630415890565
1.199301780092317 1.3366542191124116
1.149141766811472 1.1329067214246618
1.181433095464676 1.2083947917483853
1.1613560619099852 1.2352115576795675
1.197156940919072 1.3351754737701733
1.1600696424922459 1.2036100407582926
31850.395771672593 1.2197262861801605
