155500.3823565229 0.7774918505370237
1.8579343797480563 0.7907242862306775
2.2026423930043304 1.0682816915435942
2.602660595055325 1.5430872495432566
2.6553239902868606 1.6140215087848984
2.722077523514865 1.725812203527922
344028.8345491872 1.7045948983850736
2.074833022846775 0.9337990531939163
2.2702441067774677 1.1304451745271522
2.7712419686500427 1.6470402395656323
3.16780228489395 2.1316640983157233
3.2461144289806216 2.085645886009651
3.2339329094013296 2.0684384752514755
2.2724867577449057 1.2468006859506073
2.497687493593321 1.4804155719791605
2.8242788310284213 1.7746183360422192
3.0750396360747456 2.0797139808499256
3.189530763059401 2.1335044286119653
2.537318883832943 1.5332323165758759
2.6921265567291384 1.668342921643926
2.8599786551234185 1.8559879606591916
2.97443248667948 1.9715738912272776
2.713120346049747 1.7301189645458916
2.766856163368835 1.808005514817682
2.8416324419943777 1.8660751119758656
2.7526096017866104 1.7858569573333227
2.7695995292049322 1.802665826679108
352803.285462696 1.7826369489798652
2.617807655186572 1.2425016482918072
2.242093919777433 0.941594516849837
2.036751534353853 0.8824952793815644
2.258504334106642 1.2345061257456358
2.42388277807488 1.439315280703667
2.5015358522512674 1.4879960724806054
2.1183926417232497 0.8484132259003876
2.1703474894286705 0.9671646699441807
2.4268355989572465 1.3094769343925001
2.666214105694517 1.6460760077597747
2.7791332941426194 1.7293706999168674
2.2335961682115864 1.1188798832505484
2.3886043622783704 1.3598834880778627
2.6181255802507213 1.568374959060908
2.766613068447515 1.7729632898286374
2.4326434585535965 1.423496811278854
2.5434886000047676 1.5433461709485528
2.6641837450899835 1.6913206400341287
2.5719505397347904 1.584482932834704
2.6035465655278145 1.6057603821926354
2.6186565574648633 1.6268022344036002
2.5330002465159485 1.288051786849512
2.2380121948255134 1.1752252272311057
1.9348241145531309 0.9023161418974424
2.1198284125904787 1.1244883569516733
2.234268024591792 1.2252505680479864
2.064126771985561 1.0180680668848787
2.0482473971235304 0.9961105432457339
2.212257596024525 1.2186422102730752
2.3442120767905035 1.3498420467201826
2.1851452770285094 1.1637365007988418
2.263071960280999 1.275508581965845
2.3771098942840765 1.3933129255430465
2.348959024058757 1.376697629997078
2.391795063480297 1.374068849003363
2.492950293442118 1.539999131905103
2.159001294620664 1.1393135997916892
1.9024387181912337 0.8836415570488809
1.8697277322097143 0.9038727115523634
1.9905273658229365 1.0116578559036902
1.9735980662944936 0.9721830986260506
1.9698611710666407 0.9650064968199724
2.032555772602041 1.0109706047856808
2.085514883613349 1.1062052834320082
2.1159076133329258 1.093857174339226
2.2170442526140217 1.2320993092838661
1.8795396159436968 0.9076801503599018
1.741948452408469 0.7838399713549609
1.822877982510767 0.8646738786428722
1.868172324280866 0.905712049522998
1.9056705323244056 0.9626010790805997
2.018863778082837 1.06629168275182
1.9960724317340923 0.8274057248356897
1.7266295125242705 0.7306920117440632
1.8389211622645463 0.873739360073704
140827.96052657644 0.7132050497307704
2.531358806142573 1.209410942441338
2.335857984358116 1.1602269305121204
2.5085111181763495 1.4515644097213904
3.1030842065625928 2.106272759777684
3.3773172651735925 2.3933900058874893
3.472408846072578 2.486107185624101
2.223296971638027 1.144058240854577
2.449798123579896 1.3051982188501188
3.1592056959391854 2.0883272586865615
3.60207539877475 2.5280863100985345
3.7295702230647754 2.6853926782755257
2.730806779846586 1.6705961374587952
3.1218019390122738 2.1144054338172635
3.5412692484230393 2.526708577531129
3.7437923924470553 2.7600594777798886
3.2832964606193826 2.2845179315810347
3.489004384317453 2.506705302551806
3.6428938470939567 2.6811338516330507
3.527979435357405 2.5671208871804545
3.5948486527364034 2.6195866204271763
3.5813807397315687 2.4430748785994165
2.387187209358597 1.2027830416792515
2.2738074067079403 1.14101933312362
2.4321067873801034 1.3878843524751139
2.8934981377446856 1.8632236955796686
2.973042809370144 1.884857377484773
2.073161331049329 0.9819449739082202
2.4411101821569314 1.3793929964978988
3.0014509229631647 1.930703229922541
3.189064491146818 2.0904659072084706
2.6533938939531594 1.5619806930054065
2.98530483654152 1.9669971509382136
3.192803660666652 2.135072057449473
3.0528061662149333 1.9800464158459752
3.160556260324312 2.091574146115795
3.1296848288264854 1.942975539691715
2.2331252994932482 1.2196956515796014
2.147841219249959 1.154710057538944
2.333069338911752 1.328006746025251
2.525891683117407 1.4955745025793803
2.1008385471837063 1.053792117667078
2.403523363537654 1.386283840470206
2.627447427931022 1.5523891179521652
2.5749393403150966 1.5668005904431452
2.711086481248593 1.6832558033942253
2.7644634386409894 1.7651469930594945
2.1042635646010903 1.1386232111355918
2.068123873037316 1.0616955664426233
2.198731787102634 1.2251303945350744
2.190315242997637 1.2266815223076228
2.280066825510391 1.323722370733075
2.410101741912862 1.456450222627369
1.9848417873669686 0.965943387207777
2.007574207372671 1.0063512562215697
2.140452634696563 1.1787071252227912
1.946054161871503 0.9527397826907743
2.767765459178542 1.7577487294587835
2.656417089340146 1.6166487506591705
2.68832618231812 1.707451661929126
3.071949764249944 2.046319520265164
3.2216712270294163 2.2512937658327496
2.4612329098048518 1.4454404669043126
2.7162086707629385 1.706406135391075
3.1406052436683995 2.179593233604826
3.3355431568184284 2.3286973216513482
2.9201729512417307 1.9025524555062496
3.189442237106595 2.2151245086872273
3.3620760820224502 2.3843402453308005
3.289465715222374 2.3092246548997872
3.383907771554907 2.4209225597888064
3.4282111902324086 2.459115073298375
2.656431447458973 1.6428501527270079
2.5922562405797525 1.6050887538200325
2.808248195408839 1.8777626025550656
2.9729325196334435 2.002797970381424
2.5297073996408805 1.5137082611210415
2.853613503430056 1.8419363479115516
3.060642940724367 2.0836244733698055
3.007256886849303 2.0353824693436517
3.121920465020456 2.164756025041666
3.284746242396462 2.3316546755477434
2.471910890483292 1.4756656436512827
2.443580927222378 1.5026187269593398
2.6044503976993085 1.6412572058159953
2.5744736840263394 1.5749524958697632
2.7109966001039294 1.7707454281611366
2.8436559865419566 1.8845040727677072
2.3084637611802146 1.3364050577280258
2.358720897112873 1.4084947115047965
2.471327418912712 1.5106614811440489
2.1934644782883335 1.2132563831975245
2.764046739207068 1.7657281379021257
2.700458440850723 1.6994918715858067
2.817212549492906 1.8477489178167787
2.9769726126229736 2.0067470837437718
2.6759646408224524 1.6764588183736178
2.907525888103451 1.9458243556345476
3.052849889101574 2.088312659172139
3.0344146958586813 2.0631911373850897
3.118742651743383 2.165187476638909
3.2246287938717795 2.2921048956239582
2.701532863556818 1.7469184616751128
2.6593485214334676 1.7050118442767208
2.8058360995292735 1.8403522842216369
2.806961398419833 1.850106189399825
2.892934550659317 1.927375950517845
3.0257669562348593 2.071503932309846
2.567800344688595 1.5988307882181834
2.611596129298487 1.672179863443561
2.7533282273956114 1.8160046344924035
2.462989100890234 1.5215318758014198
2.7271491337910105 1.7473447471177816
2.7141671565333705 1.7591349364151232
2.8150698868731237 1.8646434334625175
2.8301563009926687 1.8673519439086899
2.8935536688775874 1.9392505329957728
3.0069338412213886 2.0365728900841686
2.6995735125328206 1.7397104478169618
2.7223284020315304 1.7406247255114105
2.8563091186958607 1.9316730054118074
2.634102731598764 1.647089972971861
2.7227713423702222 1.7672928049591128
2.7421022865362557 1.7910407046106167
2.840549440005376 1.8698332615228452
2.7159655953383988 1.6882645328489345
344943.58839949325 1.7476183208335099
