151242.72636570354 0.767427073256709
1.8430387277138904 0.8446925610504108
2.157768308114725 1.0716274305902127
2.506549118333502 1.566513723391496
2.537537330480974 1.6886220131568943
2.5694445287564514 1.7291846233334094
326046.45562889066 1.7363120689387475
1.8924909842585782 0.8634009955966369
2.258596147183302 0.9213200494529648
2.740308866660633 1.7400099114206897
2.9919931946742078 2.035808502271325
3.087617721222457 2.1312811377120675
3.100180757620024 2.227517834185261
2.222968886233902 1.177194823595621
2.4624231412104756 1.5081196064941866
2.7511408391230354 1.9047712846493834
2.9330881093049226 2.1028498675003044
3.0134371071134582 2.208582442614487
2.472281505276634 1.5589599094182245
2.578238240396611 1.6551031002884937
2.735827833579624 1.892393652866493
2.827035773437875 1.9913546299605942
2.6186501266848317 1.6770102227013357
2.6440713511002576 1.7816084113242066
2.720522526676741 1.8861094668277276
2.621116397705239 1.7242282869317396
2.6442108070756705 1.76548319164226
332638.4945546204 1.756708966452663
2.6693980449481094 1.4916319188449587
2.1297474719397527 0.812259167120707
1.996936085190455 0.905924644549632
2.189599018435047 1.26361518803221
2.316765934124075 1.4482002180366949
2.3592313706775494 1.4938950639972575
2.0682021240122572 0.8550162233171792
2.145952726838127 0.9912188403491685
2.378341475694885 1.3444947366561593
2.5829251375824605 1.7184541910004731
2.742276910411156 1.6601162850140951
2.2015442610246856 1.1714479260416857
2.3337381258962715 1.3611426340242498
2.5308262374735433 1.6721983006088568
2.6463382226404946 1.8046529606387363
2.37210333728309 1.4149127555874883
2.469473536340615 1.5874129399710242
2.553016272054859 1.6988408289688595
2.4802260515260515 1.6155610382303216
2.514537199204387 1.65061473853382
2.5302377056011016 1.6868049951976798
2.5209633530455955 1.415412372079283
2.1652637654344877 1.057288384196227
1.9086890626955335 0.9287687881788781
2.0596615914150465 1.1841536204783785
2.141943685616151 1.2553778211381712
2.016470927279583 0.9549887616726966
2.0384782670388204 1.0495019628344684
2.2203561583370997 1.2913438811554505
2.2854596761545807 1.3839857781669855
2.1671400591894256 1.194784914712589
2.2024793817911283 1.2785746296272786
2.3097414274840555 1.4012069686154334
2.2936346147638127 1.3822531941490097
2.3181817096712507 1.4198098121530724
2.3669515935358323 1.4877900038957128
2.142454581102432 1.1321529500016654
1.9022869885934988 0.9449446983552192
1.8410809459365773 0.9143163373611929
1.947169035038946 1.0409696381822668
1.927897834986088 0.9195371115067752
1.9713832080800726 1.0246071358174078
2.0252905626481983 1.1061193883937706
2.080876808047274 1.1513036429255976
2.1027972824848313 1.1708006942168045
2.1804781635217108 1.2442683953722056
1.864940034314775 0.8521709893808684
1.859116298658306 0.8226594748821267
1.8010776843683372 0.8700060766191888
1.8807544150388045 0.9155144497270747
1.8903448664428706 0.9430442719805976
2.0064709088525086 1.0850216531184829
1.7555544827731906 0.8033072797027473
1.7326188882258797 0.7713863072176633
1.860404185388798 0.9256884221916026
152183.26135393593 0.7901552886086515
2.4761051819391584 1.1771206441178412
2.27323456156127 1.1774774201718754
2.500638192375499 1.5154617424990335
2.9917952194033837 2.13000300613168
3.2125602882139104 2.422536011638934
3.315008119539115 2.5796254226385287
2.19065429611393 1.1800728945974526
2.418278965571433 1.3344040854376242
3.106050283325624 2.149750669602419
3.4501955372255777 2.621277648173181
3.5496685292255172 2.7206702863226884
2.682873976130272 1.6996535406670559
3.046921397419352 2.128755022487961
3.413955269762072 2.57628627119772
3.5727897635130574 2.8083567510385947
3.1762678245423634 2.2768832431917305
3.3641716694611237 2.542231582042569
3.4843302861891 2.6903160736704046
3.405700272601339 2.587257393867448
3.4435437168384513 2.639706750528435
3.4557364084741824 2.6449789668582593
2.3706199549794333 1.2401186968119067
2.211392055194331 1.1170023404152087
2.3947071768357353 1.442509965365207
2.764098134209261 1.7940113124585264
2.8290276454700045 1.8361532069330915
2.026726996629404 0.970515525678306
2.4060596641486365 1.3509624212023452
2.9153208105094732 2.0074188541285602
3.128611649673582 2.2248631041230156
2.616810861103385 1.6119487300144892
2.944257547599532 2.006962236557239
3.0823840030135763 2.1853595260536047
2.968337286885989 2.0463871010581274
3.042025809297077 2.10905756745
3.0546942640445796 2.189849651819462
2.2095878036867926 1.1931962842783272
2.121778434712374 1.148586376476789
2.3137739726848614 1.3894648858517824
2.4581616609626353 1.5512596834226415
2.0807783139743696 1.0649789194019408
2.4149632737848066 1.5001835891639188
2.5690071749441388 1.626312006086302
2.5529159061657727 1.6333829048719959
2.6734284001233077 1.6978981646390685
2.7044314891582584 1.8114478595641264
2.1269955703747407 1.1896203227185635
2.0400926320420547 1.0873172316881274
2.167341609969059 1.2475592408743084
2.1741719378159257 1.1706429848802213
2.3391225741738326 1.4262684726627275
2.390059099936856 1.4201295821733342
1.9875531957449772 0.9980799168150909
1.9905650928780445 0.9979569744987598
2.1259371226237516 1.1829681398936263
1.9305316693904708 0.9590711942003289
2.6923035956174846 1.6560906532466153
2.656037250707178 1.7074216326666756
2.64789187695417 1.7211517752632952
2.9552825475756443 2.077730987790267
3.0801020322175017 2.276413700002386
2.4148196006218234 1.4477484548667645
2.689603219463204 1.688905346526576
3.0932290977032437 2.205595498008992
3.2218785735769826 2.3710157902089986
2.8922278824997463 1.897917649241979
3.1254839200022406 2.261203736927209
3.2651534746676014 2.4132722955314643
3.202604988873353 2.3413403851835426
3.2729467650400736 2.4366894006848576
3.313302487430545 2.481298686418283
2.614457874119781 1.614171162681424
2.53341884525807 1.5505775774820616
2.7070358996813058 1.8164918704090747
2.8726015604125124 2.036429122929384
2.5145505155446237 1.5280471409915488
2.8150031635895587 1.8662003461174343
2.9899282216591496 2.11414191974825
2.951501049560015 2.0512411895348848
3.0615396354129643 2.1869817960227884
3.1286300354786425 2.2557211685593836
2.4566820141255805 1.512819215471168
2.4268286719604375 1.5155341612085618
2.6008767277925586 1.7188926443504366
2.5722204940783833 1.5962082011043428
2.6785733133407468 1.7300298666419045
2.7911676496118485 1.8832015057038407
2.3326605385023 1.4139385357973115
2.3251756279258537 1.3930538159051071
2.472800113095528 1.560287432545454
2.190969108959493 1.2027124589237914
2.722396510350328 1.7722247413459846
2.6694553366075144 1.7294214803221535
2.7597527047326684 1.8489751665808611
2.8915585552603713 2.024935208775443
2.652076530484457 1.6753022339429657
2.8599057765997715 1.928797707016753
2.998068149112493 2.117714362522015
2.99374846091602 2.0942641471458754
3.0688121363462755 2.179673293936669
3.1664726189754413 2.282285508735694
2.6621365369489487 1.6816220980960943
2.6997055604571765 1.791425858803269
2.76586959448428 1.81152273021955
2.784295436794854 1.837128894874036
2.8738166870942674 1.9658024080958754
2.993636613850473 2.108242296483091
2.5654162719473748 1.6401547761658741
2.58469685581625 1.661474913982122
2.744942906093417 1.8353752728836175
2.4489770677882015 1.5181761353897911
2.718058574183318 1.795411548866956
2.699654470426477 1.7837050166402642
2.7799473693353605 1.889707456566184
2.8106645478783947 1.8780219507757947
2.8682706243980745 1.9377357820691963
2.989252610314392 2.1097681496458085
2.6917646090531293 1.7736043148388996
2.706094040264224 1.7673438918531703
2.8416859392811116 1.9470203966103536
2.6196465358418752 1.6981606844983026
2.709714272741544 1.782490479883386
2.734298039323101 1.8191672817937516
2.833788308920316 1.8961976085544823
2.7355816879675507 1.7625991102490974
337912.38454553764 1.689048761229305
