68981.43154323564 0.38463516233476874
1.3780233067733616 0.43276267939389707
1.3671617602392006 0.4153030200652051
1.3722734437389978 0.4471326302682243
1.4341952817333645 0.5644008191762075
1.4727450770933113 0.6032463488558562
108929.40251527027 0.6321463199280314
1.3882153859347746 0.4392306415857803
2.281421724828943 1.473467687314312
2.30968476456963 1.5166795680125325
2.2471891517476585 1.4672639088126962
2.2479781381167294 1.5167710737818365
2.31570016464788 1.57460778193395
1.3768313894702113 0.4167485490481861
2.2583729848595264 1.4105833723473835
2.2721876662313307 1.5159525505465223
2.441559392198805 1.7282564455679967
2.349145763430629 1.5392780560624226
1.3976751860026893 0.39584072582824237
2.2692504473345423 1.4220409467434174
2.2580129382050997 1.4256669898576024
2.330695181220662 1.5249571528133734
1.3786681298218348 0.411963596924773
2.2483247046312957 1.4336066799412908
2.35542483231976 1.5583205254589167
1.415374776579127 0.4470240150474014
2.3155875668859087 1.5336853908321242
74976.3933190355 0.37818126838891986
2.2813957773557583 1.432965017695446
2.2700498532590307 1.351593363228608
2.2426285595899538 1.4015423658968036
2.2236924835144602 1.3276310434829508
2.2134337187546036 1.4413576078804948
2.20150741045495 1.4772153729551687
2.304537080521366 1.5307468978041823
3.14029647314497 2.4987764957193574
3.116993124662687 2.3892049166960976
3.0571375033621506 2.4780430981234534
3.0280761530406095 2.418166429053362
2.2466141384277005 1.3673349795806422
3.1100031430635764 2.4420195763341277
3.073004994035718 2.414846718469379
3.0685703918544727 2.424294491360032
2.2478471507445574 1.441648774697181
3.1033745411848432 2.366940436408217
3.0871375587457353 2.446061280803638
2.2775608608157074 1.5144224964880246
3.068126934117894 2.3997065161802063
2.2582279378756582 1.4926579553407322
2.307546690095701 1.5159207467468243
2.2268552075053787 1.3065593243021378
2.223512535390965 1.3194849288894752
2.204913378092111 1.419891877170434
2.203412759892627 1.4527626358771182
2.256234382806748 1.4179740916375252
3.118621656901145 2.430579716134745
3.0922900383136085 2.437614633668817
3.052434672767245 2.379069846984363
2.2697741273548604 1.453738725658568
3.1024501118369034 2.433466199949307
3.0746104550615834 2.397666049811103
2.266957247928225 1.4648930033449918
3.083842125888522 2.391009921540778
2.229784477702502 1.3908656562449857
2.291137644507546 1.4570707913275678
2.2520334599319547 1.417628008546861
2.247169857021907 1.3591694880456293
2.2158104395841605 1.4047862748244222
2.3058534723943653 1.3936984954915332
3.1515588891065605 2.324872012658725
3.1119812598083145 2.3868330520451395
2.29624208235087 1.4858037350769822
3.109031086556957 2.4171152576745563
2.2269510684148495 1.3575778601318662
2.385665139900804 1.5714662680702371
2.2522844840977 1.4040956807611975
2.2220859224144034 1.3120726211891196
2.2770806645966077 1.4261152841613534
3.1279587808290095 2.392852079400302
2.2535231184910915 1.383799705536823
2.2404298796984037 1.296594253541212
2.241897928103926 1.3843331621502628
2.263573800614102 1.3077404056482225
61920.38357493944 0.3253826756378489
1.4503388901468375 0.5068989413724119
1.40455738797116 0.4738761757906241
1.4131875333273998 0.46385942267331576
1.3955931886233854 0.4918075209465511
1.3546080085711079 0.43276328660602725
1.5864825092939707 0.7268814983423029
1.4481922564819851 0.5347286144280101
2.2573328874397354 1.3634183245462432
2.2661769560114813 1.5088505745949405
2.2589754031581037 1.4881780603338028
2.3439961424969358 1.5981658049708976
1.3654886325277766 0.314709710441662
2.278342758697453 1.412388118174253
2.2512115302534874 1.4247014006241931
2.303232862134022 1.461669169736978
1.4208569074368826 0.4760354825619504
2.2880552667912983 1.3589072782847083
2.3046107522998356 1.4918732565132093
1.3911568092446847 0.4159997163956046
2.3130684185073753 1.4964941434612324
1.4481086167988106 0.4894309903651678
2.3215430521103624 1.4525704697247428
2.334085722194244 1.543851735787853
2.2703079918526132 1.4787359954182444
2.2185576049287428 1.476833687343326
2.1764041231564293 1.3911098963073472
2.2471290729400444 1.4226899572891734
3.1343250645267875 2.4425255724357884
3.1043423490761226 2.4635226312480256
3.071652385500001 2.469579501362037
2.24476671187375 1.405322990084125
3.1680666354868174 2.482105841209955
3.0643193464850715 2.3688818251334522
2.221633888008679 1.381652902263232
3.0794185659143043 2.387641085168831
2.27617795342128 1.4288168180473992
2.3521985604127558 1.5284254168878282
2.3029855219031625 1.4425929046094252
2.255010234403046 1.4639764660135985
2.198575488515253 1.3470359797627478
2.2636611441031977 1.3871979972016886
3.1527751424766715 2.400282187289605
3.0966058614130976 2.433665248869969
2.315081717623659 1.525266072810353
3.2844402697041297 2.586706722246632
2.288087045677167 1.4475964010213693
2.2715167738480755 1.3838432718870506
2.2491708909159085 1.3896290027442892
2.2842843075549206 1.4562055257253188
2.2977197415337747 1.4482896453903957
3.1298258708676716 2.3979282238958213
2.3039058600901874 1.5050240047969663
2.5109032886943936 1.3450335482288207
2.266638979826583 1.4270312943352195
2.2926392960739324 1.375304129573904
1.4569983679596483 0.5229683463880254
1.480424723301276 0.49953358952952187
1.3603242340004493 0.3389558194275476
1.4483325543359777 0.5309816503118578
1.414084715099251 0.46878270619329343
1.5055173731458873 0.5214569148093366
1.3930515732019637 0.446528530892354
2.3101016610143534 1.467958114141592
2.2562703273013933 1.4271569291105495
2.402311915481739 1.543051569731094
1.4781434606946369 0.48823401573726666
2.3027774427443735 1.4207887412428424
2.375278399238093 1.6039262088640531
1.3644618525728192 0.34370037403374554
2.4248589108939917 1.5937225520193405
1.4520224160817181 0.43222172341800413
2.2969696309701435 1.4473861543151454
2.2566404573753207 1.41619484154081
2.253159577228908 1.4586127620839744
2.208886895012593 1.4243160490061182
2.267500847873487 1.3939835516101082
3.228338002676662 2.514198998303516
3.111754224384116 2.4733570782177168
2.2878833179314837 1.4598772546413021
3.1262225455912915 2.4259453090625964
2.356240632674787 1.4922128263957652
2.316263972470229 1.432378710202789
2.319851087743787 1.475022841989101
2.2506093323793355 1.4220093555509177
2.3729502550507675 1.5431747251821697
3.1690686495359284 2.392451032616236
2.2739404106380663 1.4399122802624074
2.2582564452249043 1.3984566222883756
2.2891606966915465 1.3076491801238697
2.2995036098684136 1.4522247380005495
1.5331642713571423 0.5113627011645194
1.4564341375330385 0.4814489176995601
1.3633483264791018 0.3432815259447669
1.4144141872444644 0.44346098248900345
1.5344805187663628 0.6003661313588691
1.4155457191105396 0.39379806880013096
2.310611362696662 1.4565116045636581
2.4337720022887996 1.6223594311939824
1.5370840483270878 0.47304280630429224
2.3792403380283877 1.53787418361411
1.5139941916672415 0.5760949004551937
2.358831811607412 1.49768866813662
2.2627917871224597 1.368397976093055
2.2398870467111043 1.387288070681331
2.3304807188242584 1.5025503972699508
3.152963338867883 2.3156819746772044
2.3194588480192175 1.461812279323774
2.258814379689506 1.3615355657544899
2.3076561159384728 1.459720892075848
2.2829117607385463 1.4132141548547283
1.327738949206139 0.20921228312518111
1.470581132899533 0.5052580990505255
1.4966247168430715 0.5574442700112157
1.5154543681389987 0.50516553200046
1.4488338865812778 0.4296901682830046
2.3885892484308533 1.4608167991158814
1.4492919674042914 0.43351534069680164
2.276818946410003 1.311219424593462
2.309426761052977 1.4278221033794627
2.315079414216674 1.427286532491673
1.3440368879519804 0.18415332564505646
1.4641984379697355 0.4876737557681934
1.640462660792081 0.7009366054210713
1.5234750565654127 0.4858508409895408
1.4868822462616036 0.49797310329965144
62022.52195724628 0.3087321387589169
