83440.4402491166 0.45636889086855664
1.4894788501581289 0.5585145245738963
1.4304563732468085 0.4912759180322631
1.4134829016393968 0.45575750276502347
1.5248393295498892 0.6030004567088089
1.480735395540087 0.515600155314471
117930.0937672331 0.6555230050615546
1.365804261035022 0.3696216542222704
2.279989353521102 1.3935703474078962
2.354160347267356 1.523515920896903
2.311500689133024 1.3859647204063241
2.3734726696859694 1.4484530402262132
2.405671575572612 1.5119258152076622
1.3634615589391812 0.3193550599444703
2.2757117405370617 1.4105235428657017
2.3078841126757563 1.4644468549009697
2.333576888681213 1.4770103829918948
2.3847275724800427 1.5288555060829316
1.4198479658475627 0.4089752372897286
2.3135046586541614 1.4883309684626145
2.3243901222112684 1.4745214481961917
2.3702880686410834 1.5231002281545423
1.3776013013961246 0.4007934380856015
2.310007918268221 1.421963717621026
2.3563822941655057 1.5370479997267585
1.3985185524232686 0.37956067554166634
2.3943096544198825 1.4975423179373486
80948.04265653742 0.4148485624216809
2.3648279747956447 1.487530610535035
2.321461373236253 1.4814898060640238
2.2923502005221366 1.4396504793964144
2.3632486005722746 1.4727424294086506
2.3370313623617376 1.424099814451759
2.3088277874172363 1.437336452434212
2.305980031004395 1.4668041764936377
3.1788069012128055 2.400549928708778
3.2136396000464695 2.475418503458961
3.195137800045674 2.4094745368963455
3.2313960032337308 2.4764422709689855
2.2746502354612206 1.373991517074067
3.1938262547345166 2.49667018976064
3.1836020509715355 2.4046373970942945
3.1991729476579347 2.434180279087414
2.3529041713728933 1.5569083112189235
3.1602407282697618 2.3982685204026093
3.170021035054026 2.431935641536738
2.3159439021293293 1.4938488149019746
3.1358515063866514 2.3655505177434746
2.262966101402517 1.3405481982438543
2.337250265351808 1.4803358662849462
2.3436791776942982 1.4921521454923365
2.35701051396176 1.4893037369598696
2.3111818344965434 1.441233786599048
2.3034573686780897 1.4534653576553436
2.2751040174243276 1.4023363843644847
3.273165961521999 2.449486480698086
3.1915444248441593 2.456594325728664
3.194692160068244 2.4574890755850483
2.325029794088336 1.4125327216522996
3.229206435408403 2.490120257944085
3.1829854505711777 2.445862403816049
2.310703599055377 1.4810120164895424
3.1567865764509206 2.402947716855555
2.2667346554206844 1.40564271389003
2.353078609827839 1.516423645621856
2.3089640628931103 1.4615704918746284
2.2946583278516437 1.4100963884061561
2.344907876326899 1.5339217908864815
2.3429944633685627 1.4912766197048093
3.2055817011721213 2.4706476264003587
3.1877046801146203 2.4377474987537116
2.307618354810596 1.4250844458468088
3.1768049634665636 2.4242963754323386
2.268642755398221 1.3083623117756686
2.3179127244360105 1.3698420268813927
2.273923959978494 1.385389691187386
2.3270606348174185 1.4619269718245478
2.340916068544858 1.4282380561264225
3.193216326339594 2.4161029908774267
2.2630758709498164 1.336751768493585
2.3432808784443733 1.474547752376353
2.23424602291188 1.3116640539925906
2.2850240139086826 1.4269127490548272
37842.03225573832 0.17531011469400598
2.341272688505635 1.533729771236917
1.4371336657939116 0.4727082080955674
1.4552396256271725 0.5179828748510058
1.4540302849443234 0.4741100496613299
1.4586504870310018 0.3662930670493506
1.5854716791922017 0.6345163254294781
1.594494363198059 0.4532718553549079
2.3139461257828002 1.4684249068674304
2.306532509277333 1.4319508673070918
2.3795446667137212 1.4799777305175725
2.3900748711325157 1.535158016882138
1.4388991657626948 0.5002019561830136
2.2928987929739764 1.4146713255394916
2.324430752566439 1.4528234899137171
2.403926428042262 1.5424455709107026
1.476185409443944 0.5462119408792796
2.3198705076227295 1.3904919039998014
2.390491222991905 1.5815222273552347
1.4185272720102247 0.44019561434485965
2.339835185158171 1.4780153375195078
1.4561197836642608 0.4865484718698679
2.350867565382811 1.4898044730285953
2.3008427203607535 1.4319672502251497
2.307475180079184 1.4153328411403374
2.3281943630257924 1.4921550871909388
2.2988601356625074 1.4246712351529034
2.288510244120228 1.4353403373310727
3.1976590813209933 2.4316409398753027
3.2099851614508066 2.4628167860969956
3.1936264417640388 2.383542556927863
2.2753508744092867 1.410808095331094
3.1584716581539207 2.416801826441282
3.178953596297431 2.4550626167494194
2.2949725368472693 1.4644353163335924
3.3223721534619997 2.6420395928729254
2.2874356553287876 1.439487996053816
2.5222474127824976 1.446852225735321
2.3864133271841013 1.507503290076523
2.319741066468411 1.432827667523658
2.3028435251122557 1.450464472058722
2.300055368001506 1.4284009614124762
3.2005182944406636 2.451091313716392
3.2133911143735485 2.4590367944262312
2.372072826958135 1.5075247060031218
3.171287299515357 2.4123375634847473
2.279160804386265 1.412257617874796
2.3405759835090794 1.437869639517675
2.4046908888341636 1.499140621353292
2.365918305128488 1.5546202462677323
2.3369406607399608 1.4467513382643233
3.175894522021415 2.3568802094881756
2.3110658642652995 1.4557949737166156
2.354622756185956 1.509501680081458
2.2871834330545138 1.4112886868208285
2.320232772219645 1.4186030102483351
1.4146989341586411 0.4377343451723282
1.5686967251930293 0.5076105210690128
1.4244258074679097 0.3875664908760153
1.4441736561485068 0.48647187978999407
1.4964030672029898 0.5369203602634891
1.5483054483537295 0.5989690869473703
1.4572893863072105 0.4952545266402376
2.3122064722501574 1.3888728616439563
2.331707189153075 1.4550869175764904
2.3883133909750165 1.5219382322654922
1.4715622010578757 0.4975412979377195
2.331396902811485 1.4102627010759237
2.4220721824195772 1.5539593035418575
1.4404731192821596 0.4613436314815484
2.352383273137412 1.4363865441641792
1.5315057105619525 0.6095763915561904
2.331750589794546 1.3786123585204244
2.378564306887397 1.5282592503582715
2.367416489479076 1.5344409389110285
2.3295249487659433 1.429080903536643
2.3027032182001896 1.4172352454536847
3.2088254889473484 2.4338477991901084
3.1811459843205405 2.360297352215516
2.309335417510616 1.4482564382623722
3.174180307869171 2.3723325951641305
2.265125062814353 1.3393118305895764
2.3880238533794182 1.5070951109230666
2.318244996260826 1.3884449739515343
2.3965961689836126 1.5572437432050594
2.3523280487331073 1.4593668293158037
3.1725401504685173 2.366374207413196
2.3003303359150666 1.4093606836841934
2.302066144001743 1.4216848555738975
2.3649652860547707 1.5263508237183396
2.3063342673392553 1.4425200920656822
1.4694852375631817 0.5383176475417218
1.45324594530216 0.45484961612200475
1.8010598691203756 0.5791445552888359
1.5123898790946408 0.41013503387147326
1.4949010272173147 0.4314126962753101
1.4325758085024864 0.45862516227542566
2.353741654080552 1.4199737030367015
2.41305792635647 1.4878003914526599
1.48797638133115 0.4984711739605953
2.425154426519433 1.4564926296559897
3.2341684380453533 2.3848433861726814
2.3304665428725535 1.3625638922533967
2.366666815127268 1.4624475495445584
2.3360874318350073 1.4226406732364167
2.322059786880414 1.4275847742469048
3.1861274824353307 2.373055259525172
2.3505289236361007 1.3005034274209735
2.339948812877287 1.4329863128990081
2.3982366079578386 1.4746042066826504
2.3305842345713987 1.389489050468113
1.4073326966574742 0.40782424380518056
2.201385417236345 1.2313495829167884
1.4325105753969187 0.43646356967085054
1.5873417230168771 0.6056917376356242
1.5240850263785304 0.5641141496088584
2.4221328953631636 1.4906269489321926
1.557245265599922 0.5605285307948316
2.2981381917387793 1.3398742182234766
2.350382775050503 1.4104777435154627
2.2967868969681886 1.3782494402032723
1.5394860696500032 0.5818983581875607
1.6214087787268858 0.6266429586317301
1.531247261213165 0.535456724321135
1.724050218198605 0.7504823594979482
1.485515142465249 0.5171911666025435
94205.13167078601 0.49733448414672204
