1.0006156950031824 1.4863122351242253
1.000725813901124 2.863902617337989
1.001771425504357 1.6886558558796962
1.000159081750216 3.212399212969646
1.0025001615734332 2.509933986415866
1.0000742804533371 2.650903935887389
1.0009301394817278 1.9510252387265785
1.0009416582394741 1.1711269018967603
1.0022876676750447 1.9247479124343991
1.0039353821301522 2.5118225650018333
1.0041123709449733 3.301542790025599
1.0046330846502352 3.3687725843581653
1.0016971392230112 2.8390482058958275
1.0041814039507981 1.9366543281776178
1.0103800730666175 2.0641835915776174
1.0035655201827685 2.8686918682246567
1.0102247007058447 3.0538602100825196
1.0038375938325792 2.4259601183883284
1.00051483604198 2.4318936631799652
1.0012334705807118 2.478241764543448
1.0006953263606717 2.069416423405199
1.0038834491093147 2.2307263598075218
0.9984875163575316 2.7547639970976143
1.0000475811879865 2.9062739098762167
1.0020265731853792 2.7593441535855234
0.9994145076564355 2.504558136242276
0.9989357569569423 1.9831621391257443
2.131999050644673 2.8865529292879293
1.001502321646806 2.457029493729524
1.0062516356455597 1.9028657024723068
1.0033057036405977 1.4231188330038635
1.0035684409272077 1.562082107325153
1.0005906139019136 1.6400628513834996
1.0003841825231354 1.6916640229512416
1.006595995284546 1.6583610333414187
1.006222429563021 1.5797286150336944
1.0027059075360203 1.8002311827938775
1.0125303044017 1.9428138163815114
1.0013001745771168 2.041480252017993
1.0017408926988367 1.6331511629339364
1.001698060225599 1.703463292268469
1.0018911742028855 1.8491899827395586
1.0019102097113566 1.981818714610359
1.0028758963008975 1.7228102175624833
1.0022234628996662 1.7631609248090212
1.0015220104570568 1.8533903685467648
1.0034346347660474 1.7721742207990574
1.001179987158299 1.7953644308925676
1.0004757278280936 1.8049208958285092
1.0227146604605692 1.9135732216976336
1.0075459292916265 1.5396334840541743
1.0037532224542975 1.1807318824287383
1.0122945602224838 1.320071090864562
1.0003204720228465 1.4259989186470872
1.0070166036304702 1.3333556745410833
1.0034548652305633 1.2940358132672065
1.002110493890032 1.446343516003328
1.0020468539510012 1.5798141484768025
1.0012486184818523 1.4292605848402404
1.0035786127340662 1.475553535890501
1.0055973611661861 1.5816646646040053
1.010190959021131 1.554053824734785
1.0033823912976942 1.5915125635750356
1.0017117613741764 1.6398916982423177
1.0030931411138435 1.4291884012015337
1.0032452545333204 1.136494411804306
1.0045309644163534 1.0881098226663237
1.001426350787632 1.1802286069147905
1.002697339231724 1.132295689155957
1.0011762870220469 1.1692958496709238
1.001971595172304 1.2638007208476605
1.0058114242465555 1.3069707630597662
1.0036407585175606 1.3344022080979931
1.0128049816896745 1.4262730195520537
1.0002662349915143 1.1058030956720983
1.0090750806152 0.9509345816419223
1.00200921729732 1.0141581545973535
1.0012948751377726 1.0838902680229425
1.0045008284562094 1.1131592622902389
1.0045906356779093 1.222923079166663
1.0006113106990497 0.9615617334171643
1.0032205492189128 0.9428839456884686
1.002793800084784 1.0545743255602869
10.040770417398658 0.9280104367511735
1.0011134763288314 1.9287063866832592
1.0032138162120539 1.6773151819947163
1.001873943287533 1.723204392686609
1.0017022829607731 2.307197542056187
1.000506684566775 2.596311682686243
1.0006865132662874 2.692419628747354
1.0054785551067176 1.4313201400245523
1.006442788729172 1.6929643547858906
1.0047993549659753 2.4189762053620822
1.0056821367632154 2.8780667141677494
1.0020740457381407 3.0427473254051804
1.006187179669575 1.9332947548745505
1.0026572894563954 2.3267303120433054
1.00618233805154 2.7654265750329596
1.0035833003872523 2.980033751470971
1.0067209034126656 2.4640523645743575
1.0012673366627376 2.6922161254894714
1.0014135870089103 2.849808130516401
1.001617699689357 2.7299288277639073
1.0011819689871786 2.7981369862553644
0.9984231998635109 2.8018654532941802
1.0034456302158883 1.680097018121304
1.005139786950933 1.5226337177737252
1.0185954431670154 1.6714732498242184
1.0037172436605006 2.1286017116375255
1.0105829235792432 2.2894696209081635
1.002783867619549 1.286067151993394
1.0039408908491732 1.682997602338992
1.0035829327272654 2.2605569462017416
1.0067226713139183 2.51700287835967
1.002533898308522 1.906004720772117
1.004301695424229 2.2279711594589444
1.0099033059301874 2.478275246175132
1.0046479483703998 2.3312278980815035
1.0102162527954623 2.438956789549473
1.0035694598191718 2.4641041324377357
1.0019496188862314 1.432090941459532
1.01292835918356 1.3575745067720488
1.0051990706768605 1.5643426492019032
1.0047907552082525 1.7818642258530057
1.005612611177836 1.3232862135998915
1.0185610180762403 1.6490387726674662
1.014118753816983 1.8878844581248457
1.010060139018034 1.8404353406872445
1.0056096694518408 1.943623469338635
0.9991019149374406 2.0496676232139928
1.0027253542494396 1.2970436188828307
1.0024087085922 1.2644406282934757
1.003329565392679 1.4253705512337895
1.0089977598597335 1.419709258042527
1.0059654515885919 1.5268590992787177
1.0259171800989542 1.6600827365519557
1.002359968441401 1.215023100751748
1.0078582356617758 1.2467510825861163
1.0172823637374404 1.3638898835891504
1.00498378504942 1.1658890123513288
1.0011090277591561 1.931665888338293
1.0008876075424924 1.841708274433156
1.0043937620254642 1.8726522361331015
1.0025276513886447 2.2598516860089717
1.0002314681331943 2.4249145350437864
1.005468393454771 1.6325833659348936
1.004885481851005 1.9140714614391132
1.0043799013197707 2.355358830111887
1.0066391874061271 2.573172015916957
1.0042560263876656 2.1224325450553643
1.0120801031120739 2.3897054419450594
1.0055736054761213 2.5816980096548505
1.0076973134533116 2.495155047848122
1.0029450201198375 2.583014704005036
1.0019966268926626 2.6348372318266717
1.0032006176848276 1.843179390534738
1.0066332077685145 1.7684062937945653
1.0056169199947775 1.9728266618121229
1.0046197525626197 2.1908905717551823
1.007271261403738 1.7110761651096595
1.0080044086779407 2.067685879734186
1.0059650809111504 2.300774781532663
1.0239002244279884 2.218948890677938
1.0026890499604182 2.3505468759762116
1.0079397323035155 2.4336795615792894
1.0060479391741544 1.678655510375643
1.0072667203055365 1.6474562521572125
1.0047484228834525 1.8324672972309426
1.0083029598497424 1.8101136564043432
1.031162937444766 1.9421236045550017
1.006071610335731 2.0703996217030722
1.0040401928846856 1.5354682786990967
1.0043795899719627 1.565815736383492
1.0061106686995023 1.7070882715513296
1.0021086160847275 1.429744666901244
1.003696004668342 1.9312235356706007
1.0086376536748252 1.887107929224591
1.0110506935035029 2.008564068027024
1.0003341945800324 2.1805810524867226
1.0013429991251859 1.8722741410441186
1.0035039517646989 2.1026098549505443
1.0072142456411666 2.2609135499986124
1.0058611374108901 2.243344230860874
1.0028516925520994 2.3317841853433747
1.002102238783744 2.4282165432729164
1.007543292160409 1.8851576161705115
1.0020361118355345 1.8583611629697687
1.0023253670650152 2.014308012642221
1.0131276237699864 2.009928944367565
1.0042501897767682 2.1154975195271097
1.0022893310958587 2.245520869188981
1.001327466495848 1.7880038394722857
1.0024776994155369 1.8203559283157524
1.0037244724452268 1.9610397916105158
1.000585603184076 1.6806567839113116
1.001988530006639 1.934569392410404
1.0038590042393818 1.9085760469710666
1.0022160354608598 2.0500290347236234
1.0023888693697338 2.038863353486144
1.006198077636079 2.106238012224063
1.0060243985360355 2.224366329869272
1.0009368580503468 1.9049575713204665
1.002916061773924 1.9273077131509042
1.0031896595110577 2.0553142591370133
1.0040095094604813 1.8390460193869447
1.0005345198004894 1.9283933335695234
1.0001319175674224 1.9435922010913549
1.0033770843447025 2.052622910505502
1.0030356976649324 1.9132937747734569
3.59503641977801 1.9307753739494995
