20312.673512943227 0.22034135828441584
1.2621437630264547 0.35251970220739637
1.369070802653977 0.6019263039998545
1.5490706527423317 1.0668892328073758
1.5206397991191765 1.086017842582733
1.7248047956153796 1.3285718305225171
116840.68764785642 1.1600446277472234
1.2144489477820768 0.3668889831440676
1.4809390190698069 0.7169521979147108
1.9298939300085407 0.9568104157154496
1.867572077466305 1.5481877546036789
1.9629531638987507 1.9505635008486701
1.8955495426710072 1.934040452609
1.4831539685727475 0.6134849404152038
1.8415779886478387 1.5449757176647583
1.6210091692186135 1.2738417814377576
1.72008937850383 1.5564190583022017
1.7520872792249644 1.6889823876408268
1.5222675691899121 0.9579716513635039
1.537625329362652 1.1235985083937978
1.6151270764954475 1.3074751646562432
1.6625535474642965 1.4419421835049575
1.526370965569664 1.143144216228311
1.5569042669280089 1.2093337881272341
1.5972632658725394 1.292018890810133
1.5614513185067294 1.1847027925801674
1.5687460058041107 1.2224698403277856
112521.8068286984 1.2116087397901585
1.8117568500384602 1.0953465410654197
1.5926328419643874 0.614742765202138
1.3470266859719398 0.5191804463179519
1.359989087468409 0.8212827119075302
1.4409103750030858 0.8780829831757412
1.4470634046681439 0.9491797931524568
1.5059880159325152 0.8378324124507307
1.457771519473623 0.5774788012255698
1.5370970338875898 0.8307518722397764
1.5859682829999633 1.1517707243133053
1.650898688310291 1.2148007856883347
1.4241545165703597 0.7193622102575354
1.4691793696079003 0.9780481826401446
1.5812070400770641 1.0714632531030768
1.6030631875419274 1.2415293467181252
1.4622227084079886 0.9115534295031316
1.4849502780922599 1.0130513483238301
1.5223733937797381 1.1292788446571844
1.4831395226398691 1.0457384218559131
1.5003556830644085 1.0822917082885992
1.4981758424159355 1.097098381751592
1.5669854013206561 1.013871156672499
1.5265753679703016 0.6118658413286577
1.234953442923505 0.4251137086780965
1.3097002044572086 0.5675634011446566
1.3155764883057972 0.70784818596934
1.3738688848057379 0.6866008339149896
1.2909571977815055 0.5391744472028289
1.3277083367791693 0.7131261526679727
1.3916432585218543 0.8403434278246737
1.3331386102892029 0.6660498402951287
1.3839019190595088 0.7306457692350148
1.3978664000516654 0.8598895998193479
1.4039825745778622 0.8032450727552686
1.4014356750620593 0.8753155477390113
1.4308249438228031 0.9459304316325015
1.3473276521436754 0.6529560833177073
1.2409123451108965 0.4212204814957174
1.1838998511419963 0.33005768487266546
1.2191370505000696 0.4655165950326853
1.395008972529805 0.40178274655090157
1.2510102056967405 0.44118234569662335
1.2540718791412961 0.5448170010146656
1.2895364555220397 0.5734781668585218
1.284388792939976 0.6195417976228916
1.328704986234737 0.7146931784721539
1.1793044040210396 0.3930350470277426
1.1190547717952555 0.2329815190941206
1.1359115741632693 0.31040318226386854
1.1822134884135318 0.36144196864957356
1.1817006349888286 0.3958690732965648
1.2413434044148464 0.5069256395379362
1.1421992264601584 0.2544569900210354
1.1058388736346734 0.23622207732112221
1.1617223506717986 0.33980228689008507
20250.20758269985 0.21991278548861642
1.5484181863759285 1.096215110742238
1.57539093180606 0.6525966779050496
1.4639630054890844 0.9811450572203515
1.742241035517918 1.5702376529068787
1.8386944745924074 1.8586780514979588
1.906267659256198 1.926253085177319
1.3960047053418716 0.6181675388282566
1.4646791796274459 0.9018049005662696
1.7753424693159823 1.6613115896407384
1.9725846331892196 2.0821588957327894
2.0467090511324924 2.2228443761360506
1.628272556628442 1.112162117346938
1.7760270905225757 1.5310291404458356
1.962823664789533 1.990784849190685
2.026535551089156 2.227868992312091
1.8039200813824965 1.7381777020506854
1.9080034568551525 1.965665905798367
1.9693387966527713 2.128670945417619
1.9304259836249993 2.0001204023776507
1.9538015991204625 2.0705152671643585
1.953865043111338 2.0880382622885074
1.454164289580389 0.8962307840226842
1.4236446093858757 0.6704814360953185
1.4807360566020704 0.8917238750996819
1.6782833066897873 1.3588042281694737
1.733952445297196 1.423721341782508
1.3090027130244963 0.4962287220860594
1.498891775205358 0.8710960088446869
1.7502877931523764 1.4365380762775488
1.8591513766788497 1.7080693073238107
1.60337203663908 1.0637862387007369
1.7138421054740167 1.4640036851763771
1.8325280217406075 1.657872258637334
1.7993762553510044 1.5207603922311357
1.8418632808747366 1.5811796845649446
1.903211527535026 1.5128951261645833
1.3723199928094223 0.6433729225399212
1.3356299001157466 0.6183632490810806
1.4218465428328342 0.820091947359076
1.492174487990022 1.0205827632075255
1.320340845847055 0.5485379202271263
1.4781663102464524 0.8918364228985585
1.5269919530294436 1.1553154930432692
1.5668716263085374 1.0228184172572627
1.5868216588607091 1.1622582481158594
1.6166600626580636 1.2474212963497382
1.397341062583523 0.5787460929093327
1.330466282988713 0.5069942782118171
1.3371042396856638 0.6875093181895924
1.340513276997819 0.6799497449374934
1.4038207847804005 0.7701781221548665
1.4548547638668652 0.8966297142253421
1.235932345529223 0.5050237524821042
1.2436928696190588 0.517627334102843
1.3029028411318795 0.6575697682685222
1.2135529696558474 0.43928414651323133
1.5854431107704814 1.160522311415858
1.6350219271521338 1.099435562513833
1.5327886506039246 1.141827548376607
1.7129655702686617 1.531062769783639
1.7669596189550463 1.697975619601098
1.464687500369375 0.9462235311378813
1.5753093405490433 1.1871819615579424
1.7572670078434627 1.6064354179390175
1.8353918703056409 1.857192806644159
1.672500630676081 1.4095438775307034
1.8035787712428513 1.6390975422967806
1.8564779866427357 1.8459395935789038
1.8225784862800087 1.7653695011652557
1.8537757709934994 1.874892969015617
1.883584172992958 1.9089567761638462
1.611854632784818 1.103589962728696
1.5121087938047686 1.027111948834964
1.5870260680157962 1.2513877842894714
1.6651971828798526 1.4672391729664582
1.4748848077892847 0.9825052028441347
1.713944119104602 1.2878162858927364
1.7281082730324697 1.5557598869940457
1.7052767401352429 1.4782560696249747
1.7624019257817127 1.6301906560379638
1.8013703295568457 1.6994864021218556
1.4673153251094604 0.9315058427325653
1.457916400380531 0.9158792129922114
1.5070956553694541 1.127510460189943
1.5258724707829208 1.0625530892527326
1.5724109034853977 1.198051004231123
1.644035496517238 1.3512149222332597
1.380741372092146 0.8161130161677119
1.3912776049723092 0.849436520868604
1.4631684141516448 0.9923597102771896
1.3333691416844562 0.7101654079848138
1.5733103701178672 1.1946606437837526
1.5536603317319022 1.1762098657183178
1.5926672624596692 1.3016684763488438
1.6644812965797562 1.4628464052923233
1.585468824489396 1.1019742911593413
1.6507691892677485 1.375587005078314
1.7032270485215057 1.5465422022142437
1.7019381418605577 1.5292312294612596
1.745768741488743 1.6232636857888905
1.801401911266455 1.7006530431838418
1.5704720357242363 1.1500987282598696
1.5334807453755301 1.138829595228062
1.5925559048848252 1.3119030558245868
1.5998514808107804 1.2878757389503412
1.648894621030835 1.391249807168502
1.7095124484051807 1.5223801399234667
1.5155224691611286 1.0649280360513793
1.5107335945685536 1.1016445502326033
1.5812215057604329 1.2324799118754621
1.4443324374391067 0.9645138667397859
1.578819813465485 1.204835398975859
1.5539033792855776 1.1984378848904187
1.5975012503572967 1.3042389269370378
1.6190872169943424 1.3180701857088093
1.6389311238680182 1.3955409389703692
1.7024135849013118 1.4987112758647452
1.5512434809599118 1.1937472383802417
1.5578352622596439 1.2186076027427912
1.618199712353982 1.3438144521239526
1.519045290761173 1.1315621164195262
1.5635209587760968 1.207701912369708
1.5666105782233621 1.235039338510184
1.620205683326391 1.3336397938840578
1.5518586146449902 1.2035037440525478
112247.44234592396 1.2196725032075637
