88244.87420854093 0.4549616454933239
1.5500072727598775 0.5795140027464836
1.4268544256371898 0.42440867611350513
1.4820843237155201 0.5218929757075514
1.4622611633691809 0.4897378752000969
1.532306109898039 0.5670816335984274
114082.49548380639 0.5779083426553621
1.445284172641256 0.43642418371042724
2.3716591485688094 1.3320388612082956
2.3912682131856857 1.3713720066676247
2.4559642231585683 1.4574082489563238
2.423533608025509 1.471188063416281
2.518428579349087 1.5369733709723394
1.434803937605495 0.44513813259598606
2.4004917927848544 1.435365594355098
2.439821321881274 1.4263377411603575
2.442574692255376 1.4866074479751643
2.483787824354036 1.4940744114900548
1.486298401188884 0.49214155893283484
2.4102102047853506 1.493096911219199
2.417980917098378 1.4315294467484505
2.5007554425147056 1.5297283279309544
1.4825960805572027 0.48528056465743724
2.433494031176835 1.5112823852678587
2.5135637607673176 1.5450961219483808
1.540666713277131 0.5689189278756696
2.47155043145743 1.513215860022472
113697.61908226232 0.5564746635191231
2.420963219401953 1.483366980279382
2.4502339178673793 1.475093259071437
2.4007455681977055 1.456761640984932
2.3726533380643113 1.4327698562607665
2.34619374368528 1.3529926148753195
2.3486540027453886 1.4060003574541868
2.3903919397058333 1.4226047395390797
3.331415978628952 2.4245352285867368
3.3262690058382787 2.4378991851677863
3.337059199660075 2.4431852563880443
3.3209672499546325 2.4682806014824443
2.473603415233966 1.4693570200840462
3.3326604874050534 2.3742849500875236
3.3289756642681083 2.4212305759715145
3.339424611769413 2.498122093959882
2.393749219131475 1.4247048025027271
3.3671170252118046 2.4189959418135185
3.316869438068294 2.4255105864717623
2.3869573914453834 1.410001853187651
3.301413482883473 2.4087777233891394
2.391858044148639 1.4738661720900956
2.4182789911921505 1.4376720829679936
2.4144700277251205 1.3859031135683613
2.535359515327618 1.6155434558907378
2.377162017249674 1.4292717549583474
2.4874982599471176 1.542412066296762
2.446026221562101 1.4549595481360955
3.3413493312240568 2.4247701384727174
3.3245822830877034 2.4274638571462646
3.4004973976908754 2.558334814500446
2.405463405343991 1.4507856523720029
3.323907325969821 2.39082335796773
3.3099762858310244 2.3720048199691566
2.392358712033897 1.4486380700192991
3.397746887016865 2.4377479463203575
2.3748879024721465 1.4207742781066608
2.4330509096743587 1.4718959827171751
2.39308357898547 1.4320892804743928
2.3815884746203038 1.3763503994430057
2.338550920790135 1.336244035577695
2.456229401202873 1.3480217323617791
3.327737408477755 2.4276499993177034
3.366165822963279 2.50678120333904
2.383335347742997 1.3413827847718178
3.32907069471824 2.400758150983365
2.3808754877932445 1.4111506600295267
2.4877721912366972 1.4025373431397887
2.3872065232959376 1.3677964974235706
2.363932655166514 1.3726164003867782
2.38333652371297 1.3961501725109549
3.3104527867275864 2.379494466880059
2.372860423473636 1.3569177823306695
2.4314838214084062 1.448054908900081
2.3582964605155743 1.3758542710288442
2.3728074894348428 1.3329266894156602
79734.98380929745 0.40818029403430506
1.4928057390291007 0.48491473183393113
1.4434189333219145 0.43567175250691415
1.4918325500522187 0.5124894063733945
1.4484936696974446 0.4556255101784205
1.47778491677356 0.4951712444110079
1.76208851100476 0.7794074261366459
1.4728335734726097 0.4559699888886495
2.3643598073206364 1.3727387220607712
2.400858771881481 1.456562940643347
2.4210798465349685 1.4877929093367759
2.5972011174312852 1.593415114702566
1.3862897476661153 0.3416277446560094
2.4053078817701627 1.4103057078403831
2.4252735055154773 1.4516039535778285
2.565646308437057 1.5944909230870559
1.5036100998714645 0.522979167104004
2.4235321550499576 1.4503978000045041
2.5486078003963804 1.5321228974594514
1.4277671066712354 0.41043149491741127
2.4283628569464977 1.4172827981210996
1.521900625133956 0.5085172016196695
2.555941686482443 1.6124242756372724
2.3952865098663563 1.4597896333150682
2.373594867567552 1.4363595288423066
2.3972858496322598 1.467105892381883
2.3542348863400657 1.3922870798084177
2.423155282669452 1.470415276076077
3.333618145305719 2.434425523689854
3.3332853015618285 2.4474130018198137
3.31560897521785 2.4362260833351437
2.378123657949743 1.4167537472550182
3.3674647474340254 2.46991783837563
3.3338100214172366 2.4397441766544072
2.364965793552055 1.3637846116979355
3.33948909215665 2.3661076583601006
2.3817593199761187 1.4411220880455267
2.4500505610003405 1.429163929201895
2.3917547451839742 1.4362420030022915
2.3748626913157764 1.4161162267504341
2.3632800185584357 1.4124222865199618
2.419930436070115 1.4490975207510728
3.321181222728534 2.372080563749285
3.3463059307008685 2.4358832116643327
2.4288710085521186 1.4903187544669603
3.396471624983459 2.458122575113693
2.414694043528356 1.4863584773474134
2.404937150927502 1.3957035077373978
2.4219589032337026 1.4696796927530893
2.3853614130198375 1.4219443821423543
2.4122729290687204 1.439307217794999
3.312500205863225 2.376558294993286
2.3581203239096116 1.3624392837602826
2.409687401162458 1.4212577257502765
2.3703835919416116 1.395071146075286
2.412529129409254 1.3909664683267602
1.44775567703855 0.45722647595448157
1.4653227020952189 0.43709472843782116
1.4593393777434867 0.454496144253387
1.523868558793815 0.5483396704157352
1.4733288974474696 0.47110383789113897
1.608422833174974 0.5471226090590945
1.4852323993867778 0.5041616586172329
2.4056775736580827 1.429491008795308
2.4650259651984907 1.53391521671736
2.456536475647911 1.4552270754012262
1.4853301335245237 0.48254406071380584
2.4173970342577498 1.4547392022563987
2.5166779556730834 1.4999671367497818
1.4895352004523046 0.4930215194010696
2.5317152901554283 1.499943349608898
1.5389130713147834 0.5143900952909681
2.408738006391598 1.4431523745768227
2.486517381268885 1.5504738304757943
2.385216172913992 1.4363640946248557
2.3558830796900225 1.4102736815260928
2.4205160190268584 1.4245868662486163
3.3289099647932416 2.393619561082526
3.3286436197968325 2.434707788913656
2.392534037173344 1.411397893174113
3.3735835716160665 2.461280323543631
2.3646226134877315 1.258130733964754
2.4125886496892024 1.4228389649765822
2.4293553653483264 1.4886553084427656
2.3655673152477963 1.3772011790473966
2.467847743880975 1.4335340520960373
3.353840831445985 2.451087733386475
2.3876034232567127 1.4283504774360392
2.4315344637112255 1.4624660971045702
2.4781353251368765 1.4319749161451463
2.3644475088736066 1.3480279969407045
1.4815806676074483 0.405811254869109
1.5230107340342327 0.5067894431051416
1.4650231591582998 0.4577924848547117
1.4762437866784364 0.452403592429517
1.5716581619197316 0.5686647475080806
1.4659496385437252 0.4552982584933752
2.4412150802907697 1.4327496020534265
2.4526695911935272 1.4396291621434225
1.5855315949670437 0.5554938197851256
2.4835855084701786 1.4482738572141405
1.5362165189121648 0.4883224543487597
2.4185562499012025 1.3478253059966838
2.3618994313930584 1.376324113065661
2.371856272721499 1.402330403200534
2.3879770641382745 1.3747935744935582
3.3295037114199824 2.3567420683410116
2.404177861283185 1.4518135622341157
2.39097416482944 1.374476365611856
2.386152024331845 1.3799908949331348
2.404821409686441 1.424696013600925
1.4388779534615062 0.43278569095412334
1.5106190371897568 0.5038460830093509
1.5180923474155759 0.4472811665456268
1.6153504504990734 0.5473151200793912
1.5429188870857113 0.42758804524247557
2.5900754304381444 1.4733940437442796
1.6048936459077092 0.6026622352626573
2.424468073461475 1.4081198086891604
2.343339867155402 1.3023656503182133
2.3521658067982836 1.3155690922166066
1.4763145185826523 0.3947168418930755
1.4833356874258707 0.47084282934670313
1.5698961192067693 0.5494440399218419
1.6003712965547046 0.5627769465196335
1.5186775028823198 0.5211731281017
101535.07473308187 0.5104465949634287
