77768.24431700775 0.4130025703511495
1.4333425789146936 0.3720184990114307
1.3916880757854717 0.4349897896698342
1.4327471931781401 0.4817131888323254
1.4441683456989824 0.49867617077275234
1.4676903108313997 0.5188507858510109
108266.50326875727 0.5739478825912518
1.4186403459925085 0.46300565236759467
2.291007340734623 1.3646422505675162
2.3413529294409203 1.4917711191756056
2.3618530394137522 1.3721192706168868
2.392589806317803 1.5090425159333694
2.3729412070384988 1.526166573873806
1.384954949904364 0.39617873003557225
2.2971847961986254 1.4563819091365091
2.3126952598710946 1.4473258830072635
2.304652099982108 1.4251279074414762
2.3739675049040927 1.5412513632595077
1.4215685459812772 0.4833664425370176
2.2877129342644933 1.4268531122010213
2.3377690941223737 1.4752357513703094
2.381115155232069 1.5293267180257
1.467299558842397 0.5307609880716792
2.326048872931218 1.484071611357972
2.3581489029909375 1.531715970360331
1.3861708606496093 0.4044408810036232
2.3578936267680985 1.5222228229183834
99054.79294939071 0.5238578535435453
2.329495511137173 1.491416754751076
2.293328127120692 1.4424891125718962
2.304282146803417 1.4766153017179005
2.3149198250449725 1.4981665665515265
2.573731735900358 1.4417051601278095
2.278046798912139 1.4297866857743935
2.3532200061654667 1.4923059495880282
3.2100048349138897 2.3463234072199968
3.191311295929413 2.349485961357854
3.1624286538887825 2.3264598900193176
3.2051201883383396 2.522576547846602
2.2886175346802142 1.4447208973038537
3.254683596920122 2.5390647222295097
3.1602704754313526 2.4248792820136336
3.1681491719170283 2.4230056593852707
2.290237247573799 1.437818368135131
3.1741143235253264 2.4259339404039157
3.1817420548853 2.441529015253976
2.280755402841836 1.4317397496082593
3.1500045608186293 2.3763236636117018
2.2916062308808534 1.4512016529193281
2.3106161834326913 1.4718807563684775
2.3109043025082716 1.5162392688201283
2.326961099545779 1.504442285468532
2.27409072900595 1.3628178229910923
2.2716204855944566 1.409405598251192
2.2742778723502837 1.4544593242915458
3.1917452085134 2.398283075269799
3.1369833787150654 2.4176825247174514
3.2149987733538707 2.4242697582153645
2.2680711131475393 1.433063234702674
3.1321315079038463 2.3887887631994644
3.1343567860581145 2.3504489070361565
2.2928724909448484 1.4862952694627907
3.1273448226270046 2.384410491935599
2.2330815571298075 1.3326980921118687
2.273842989643523 1.448939491981202
2.3155902344739197 1.4379964318651002
2.231331601388902 1.4130887087782829
2.2369959056253506 1.4073138345432197
2.265615351595704 1.4000815895749124
3.085764987967572 2.4064784279083624
3.1229717330710507 2.4182357828275074
2.2612331704298905 1.4249855859624843
3.1003452345688225 2.389077490689786
2.232041662979663 1.3577086624959314
2.230784295768887 1.4150064305334955
2.195913683724603 1.3875963691826672
2.213954823700318 1.3989893937224491
2.2130084590955126 1.3440137966829568
3.064857297544469 2.3097227080838136
2.2119728490596917 1.3671402853268324
2.2689467524961753 1.427441726033737
2.2595266575853485 1.483299772505275
2.1869735616498898 1.3346896033310367
40511.257015596784 0.2137444528500695
1.4095141613095443 0.44189717092983716
1.3923358089792333 0.4222739361190606
1.3981424118402301 0.4345296189830706
1.3925917103354233 0.41425768786617206
1.4803025247027177 0.5543035669698364
1.5105553180364257 0.42193091915276126
1.4880513461298959 0.49549949492253487
2.2973097741081934 1.4518147746979457
2.3061387226799823 1.3831027715741424
2.2892139738681703 1.3311523221994592
2.3756212664121503 1.5395647306602132
1.4137784580213366 0.45732006739597214
2.328828380570246 1.4976830022358938
2.3763826190302706 1.5160300632109374
2.4665996876457656 1.6096329078690839
1.3573091142207967 0.34463321438171457
2.325779745977898 1.441878306127086
2.3848407524891417 1.5697431141984362
1.4164500674137792 0.4685606290089802
2.403068565047264 1.5390087007941555
1.5507820516084037 0.5600231958527413
2.3630174237955934 1.4895678019521201
2.2920546672038675 1.437564678147391
2.363474975003043 1.5490063231572115
2.2844995203561984 1.415949633678184
2.2737958712122373 1.4278340764514377
2.2795640682018288 1.4078693364784933
3.2077620080205342 2.360976729468322
3.2033645180406833 2.4776603099928494
3.1643544259986376 2.4078490241786463
2.379810131535965 1.5150277318638106
3.1920661900973393 2.484595742746514
3.1549878364657156 2.3316202882441686
2.2660929040954882 1.3843923597353838
3.138162789759897 2.3720997567170716
2.2801677708613886 1.429612814128836
2.336882204450747 1.437364437844387
2.2559156262175577 1.4097709582354714
2.2456437633622115 1.4003853868950134
2.2737459387582 1.423331991236414
2.271895711933546 1.4238694751065428
3.120645329803107 2.3824104146360314
3.1391410030267455 2.4130978730784243
2.245372090693433 1.3778825061913627
3.1777047073992333 2.444979029264174
2.2716098312232584 1.3902286633589247
2.562589296136799 1.4134333262610974
2.266642186952384 1.4289669174959725
2.231238337919116 1.410451546561871
2.2290459802807496 1.38342683537513
3.0879062262794785 2.366412217119358
2.2457330933842363 1.3967822123423375
2.228432672381674 1.3705419780065364
2.240701279173988 1.451778991380531
2.252418509821269 1.4295022005897409
1.3685711056886773 0.45208867354156823
1.4330855251465366 0.3885860840659984
1.4094227945026645 0.41626899081969737
1.4455402912042161 0.41140555656002775
1.4600292309196605 0.4312958629427124
1.478144873480145 0.48353213085378255
1.4160817893334436 0.44932296786633086
2.339556028166279 1.427594917703088
2.420337165098925 1.5830437085063604
2.4419436229187186 1.5583752122743944
1.4496765254972992 0.42614932333337274
2.3323218566936603 1.4438779088882991
2.496569219166199 1.6497507651198982
1.5111600449497948 0.4694880049916614
2.47071454913251 1.633034767444435
1.488392544372886 0.5310362994645116
2.3357781961717534 1.4606842591185552
2.29125059680776 1.4152188071353526
2.284828084972845 1.3875650386549738
2.2784718049208226 1.4020870578734148
2.343222747865112 1.4657257563352482
3.254390408471698 2.539830899930837
3.1893654503459414 2.4387270353110444
2.2999826095759315 1.4093862052687602
3.1626134979324516 2.378594537229506
2.325395443563259 1.4632394347972475
2.281639429696986 1.4004203254788028
2.332397240543522 1.4949241859018354
2.2610652193830596 1.4060166604115527
2.374063453432112 1.4061745656785396
3.182937225079218 2.437762222522094
2.2657964670974082 1.4019042006614753
2.2692567411094866 1.440548675256014
2.26401602669993 1.388328460136671
2.2526047198324632 1.422481198156606
1.3862746637927246 0.4365142171975954
1.4318908703047855 0.4272559140684937
1.4253292341502135 0.41745774795214063
1.4519598726398466 0.4255979591322222
1.498755898026633 0.48552714599037505
1.5303693761856714 0.5242368104569146
2.363282594929495 1.4191008555876294
2.61498230476062 1.6750679278181855
1.4608782353274343 0.47522745297095864
2.566108007182052 1.5278412760933655
1.6763137044188272 0.6985218530117053
2.3286875271918674 1.4182351044286299
2.3308151173347023 1.4146663792906606
2.311563399891734 1.3585787094430415
2.25275648129009 1.2339624084209468
3.193440292519385 2.3817843192891597
2.277061925832257 1.3256057060686632
2.33876822134094 1.4435507553602005
2.3321205884706426 1.4645825343661112
2.272117866532209 1.374267555211099
1.3479700873987 0.30370613230179544
1.434124337762627 0.39675194019373533
1.4943719497039245 0.4703896104626152
1.5105524192437274 0.5459028082403308
1.4488691811187924 0.4506364309280416
2.483385344352272 1.595224885570346
1.5138372983575508 0.5124038980751906
2.41084031683216 1.516509979075709
2.365578727480859 1.4721353505102461
2.350522452542256 1.375082940109754
1.4212620141825738 0.43958844887418574
1.4725358733469052 0.4528993932453863
1.5431934258490232 0.5008219889739285
1.5334151607850504 0.5516497952649495
1.4508123518878884 0.45069617060856987
58259.06647512561 0.28332689980649206
