54212.4037705405 0.27227359626064507
1.591984565317441 0.43737908916404455
1.6775146507467742 0.6542553546193304
2.03031384097041 1.00352489455693
2.107351306734713 1.045180694801957
2.2284663937896534 1.1595230529961942
238478.63922937977 1.1901036317101066
1.4611665818889277 0.43542389603449516
1.7528553463220193 0.6718461331706085
2.576562694261204 1.5015794263137736
2.63553967415645 1.6438663464062226
2.8666316446066293 1.8859728523555896
2.7493260209420565 1.5885676646096425
1.7586121964250254 0.6470864394905133
1.9363280797020321 0.93713375632882
2.2828006082452603 1.2881056577909624
2.542304352347748 1.5272074496823758
2.7433882715428153 1.7526418109903226
2.1231995908932833 1.114474662158237
2.1144299311644135 1.1152481215970103
2.314659185004768 1.3214956777655975
2.4292340871842244 1.425072627235631
2.1233050435919076 1.1290411664637205
2.2007634977253963 1.2053265909681365
2.279637549290219 1.2863602719273848
2.1923477100380593 1.2002757712393004
2.2148529491592597 1.2170539791545383
241444.07085773506 1.201656493258748
2.1943530560334192 1.005853861057162
1.8232267557932673 0.542515754837112
1.642282125960323 0.6417931436989466
1.717684272840598 0.7015601404609311
1.8802123461771933 0.8873803604532398
1.9510694504075494 0.9504289115225023
1.6586311536694027 0.4468271552661884
1.8114020324126314 0.792751209834192
1.9428891857678332 0.9137580739582586
2.171877173239459 1.1833412938735444
2.2449351532680386 1.2205133945406623
1.7903608566940417 0.770144312934448
1.8785563610635263 0.8548689561597103
2.0980401235024257 1.0821092338189353
2.2452902789643705 1.219360447418498
1.9155112616409515 0.9058300355514143
2.003275667750642 1.0050027862201647
2.123586674968222 1.133899037409974
2.035384970074496 1.0458896987194672
2.069654198095356 1.0712824273222592
2.076916584904649 1.0827395901553458
2.062799270438433 0.9714110750958511
1.7416917886412917 0.6994985670496232
1.4473159446776902 0.45279470867922555
1.578611167765408 0.5870700097356643
1.7069016086860067 0.7231060458929142
1.608072720289873 0.5368444309318028
1.5703234187928548 0.48689913256381046
1.6912306796415426 0.6775174502856505
1.8368954150165147 0.82462543909979
1.665624608415564 0.6230599478584314
1.7360346881849922 0.7361868272774513
1.857314864457315 0.8628488279551054
1.817035126405535 0.8232872359059278
1.863030122695279 0.8633642041180423
1.9116722543465117 0.914963180266418
1.6683524889096883 0.6402431958723864
1.408116904577592 0.384859400702492
1.3410900581483802 0.3337728960837907
1.4634280912159305 0.4723021147708795
1.4014674688586792 0.3872333744710379
1.4417551312052939 0.4259029440942259
1.5448820034773705 0.547866548534564
1.5717956815741203 0.5682152369259301
1.6170394422979153 0.6207206235807329
1.7112282412552982 0.7121452845482392
1.377017291182256 0.3691305259453929
1.2420516032511926 0.2435375132373932
1.3041300758492567 0.30711537995081895
1.3673050363829322 0.34854579912421063
1.3959976184804623 0.39617099421667207
1.510605116591233 0.5107202081533819
1.2441914438654957 0.24314613086000736
1.2343242189553683 0.2354449889495882
1.3568170963011381 0.33012328164563765
43945.65086767141 0.21969854366973623
2.067687264249214 1.0187055159400225
1.8943505000036451 0.8124660898633934
1.9562012631764547 0.9301691955486643
2.5636219390811514 1.5294659819358443
2.850659718547641 1.8782184755938984
2.927290314993998 1.9313135464304774
1.6738125377611182 0.6408757355334018
1.9078946400753987 0.8657587686573106
2.6208937532852215 1.5994276854907348
3.0778710067387363 2.0794752618026044
3.406060777920519 2.2699020585001284
2.1601723803944957 1.0700801717830377
2.566086829304417 1.5609058792362438
3.0074527369238377 2.008938251767502
3.21321971931379 2.20854691797715
2.7286216241773964 1.7408515269838667
2.950916680856716 1.9499702393955025
3.111917223845133 2.1150167597572396
2.9938886864276584 2.007832763958205
3.0690104526293234 2.087264334867218
3.06746192905314 2.0720601924985798
1.8888725710220897 0.8342676165590128
1.8072380705467148 0.806307140607383
1.9327971827645392 0.9289235548362926
2.3470066742565723 1.278176622380923
2.4715925461353887 1.3433414783598563
1.544917833664066 0.53984835816938
1.9476828794453094 0.9463625193016534
2.4852741212742298 1.4577951413647252
2.6967637593904867 1.5948078465952857
2.133414456602532 1.053122446953824
2.4728827730198013 1.4445623396444323
2.6986862205107816 1.6664858526566289
2.5671467879181655 1.56886706410502
2.716037184343392 1.7247710800361193
2.649891932663027 1.431636492385651
1.6932698952392762 0.6710358778689685
1.6191683815486861 0.5949245349381975
1.825664228495914 0.8101379821561875
2.0217439881724912 0.9961722938619497
1.5769028762807793 0.5412422089072477
1.9162004852194754 0.8919409111689979
2.1383107093344997 1.1294055331642243
2.0693844083286996 1.0100731846636486
2.2157934976981437 1.216433719139083
2.2600826055172885 1.2285846677654502
1.5712935718438508 0.5353345898335109
1.5521630742274302 0.5351406910565042
1.7065564940219549 0.7116243688155529
1.6957671101241276 0.6934717122146434
1.8005949643121977 0.7703840799056627
1.9188470851234405 0.89307360406879
1.4960632141487438 0.48849850846520876
1.5321535351399032 0.48559377606608817
1.6450079138937066 0.6328005705743449
1.4449641551641843 0.43846477057274214
2.202396547165266 1.2016731227575783
2.1313943844869887 1.1335211041470274
2.1292120974312656 1.1254024685619328
2.5340617898241145 1.5540930704776192
2.680750930612334 1.6980936880212016
1.9074415678466257 0.8744047782722851
2.16178799103826 1.1313382777878718
2.6133017445215447 1.622013859030764
2.8162929202750075 1.8162934544699831
2.3739786827442844 1.3627770058950206
2.663656739952253 1.654183238263621
2.84675659487529 1.8453477579259587
2.7662293339729613 1.751039602814093
2.8535976204257314 1.85289408490515
2.9024828784266172 1.9091920549906136
2.1065880361288207 1.1076141885846866
2.0372102546107502 1.0223318848833147
2.2407396857631716 1.2370961721000011
2.46297952899 1.4654545355916382
1.996684755672286 0.9886272880634422
2.3372033365636065 1.3284434067670177
2.557275113749968 1.5440784829145586
2.509249859327067 1.5171935223777462
2.615902010887414 1.610039949803459
2.7028103622566486 1.707989045554067
1.9559951595298335 0.9583236351198674
1.925939630170014 0.9265780992435472
2.1071854819067255 1.1115538848828304
2.09174145945357 1.0903727293333851
2.2101965411537865 1.2008340852634796
2.3462564182813055 1.3401208992208686
1.8160290154917669 0.8010070411667457
1.847774521013048 0.8445272696040518
1.984842692958669 0.9775460598413169
1.7177564694757634 0.7128985821000113
2.203293499966903 1.2047018544291463
2.164663242045354 1.1678959470242953
2.2882433269917426 1.2955286646752784
2.4520670326593708 1.4587668643494154
2.1389088138602577 1.1212698195971293
2.375922553918147 1.3699174011865223
2.537165733443013 1.5443933510788714
2.5169620907861225 1.5124481863095434
2.6109362894272987 1.6146273678099377
2.7062651167853486 1.7113144573392616
2.1653055481341275 1.1638993949792462
2.136825996388694 1.1374765714566513
2.2958787532700917 1.3018018016788673
2.2886711344954778 1.2809777850746051
2.3941274676772886 1.3893993093191348
2.523254128669137 1.5202021781542268
2.068050105330819 1.0648621762108226
2.1034450531595064 1.098265349312419
2.239534668973163 1.2349548142601443
1.9637898404855267 0.9582161248286714
2.208602371944194 1.2086896344785227
2.1954578678252616 1.198145639217373
2.3012854432690766 1.3077564411442308
2.317624748705472 1.3048755476101912
2.389344991525461 1.3858961202071396
2.504141330967883 1.5041714846257699
2.185713331641731 1.1788090743231332
2.2152778919373777 1.2164492565605918
2.34210928365853 1.3415181319612732
2.132838870814147 1.1212214062183177
2.213703107726012 1.2148437213437437
2.2330007119434 1.2353809264622597
2.3520458907111896 1.35279719049325
2.202090442732974 1.2028866075231315
243824.99338982045 1.2198088905208393
