155480.2895621403 0.7997752182839669
1.810623463218227 0.8219468335325681
2.1452496373206342 1.0452297159703203
2.4582409988201355 1.4532572212679087
2.6745656293677604 1.6906521868849933
2.721920568075785 1.7024396483667439
346162.57132107706 1.7115929581929261
1.9942580761822164 1.0068844731163344
2.2200200634101908 1.0507040263999678
2.7262564117984756 1.6012998417759912
3.1179683828031486 2.04408809953413
3.331465757389534 2.3452144072189673
3.29935166035733 2.1672865947527016
2.3252111064595784 1.3373592565569419
2.44270571210809 1.4539311797543348
2.8110522290369717 1.7927088188979607
3.1089583505045604 2.084055837214826
3.175826437019408 2.1341206047825914
2.478597500327544 1.5131623247732136
2.6796102640823016 1.7007657839899544
2.85089407691041 1.8873211095428264
2.970094941903608 1.9674117765065042
2.660576326813107 1.6685918535638309
2.753695477484999 1.8000693364600733
2.8228281427868787 1.830383700167098
2.7326735976742462 1.7739261787812453
2.9562984795292744 1.8714498144375313
348201.2694071252 1.7617333909968784
2.5663706775842607 1.2312925352971493
2.265712656110628 0.903396742845405
2.006875462673872 0.8976893774937404
2.243217063148214 1.2250965840603902
2.4261513018280096 1.4127595463081788
2.5020318627053575 1.5067302981263546
2.096396072533621 0.8475862899254548
2.146213553261712 0.9711773529375232
2.4158458660018676 1.3695884952198591
2.6648756931971604 1.6458135691706293
2.7653625635628187 1.6813088424612963
2.1987245081435187 1.111863488333384
2.359751625977626 1.358998876584885
2.6056317228169052 1.640297427517178
2.7596931190463243 1.6994761278997095
2.4355542793229428 1.4512757087227781
2.568322945299921 1.629630326979937
2.6557478510882566 1.6648703567518757
2.5677183742325465 1.6028311941174223
2.6046798555080377 1.631280716959255
2.6087967916980537 1.6388152810594425
2.510300647089765 1.4009315808485283
2.213478082086162 1.1121260590467759
1.9467620059225048 0.9468662728531534
2.109516271710318 1.1300380948046587
2.2405237564107594 1.2527945034721477
2.0380889595465677 0.9993797243453737
2.0436979917123335 1.0439490164658283
2.199705814312636 1.2314418425494227
2.345786374222083 1.3309004648071336
2.1651703641395397 1.1556815657444501
2.252204323198006 1.2967808086390054
2.4173298259144276 1.477252653428819
2.3469499074158446 1.3495240592835795
2.3880607176957853 1.4116845170554138
2.4325487963697414 1.4462087747844845
2.143470115650456 1.1093101040403086
1.9196852794129815 0.9287488736959351
1.9019449157752497 0.9374994257662063
1.9843595742427165 1.0149674383957399
1.9313966239802673 0.9476557982057093
1.9777005230865752 1.0125396356056258
2.058136064627661 1.0991761823819415
2.089047456563134 1.137284001048955
2.1216818157691337 1.152523503876311
2.218960108372942 1.2579622014824006
1.8698230493641663 0.8182369913193915
1.753024953691384 0.7995295402515668
1.8358223475386917 0.8442881551579964
1.8717036994965168 0.9031476889631218
1.9040370063933147 0.9377516271025842
2.024759799918899 1.0821971399275225
1.7548813267627934 0.7746652702388618
1.7930597289113441 0.811566111762447
1.8668467541931455 0.9000885478222346
152554.40411751164 0.7883951218417345
2.485711235699037 1.2549716720571507
2.2902749484220246 1.1574824834104054
2.450272188688474 1.4052494575578582
3.0664835540213726 2.078658229961241
3.3747471929661836 2.3624065964412213
3.4719779463459846 2.329043056692959
2.2015695106499966 1.2074006658367988
2.3875514675101925 1.3304424295824315
3.1284082968475966 2.0756799892678965
3.600990493845016 2.5637591083954563
3.7457711233143764 2.62317828546656
2.665216962941041 1.6464853299725721
3.072766616105177 2.0891510295975566
3.533866141411271 2.5471617728378613
3.7520301479892275 2.791521429145477
3.2286650106851256 2.249729426401817
3.479379380211254 2.5302389228771918
3.635137762762595 2.6814189656118894
3.5094139247549156 2.569620761481052
3.5813120207066635 2.6345473748176778
3.551108752281013 2.4272263975363724
2.3508123045613734 1.2903072818253059
2.28882128591306 1.2741432938395247
2.3880521060300475 1.3174816522444281
2.8528381429247296 1.783408986987008
2.9749827030258524 1.898148192159371
2.038034591138627 0.9611600258645352
2.402594342975661 1.3605575579286144
2.9719022914708155 1.9494158715387568
3.1928581493906223 2.1121722090129618
2.6165161606068836 1.5693782702254468
2.985216722802338 1.9825906119172032
3.1876189219629896 2.141024552462972
3.0384697567753696 1.9896175399874378
3.1387685864014356 2.067423756855741
3.119215072452719 1.986006584379001
2.193538097827891 1.194134175660324
2.135747064270096 1.164616786042725
2.3362242715547983 1.3497430706380111
2.531670531698558 1.5306361966332194
2.110417704513875 1.104003779320884
2.424151158815827 1.4013304413112042
2.624336545426926 1.6148367227266096
2.553342667558637 1.554508883348272
2.684051243941533 1.6834382564923072
2.763221829391667 1.7704991085240533
2.0607396023198707 1.0746866595875462
2.0484383987460513 1.092127044401607
2.1936485008483873 1.2183000205602672
2.2108129239516012 1.2295389870477542
2.315649297667754 1.3582287848504575
2.398936723489723 1.3557692226873468
2.001214280239401 0.9974061174234266
2.082693609763072 1.1109724057397945
2.1217608591368426 1.1362924551293783
1.9272482900258776 0.9343907250301069
2.697622624283264 1.6895801659714174
2.6212574931129624 1.6225796876133973
2.6575642952982887 1.674375354629937
3.094696312169794 2.1312910907300395
3.2336108730895923 2.260428475978724
2.432623960132516 1.4631679365431003
2.6824118156151098 1.6679911653274548
3.139371666346654 2.1339450010224073
3.352186942132886 2.32996867093222
2.9395378803238366 1.9997533514144232
3.177964708673128 2.19939928208629
3.371826882026115 2.405063641883992
3.2853847499164264 2.3150501647680573
3.3814081133312293 2.430285246197993
3.432542022860683 2.469833182745137
2.6296651131018365 1.6724601886180444
2.5758297173957665 1.6054251211591406
2.768916543464549 1.7999511841145774
2.9959187625662924 1.9775800385775897
2.4929533092596383 1.4765381918908225
2.8816022869231395 1.927217159982123
3.0814854544368013 2.1207815372692433
2.999857278285285 2.027596992005966
3.133003858694581 2.1821436742260505
3.212115875287803 2.2295962567355567
2.455829121586255 1.4892427998716593
2.4372354388139033 1.4858140234030637
2.612368799812087 1.6418526444189165
2.5804241114658417 1.595937465629857
2.7159374812729737 1.6550918414903273
2.837094067595952 1.8776816695966447
2.3158574613531875 1.357842316795482
2.336906367380498 1.341191884077467
2.469487578101032 1.5084872309400978
2.2161886829762123 1.2260104256041136
2.7281349816768303 1.753337168529264
2.691600337575213 1.6949015599698458
2.8232533238562727 1.8432776474813761
2.9935360948349574 2.0132475857150958
2.6623186725466326 1.6679221156067428
2.9084263020337966 1.9439783870472038
3.064635309317342 2.091909522563778
3.0453087662746476 2.075998434917336
3.142324125640185 2.1865197985659446
3.228964655132291 2.255904285765603
2.6960856809272515 1.6947581989879583
2.676016996791263 1.7259740073586636
2.8251603731693136 1.8585105000557003
2.815285348455246 1.8463396094295637
2.918165520530194 1.9529756411982944
3.0469408533077753 2.0996294054258255
2.595952367143677 1.5976362417739685
2.629868360144324 1.6750490013459198
2.747220896829849 1.750587898273419
2.4830089880630473 1.498106375873212
2.739206784992172 1.7280152362489334
2.7361121175089806 1.7540734588667284
2.8343106478277496 1.8245552995378969
2.8683338252979778 1.9021768110583996
2.9174401148642466 1.931399163775267
3.045150863693553 2.0965227202033425
2.7195282789163393 1.7587657403168246
2.7968746578945565 1.785999278615831
2.8693560642106752 1.9015592548507558
2.655164584254473 1.6966744169902341
2.750153202681031 1.7804123831896153
2.774065442556509 1.7841381808775196
2.866391252121381 1.8624632086394126
2.7333812276448435 1.7534014021988775
345675.20429143874 1.7271252326675248
