1.0096248381999848 2.6390665427735813
1.000243883168984 1.8971456384431709
1.0008565337019726 1.9829137304332947
1.0008812019870301 2.7222493987006313
1.00354037313902 0.9391079307221601
1.0002319542388076 2.3272048188120573
1.0007327861355677 2.942246724310901
1.000318579808371 1.7670047965337363
1.002345294903839 2.7192120246537876
1.008318078067256 2.7316305828283713
1.0027491646846953 2.6078311372701877
1.000734253374403 2.658634834173226
1.00115977118282 2.7977632739816536
1.0024558898511302 2.254448245750387
1.0118623546510805 2.7110918259610877
1.0028534514887835 2.694078768733525
1.0033346927415445 2.7255604680198706
1.0010650155577205 3.6933799707131785
1.0024841870303876 2.0289684375717036
1.0029459951970665 2.622034627340769
1.000853849139531 2.561197948750393
1.000772341090711 2.714625606746507
1.0013738095021418 1.7156236176826902
1.0084993245823557 2.6255578663690415
1.0011608151334228 2.7004411468078375
1.000667251448446 1.616891556650951
1.0011536700794463 2.723469992120262
1.0132191776487094 2.120323235579683
1.0000451926253988 2.2920323878584306
1.002246579546522 2.6187637389719716
1.003686664742346 2.2064952626021204
1.0033389765592404 2.392845973304466
1.0047718909070051 1.7407012963308992
1.0002826998173941 2.4478342435071374
1.0023366366022601 1.734772075175889
1.0029500751597404 2.7124232643255697
1.0243137353701364 2.72229019708861
1.007678004781332 2.7254250876520034
1.0014850405499613 2.7266515589050204
1.0010445398922956 2.331744216864953
1.0225392639279494 2.7122274981115324
1.0044343827514737 2.717508598356262
1.000244525302813 2.724798210712265
1.0046489585420395 2.0970333309673737
1.006287735625512 2.7036157899062054
1.0003710918350146 2.714843811126894
1.0023214086315364 2.144111697105326
1.0018672627446652 2.7001382687657793
1.000596556572987 1.8564334052829317
1.00291738552632 1.8757706307164101
1.0010028248773029 2.4445434010002742
1.0020187373783698 2.616765621469564
1.0023341466270128 1.7501768675150917
1.0002041544194498 2.414823614104897
1.0058267500335616 2.304559030544455
1.0155313860033732 2.7093265504897133
1.00509824976457 2.7121250464236226
1.0004544326508866 2.7153278935539853
1.0028353963629586 2.075578263281415
1.0049347222464706 2.7002552659016263
1.0010517073484417 2.7143349054308956
1.0013794948517163 1.952035137666565
1.0018659005388555 2.6981432683863034
1.0001147764715301 2.0923963457029036
1.0053064975385273 1.9399648128642037
1.0029223544006378 2.532887828538543
1.000415066756359 1.7950055287737512
1.0000657890636468 1.7759468752529468
1.0018527946474205 1.9908028844684322
1.0028622322896386 2.690873512284561
1.0012214096194043 2.7051154954200536
1.001458845959102 1.8265582651206556
1.0008137559630563 2.6944416593777953
1.0007995693716698 1.749031866059717
1.0017805317874078 1.988816509514363
1.001237589531351 1.7739833881421407
1.0002879283837838 1.841725542155727
1.0006649305070814 1.8268446307650723
1.0026691453871708 2.681282638822689
1.0000671272500619 1.7338377801728988
1.0011836346579068 1.8959848216322244
1.0003687834589043 1.7265137084706437
1.0004795154109247 2.1741860470645644
1.0002767723967854 1.7553731574487166
1.0000454146396534 1.0255272915429763
1.0022590704853778 2.3902016709446197
1.0048194636656278 2.120819542388416
1.0030848439285656 2.02256870473923
1.0018402724415887 1.6797247368455728
1.0001332081962622 2.633451660821284
1.0023332921175303 1.3818118175130483
1.005443304556137 1.7648313930032937
1.0034378959803143 1.743599655767626
1.0028824265498308 2.3673190919401694
1.0013580324524078 3.3241747388187317
1.0009537856367547 1.9133696634360433
1.008379863887408 1.7495841486339092
1.0013737888535859 1.798983722623923
1.0002415062694079 3.686233827158376
1.0038528275967185 1.9685169242255567
1.0062925559467786 2.3877413757976287
1.0003707118794054 2.4131147347636253
1.0003296547771898 1.3482434239475418
1.0010004146143248 2.8495759567989847
1.0000639590618645 2.40305502021683
1.002320535742253 2.592393413919274
1.0039900318069868 2.548324748863115
1.0032793496667265 1.8897537209317683
1.004420387433788 1.7351047312387635
1.0026506986016603 2.4095127757237433
1.0068634196282775 1.7221238311548346
1.007555144309922 2.693571368208472
1.0083149447968451 2.7037206886480227
1.0009026073814875 2.7299335904485935
1.005135925478069 1.7236616643216198
1.0129792807862048 2.7062423190984903
1.0036672319827509 2.7280930337406706
1.0057220825009516 1.713652503452598
1.0042167172386656 2.71463748521944
1.0003584723786552 2.0706110760720238
1.0007830328860088 1.776787479948201
1.0008465415955696 1.762660861813776
1.0026649675800012 2.458758001777839
1.0010849000367381 1.799094895021209
1.0041521605934014 1.7516842047472168
1.011167682005113 2.687112507774641
1.0012481322323825 2.7027718600477764
1.0009263012125125 1.7313827519898222
1.0079616919044552 2.727409822579268
1.0025767516898794 1.7372666438178386
1.0010550107657439 1.861211142660918
1.00411441559453 1.7763142473696156
1.0002406459792008 2.158183126033954
1.0025790262276693 1.7238132041011982
1.0026577968645751 2.6948357826292284
1.0004578569351044 1.7826113413384181
1.001011151951895 1.8983190705959732
1.000469529480305 1.9786721597550037
1.0008746209099695 1.7567350540084472
1.000342350683722 1.9636017829495191
1.0000030636623947 0.8837680935887897
1.0010034339945109 1.4618950513654017
1.004118762040612 2.4263204016381765
1.0010424938393956 1.437195229335496
1.0002014672435044 2.8895539707326496
1.0009601146939018 1.1156729875396196
1.005998802820885 1.7329713083725786
1.0040708741383895 1.7998726948145616
1.0001380147196395 2.4635489080218385
1.0028351769205925 1.4968666265744726
1.0041689619869687 2.2111823189294917
1.000016191307038 3.675822205632857
1.0007885870588016 0.8528844829915331
1.001368751378255 3.1838616798475066
1.00005181320663 2.1049060615756825
1.0018644383160542 2.159324736527091
1.0012651680931162 2.224125700085869
1.002126982352969 1.785085246537811
1.0002240033880283 1.7874081153556642
1.0027534332883714 1.7026403375776562
1.007862066197873 2.675415491263377
1.0030727043418217 2.7315199119911715
1.0024192834180377 1.7076474779910114
1.0043224427141038 2.6722968585631643
1.0033608188884653 1.7193188461701299
1.0007013371490665 2.1880021522705704
1.0011274297751078 2.452360050539104
1.0004054724540088 2.4608557209352773
1.0080315362506187 1.70885224650328
1.0051187378359456 2.678367145405039
1.0004120501168252 1.9697502590862705
1.001371892559025 2.5002020062574832
1.0047934879136617 2.5203716668700222
1.0035308193308243 1.7296623274843674
1.0001207859933992 1.7105928561781043
1.0009017203371307 1.6338017546254249
1.001406767988197 1.8328743757655956
1.000415765589203 0.8311432753667589
1.0000653197493479 2.006247615808171
1.0007024364226123 1.442416912348451
1.0028616128415908 2.4597632159729965
1.0006863273892943 2.880179360340438
1.000964798656265 1.8112531885301664
1.0011908339170172 2.490963044460602
1.0000718270881765 2.588758378068514
1.001438225711953 1.7194943302851673
1.0026643684585417 1.7652491615206054
1.0014281897733903 1.7234469020441152
1.0002578736296945 2.2741555002521734
1.0028947442575988 2.71571599873153
1.0019697939434362 1.8621263617847852
1.0003257297574601 2.3115283825717468
1.0050187649319506 1.7487040512682888
1.0008319791842082 2.05278392490542
1.0002094498491 1.4769522365603454
1.0012549731938394 2.044130740734893
1.0007338591709072 2.1725012215217268
1.0002843792806857 2.5473026092518354
1.0015377613249918 0.884621851217211
1.0013268763100363 3.3928838746070307
1.0000422350112195 2.1007472269979894
1.0007937230365984 2.152208239713052
1.0004611331560462 2.3042044850643126
1.0006179734501655 2.1977107123090764
1.0001402267296462 1.4775201969313123
1.0006675034199692 1.615486322921192
1.0002753753690725 3.398576401674217
1.0000213602747983 3.0379589971344516
1.0000534200596458 1.4580796103102185
1.000000000002283 1.2135389135310706
