1.0000000000612168 2.5927127720834884
1.0023672415148217 1.6792866656562002
1.000293938147729 2.7009053706449904
1.0007216550902773 2.6361733273696495
1.0012504891047351 2.6357077483202733
1.0005869778982368 2.634222875459111
1.0266574923235536 3.0954619287556726
1.0023669933351158 1.735918638741008
1.0002890559379942 2.6708769477413963
1.0009975599104424 2.7317610978792963
1.0009883621655027 1.8081734300292471
1.0028064704752333 1.7806265819661822
1.0015861600826284 2.3257543708703396
1.0001773536469072 1.6975577886331255
1.0018540928247353 2.64804890212941
1.0007591238375295 2.698974445993895
1.0016510892619543 2.725389597827201
1.0002611757772728 2.7614296310759383
1.0005024661586717 2.226620834671525
1.001030471956625 2.7067524834329206
1.0010448359533413 2.3137451394990785
1.0005191722433724 2.7247364817151998
1.0001933547581794 1.7353517038963586
1.00041261861486 2.6312518687074595
1.0003700602288403 2.7063729147257716
1.0000550066489362 1.6413301377232712
1.0002012803376592 2.9594617934016147
1.0004256468042603 1.770865153027082
1.0040546721764965 2.292767125972571
1.000602383088649 1.7487881071756948
1.0017302516231077 2.401956248027844
1.0019878180818584 2.6013478116982087
1.00019621469619 1.7598407802254932
1.000903853974466 1.9738711633395383
1.0005593062077722 1.7347408284727106
1.0038812464108875 2.7152233243535364
1.0016636830562855 2.721693156416218
1.0030053980700315 2.7296403093542776
1.0038508537268183 2.727116560236127
1.0027808233168134 2.2264572808762257
1.00666019715004 2.7141838410540915
1.0015531738284786 2.720881291645859
1.001194141881141 2.7240042720324915
1.0038670473637987 2.286113520604
1.0069599606890003 2.7024039362797905
1.000380936363631 2.7156146601294258
1.002532189471639 2.493434050450283
1.000100642042502 2.7028620112858515
1.0006412250822503 1.7733192374944
1.0003811425560933 2.708498134206872
1.0008280818479223 1.8235823355455918
1.0007192722622553 1.94575994276104
1.000857906016756 1.7409689525427976
1.0025480444794648 1.9504804844803503
1.0012675047193016 1.8129386366662512
1.0069153635171133 2.7047585247513717
1.0024784299890506 2.7110876996194317
1.000495337820918 2.716257221248466
1.0004885651936988 1.7544170857342603
1.006400543350912 2.7009624882334453
1.0003928701986342 2.7124709090001025
1.00082741318653 1.7426193432243
1.0006896475488798 2.6988983920725262
1.0004403006641645 2.2262370708017745
1.0000707148709416 2.650820202838588
1.0009375213385703 1.798859630481263
1.0010771786015327 1.8226868527167859
1.0005315436467517 1.7471256237290054
1.0007125407087822 1.7317026041526111
1.0111396067928853 2.6912811854960794
1.001325492011819 2.70574245412159
1.0001349585908224 2.4057686312561843
1.0005416096722721 2.692960554818527
1.0001089230056284 2.198258799174559
1.0002993588486817 2.331281679280876
1.0014882651428412 1.8871232003316327
1.0011217927003084 1.7419773796279145
1.0046058225702568 2.022672491977325
1.0019902700992218 2.7025866196331303
1.0000002286548981 1.7392333716848436
1.000867748944208 2.55230168033335
1.0002013978234234 2.495336958692767
1.0012088270215658 2.3651581534203117
1.0001941231159746 1.239867372496028
1.002276817351682 1.6321674201845324
1.0005618872335726 0.7738633153162489
1.0008681355641227 1.5170609717402077
1.000494685644566 1.5039445318575668
1.0001941983085918 0.8988677841579926
1.0004873045315301 2.141816346963715
1.0005655998473604 0.8137391047563667
1.0019371792678882 1.841712615006833
1.0010725485432068 2.329317631619065
1.0013098388553932 1.791342922441886
1.002282766155826 3.6277118482910895
1.0027802260480656 1.3008305339727784
1.001731576492597 1.7635109586103128
1.0015522247100865 1.7766306038971544
1.0011600369474987 3.6228155823875356
1.0013096540234674 0.7774148680287257
1.0069124756227874 1.7662155737133116
1.0003802055075057 3.211998821583847
1.000507943085475 1.2824078582171805
1.0000911928557707 2.217956350076094
1.0006403692605774 2.705885182079233
1.0002848231755845 2.093865056718043
1.0008827207634317 2.5601064121596324
1.0012098258902309 1.714580455154198
1.0007887993128972 1.8433229074207644
1.0002107662381954 1.8093472244158573
1.0048159406323927 1.7645192523085875
1.0196895287690082 2.695056749965909
1.0082040685307185 2.7004959152817642
1.008299434378962 2.6858467409482936
1.0014250054888203 1.792562600715621
1.0132604233796574 2.690785667375965
1.0054487414496125 2.7013133662947837
1.0041409890398476 1.7545391799536518
1.0084670742598674 2.71368885014081
1.0004714446070966 1.7461157530490592
1.0023581881939034 2.5731702144624897
1.0014942453881936 2.520610219060723
1.0013511499615848 2.052967535689283
1.0011867269895713 1.7271810351270513
1.002553290913726 2.2386650816338927
1.017553599866901 2.6875252688436357
1.002510115003332 2.7017732095757285
1.003358265309481 2.263803273920621
1.0084269335534197 2.6944442320934594
1.0017441081697893 1.9653990206276173
1.000495428271 2.6133227508473524
1.0096162264776645 1.7421071944087623
1.0023386896912 1.7598985533764395
1.0027225336906518 1.7327102224055577
1.0041978638779503 2.684887240217705
1.0034940084192523 1.7758556682228543
1.0031560413842329 2.3216117944775148
1.0012576740297634 1.7819346207163758
1.0016429786993906 1.7499619234653823
1.0000635501259338 1.1155670295997044
1.0001763535302894 1.638309263684871
1.000524642744498 0.8422380494904623
1.0001067996853796 1.4972123301888078
1.000121696731349 0.795320429252954
1.0008091813355158 2.4021058126517167
1.001266602372813 0.8255687006865654
1.0015021484135134 2.2821169691984133
1.0010229635548054 1.7941759608851686
1.000135752790056 2.477360160093426
1.0004708777452251 1.1064161584163168
1.0013538912083726 2.198798827500799
1.0003924147897003 3.6561588639857026
1.0001842536260157 0.7943725298585823
1.0003017196047816 3.672857094586374
1.0000464956005628 2.3924374622390876
1.000245176324078 2.2161300203193086
1.003404930576056 1.7301686992217589
1.0027450385401957 1.8462601939590408
1.0013946425634754 2.0510704069185746
1.0071645287367872 2.338058137919447
1.0145418191201567 2.672842353112196
1.0065286940627414 2.747109718186129
1.0015391532004627 1.751138787296157
1.004050201254199 2.6899863762379006
1.00027133585637 2.1862487943547455
1.0001046243292937 2.21301753336363
1.0035616067132542 1.7960478975859147
1.0015193232724175 1.802813718920433
1.0013444545934218 2.3731869223354907
1.0009579747530948 2.6896612451165236
1.0004554071847762 1.7622945234872094
1.0015604884186888 2.3010183606456853
1.002491801819334 1.7218581188839772
1.002409212318849 1.7719591618047281
1.0004426759065141 1.3376970365060668
1.0000543461916578 2.2900046945044057
1.0003231592664832 0.8616520295872747
1.000422893583398 0.9600367322058373
1.0004312254555543 2.7213961449507935
1.000755362472893 0.817300663827968
1.0111574294449766 2.522392380313096
1.0006963980275456 3.681818809553376
1.0001547414063217 1.2774724765215357
1.0012499289285957 3.5110347150349486
1.0000070452687833 1.9514951372199167
1.0010693464983142 2.4998733517583602
1.0039140803058748 1.694909719246416
1.0025614078430936 2.006160037751511
1.0052099607569305 2.145896856815317
1.002273888628727 2.6577439726684515
1.0035106435727932 1.807298665887016
1.0005271002277414 2.51642333728867
1.0040090650385867 1.7574809249685375
1.0003932367596842 1.7253838225691482
1.0000462859898096 1.5352832061111683
1.000193280157273 1.6887433776674292
1.0000817724205624 0.8146341426161282
1.0001099256544281 2.2669696892442617
1.0010830433344935 1.4294796800688436
1.0006203687318251 3.6058354628665192
1.000000071195527 3.1703668838074845
1.0007773790309065 2.2900143818904812
1.0016084170682085 1.807321665056784
1.0017952127279124 1.7189269230075392
1.0002309468732171 1.2186643284179688
1.000157017605675 2.0154944297256674
1.0000237939186964 2.0733361206370864
1.0001402179203158 3.421811462710856
1.0001159701983597 2.0305294559532174
0.9999995932726412 1.595241065984625
