8851.714099922323 0.22183271169508278
0.2547865079633886 0.25031883681768596
0.29355168531040987 0.30218590126602396
0.4227516462769888 0.5299085342819154
0.6372151601425564 0.5870182230813029
1.112189781874628 0.7832130043871448
238544.13002167203 1.1710661743273028
0.2642727576830945 0.23981243958930443
0.3210250436622708 0.5206657889877452
0.4416476974425599 0.7528804595211295
0.6903612565734485 0.885132328467269
1.2711328427331585 1.3870141974590156
2.420440758740452 1.522447772849501
0.3016562200751055 0.33268790330999387
0.39037014702724193 0.5934238375198446
0.5704378895170246 0.7526169170056111
1.061855116812644 1.0398051831196267
2.2096233740877693 1.534199305133995
0.3954210836988854 0.4365211468230534
0.5525362006101331 0.5827219852553234
0.9747097841683658 0.830171371569332
2.0366111160365237 1.3485581527614292
0.6310026838753019 0.5757116150373771
1.0080355246619823 0.7540527626040848
1.9287974652511504 1.080955163431212
1.1004482216385152 0.7757116983895499
2.256035063608144 1.2019998659818178
235706.12677641178 1.1648632438632813
0.4981799350110682 1.258198960673202
0.4820196695385232 0.9888108232799924
0.4951116903145708 0.8587493943258031
0.5846152118506109 0.5324910331114268
1.0257526972886886 0.7841219426157983
1.8186902007316395 0.8709076458715075
0.4568504060628435 0.9812136342277651
0.4508373773394566 0.6215832099389845
0.5646221809288753 0.73842679578846
0.9853550204525703 0.8361564466861453
1.924391898401945 1.0086737116604785
0.48946224267595917 0.9210437326065455
0.5471081622501632 0.7804129491735212
0.9308067044726387 0.8252112738382491
1.851392731876968 1.0773981410369573
0.6116068681264166 0.6034569212601935
0.9330916204578967 0.6655634832210102
1.732653405488231 0.8766921750121719
1.058884219353545 0.6960454033330604
1.7944899364064733 0.8828314325905815
1.8967143272635822 0.9854339153308015
0.6099274314760016 1.6045891825679255
0.6380121105816188 1.4766427800973219
0.7469270032430471 1.3291195245289849
0.9117020641338638 0.5416194379093816
1.704862665425241 0.6991698501182642
0.5949598202841628 1.3648022779449582
0.6620218092160546 1.181323145407911
0.8484600820689094 0.6446512601630494
1.714172398635153 0.6993543462017877
0.6530636922152941 0.9697020341936791
0.8483330631603121 0.6597755757882298
1.65207010721159 0.6783245109824957
0.9521289573850787 0.6574085918452409
1.6714679847536922 0.6903697969984912
1.7336854099457422 0.7341833703595638
0.7233690108648968 1.6870485905544315
0.8281756842962622 1.4494855567807154
1.0513761573132472 0.8554975404263625
1.4747515987113844 0.45104386690879
0.7798898558829599 1.2948824761096267
0.9856420065969999 0.816560096734601
1.5589424969388443 0.47345104710229663
0.9297941284849753 0.5874631311920173
1.575649782782639 0.5420975913241797
1.668112608010723 0.6873242814098475
0.9273727594367661 1.4963538589147383
1.1572304243569014 0.9726261336375075
1.3056993135606978 0.30451161241923663
1.0810823069496376 0.7932372667182116
1.3952837657496202 0.39295681552226347
1.5092647988932761 0.5094995640762199
1.2114268414808036 0.7973546008617002
1.2456889041386379 0.2382395590482252
1.34318156388611 0.3450203102679539
44069.64739638311 0.22022059176221576
0.419249418263666 0.9943286670802696
0.4015176157570846 0.8478473439325351
0.39847358405300753 0.5374004795541915
0.5400997114130939 0.5476969679018653
1.0548413942937636 0.8892012500909457
2.4773533650746016 1.7404494092361393
0.35347696872379664 0.6555532736399549
0.3502273514376553 0.47621839800182353
0.4780098820070888 0.5530769329975371
1.0548069623115093 1.1434004955096357
2.45742998659994 1.8127889563843276
0.3672880975562002 0.49777123608358864
0.45605529450222915 0.49919894607276816
0.9330224112148837 0.8352525837187217
2.1887757721667915 1.7174121532898952
0.5637313310790806 0.6156416755998528
0.9797776188123326 0.9555695886906527
2.0681299320582776 1.5523656763158487
1.099405571373494 1.018405907622879
2.2832823166938274 1.6756364645868356
2.555497366753344 1.74473290309235
0.4592984386149035 1.0922084661226532
0.4472014392016357 0.9087854777624146
0.474469332256597 0.5615531147484525
0.7997052369364556 0.40175223843775804
2.096156565650904 1.1320079312057851
0.4024928667386911 0.7636756233609423
0.4145724835307677 0.4949662262137118
0.7159073757707516 0.4358221103594953
1.849075060915963 1.1211541898574275
0.4075634299823629 0.33989587535502774
0.7234880024528578 0.46060833211085916
1.8036493445572939 1.0765695798288704
0.8462209447144546 0.5165618384415742
1.8299270432232242 1.0921535141384213
2.096220202249434 1.3468827128235346
0.5623678714115734 1.2966153427436438
0.6181794537421248 1.0629656912364565
0.7788138157519756 0.46804154715503565
1.5471969703094164 0.46668645055751556
0.5617999810200616 0.8548742799852195
0.6822324808107489 0.3748410404446618
1.5497843507962124 0.4991874251043742
0.6601473100953885 0.2538545807386589
1.5154259792378282 0.4708200673252904
1.6817442077934333 0.7761082531187072
0.7377698698170575 1.1637537513959688
0.9064389218817663 0.6082125121592972
1.612542441065251 0.579505363683803
0.8219218965186272 0.45138980276463714
1.4914040248013891 0.3271712926390102
1.4779401298702943 0.3067287791534007
1.0088168941015985 0.5992203313264824
1.5029308415192006 0.4658944148322156
1.6622718626740323 0.6433704906783662
1.4453203696873296 0.4302023439350562
0.4898097417246118 1.2185749143901168
0.5092213727561371 1.0571295917759684
0.6224886042600576 0.921754599035097
0.9704940766018464 0.8162323380836198
2.68731117571777 1.6943953647202465
0.46924450571794535 0.8944838818338392
0.553970756492707 0.7865472978541339
0.8421701087759377 0.6912248674375957
1.950333328718178 1.301819893574442
0.5592973071987042 0.7083258296252171
0.8390874586708259 0.679820282865258
1.8573419253611316 1.1937400937431808
0.954274672057425 0.7761190050430476
1.955989726937094 1.3063718123790717
2.1891732635063015 1.5304903071404534
0.5108945583919978 1.0879478647230467
0.60408327984475 1.035628160141378
0.9121654108383019 0.8756799367969998
1.739757904385356 0.9199025655026806
0.5504195566314851 0.8332642432927865
0.8189016089232302 0.7778689885806526
1.7247846244742886 0.9326399523748807
0.8369470565119158 0.6359902987802377
1.6786605870188156 0.8863590100127909
1.8551845041488124 1.140610631657141
0.6228869352013309 0.9432866180501159
0.9200666448706234 0.9093839340610221
1.6636785108787464 0.7654364415369317
0.8567442014041968 0.7304622594028234
1.5971561818473408 0.6793230872091783
1.6735116222716406 0.778616101417474
0.9681252797349924 0.8048298357763386
1.6665971468381828 0.7787659537601302
1.625115486573259 0.6273039540537297
1.677393932999427 0.708685109470696
0.5932161278931 1.1860865089589503
0.7276903967131371 1.170808116377073
1.06755846414165 1.0575747180569794
1.8208737219586388 1.0078342976271752
0.6763295871388495 0.9992295463436951
0.9831645209279096 0.9463393713049053
1.7607105341200588 0.9697308917647878
0.9773127115801477 0.8377020771170951
1.7787975793226587 1.0198393831508865
1.9332016720948793 1.2234444940306186
0.7228450735570018 1.1590555488942744
1.0408527357190631 1.1214333151917848
1.8122003287895014 1.028994103884204
0.9983558598461646 0.9962318119773039
1.74313349935028 0.9373794567258239
1.7344593119842036 0.9320421517256959
1.0571826667144486 1.0565207602983242
1.8412303132017978 1.0370316407306952
1.7327694277588157 0.8907674644728725
0.8333453510252082 1.204747385770574
1.1725410073321532 1.1738782386915316
2.2924542482406207 1.301879079338551
1.1238850619135423 1.0500087367119502
1.8792203817799655 1.0380724023771695
1.9146877991026265 1.1063127047075096
1.1676306823358582 1.1696223041183258
1.9979137677212453 1.1555965569764886
1.8805855729297523 1.033118873786522
1.929844157451892 1.123529361779354
1.2993007598634814 1.2068496222813248
2.04791987614632 1.191063568524501
1.9714457437313828 1.096022169461333
2.065310443144168 1.1968025721603295
242956.15584878798 1.219612437849462
0.4063018560358651 0.43652037630544505
