44173.6471470174 0.220863226594117
1.3254037361472328 0.2820011969892335
1.6572588954634888 0.6266049408625961
1.9328316266980128 0.8853487929984465
2.119232796563859 1.1171174091266676
2.2123279093700488 1.2142218563336453
239680.14422144624 1.1838719579025052
1.4068852133531797 0.3187319354038494
1.7413304188226693 0.6611636816292362
2.4615573692401673 1.2620356848603937
2.6248261972911147 1.57974965870799
2.7664336477547575 1.5457460791024265
2.8785639396445055 1.8745220418838786
1.7391668238986586 0.7067421016187376
2.300070330718573 1.262766341661178
2.4033747620728043 1.4036175177109729
2.549320462557974 1.5519870536378124
2.675594222593613 1.6772377407000016
2.0343995254686558 0.9431879442432545
2.1128857717153204 1.1056923857623353
2.3060119719857113 1.3165909535612856
2.4338846913526253 1.4215432201504732
2.1258774932662163 1.1188511981073666
2.2238106373628193 1.23800484439569
2.2832129645998096 1.2949908190051698
2.1891104263759327 1.2004961389365945
2.212050330358222 1.225925356886032
244979.78605792762 1.2151328796326821
2.592490036215883 1.5322275878542206
1.837687297620141 0.6148526424817884
1.596371187594594 0.5681110298104335
1.7343685420230495 0.6989143689610342
1.8994215061756827 0.8847281081786493
1.9725190431776656 0.976417667071716
1.658458593097008 0.5002463318732087
1.6879880140728476 0.581981126409941
1.9546057607635476 0.8896507104120971
2.1541599862964267 1.1157744821305544
2.26944850641992 1.1998221125970217
1.9190818524000393 0.913913085503283
1.8861525328830666 0.8603931472323663
2.080716267586217 1.0565099467222443
2.2380709734480435 1.2246000903143444
1.9374151193165376 0.9282701596337282
2.007595643534995 1.0155726925771538
2.1211542603567572 1.1172886529192545
2.026827518785322 1.041423695121161
2.07049433233529 1.0849260008943031
2.073099905686351 1.0844472491941457
2.0914922063045336 1.0321986299231432
1.73909712524313 0.692540485508166
1.4691608560833744 0.46780829912735045
1.5871837946269807 0.5876816565670315
1.7090898033698383 0.7130815059998553
1.6039988630817656 0.5962544370949578
1.5493819580076271 0.5037762902695863
1.7012691390438794 0.6894318904793428
1.8398167870765456 0.8266242662268114
1.6709949560982644 0.6617200126273566
1.7403512993537917 0.7408154291616338
1.8564545605179121 0.8520810375093733
1.8081109526301788 0.8123014054511046
1.8615392152128534 0.8631682573647282
1.907487928253439 0.9163899149184407
1.6882630173255002 0.619142193146119
1.4112258835175282 0.4046747451351038
1.3529721068182878 0.35453856880631496
1.463272389942543 0.46589184283284263
1.4128844887118217 0.3735982022998843
1.4443936315236083 0.42723640285246545
1.545473345302927 0.5490455947406796
1.5771751898657602 0.5699296139482513
1.6133857677291497 0.6177459020430408
1.7059332051028318 0.7120014956683265
1.374423508741096 0.3668124339762998
1.2335053917829728 0.2253485605586254
1.3031964400060554 0.30648278967042347
1.3689014302793134 0.37092084864442754
1.395622436287379 0.3919200921306514
1.5054413765195722 0.5091316058059583
1.2462408666359013 0.24108823718138073
1.233525862641901 0.2361170960643658
1.3403636561206382 0.34294806436127423
43857.289748787625 0.21970832582368235
2.0676819925807983 0.9881004376968441
1.9355504947498539 0.9253502605858043
2.0008006138533005 0.993218653552712
2.559276875315061 1.5471224487860646
2.8755596249207227 1.8685496993566137
2.9516260997203725 1.9480394597984134
1.6797718694494852 0.6383724553450983
1.9594265236335007 0.9544373486488908
2.626050384037291 1.5602139938078659
3.0849042501562725 2.0411083668587153
3.219735921658029 2.1353276271662827
2.184181755868065 1.169949867575718
2.5720976453712043 1.5617764864741572
3.0205819954691657 2.011769596803953
3.226344271076189 2.2231360664173327
2.719881822618464 1.7184948245019451
2.9485500688871893 1.9490041713076747
3.1095678684438255 2.1087916424835
2.985896394198546 1.9867990594621405
3.0555823536804674 2.062167058917163
3.0626282965419627 2.0728073993464293
1.8638238852043727 0.7895793769807402
1.7544791670345874 0.6796025434938485
1.9280214342982536 0.9250338808309988
2.3459821884965515 1.2919870632385964
2.473043804315232 1.364813714888133
1.5379933356959485 0.5189888389869735
1.9130954866499508 0.860779521746501
2.4947705128042488 1.476804960274177
2.728687237396506 1.696118661272623
2.1297151929906173 1.0844572294069896
2.480023081409772 1.4611156382808048
2.6906693560624246 1.6347702506027808
2.5478598864937076 1.4617811223643074
2.64210668961225 1.5530037731566388
2.6268170979574386 1.4959002220931992
1.7043569314892304 0.7018028932945499
1.6231732155394272 0.5939329533251176
1.8327130953653499 0.8076272618115701
2.0655635094017786 1.0615235115217394
1.5910044318456782 0.5880115205481445
1.9193005021364173 0.9066252804773413
2.13682864020474 1.0883657743826838
2.060492062500983 1.0352608100958003
2.1873882819126726 1.1688277992927016
2.2595175176392432 1.1986317522001504
1.5662078644364326 0.547936968662407
1.540647855588684 0.5335965165786423
1.694576232477219 0.685236931500954
1.6893533492122241 0.6787284936768246
1.7924105435061068 0.7804020956572691
1.9330008997399486 0.9389351085765368
1.490389610172969 0.47815187596213404
1.5166465861015634 0.5125062252439424
1.6427664621731997 0.6436255805988174
1.4448141833021766 0.447157156129375
2.1996727885624208 1.200985144440442
2.1040423009244154 1.0754370801798123
2.1404490337529163 1.1318890985097394
2.5444488522293094 1.5514869303940455
2.7042185472915454 1.6918670666756397
1.9150792277573634 0.915110283550181
2.1848257551168406 1.1850332074292063
2.630674038541631 1.627629679248676
2.8234972927375526 1.8113739419371404
2.3805619269512213 1.3625550082510869
2.665681101439377 1.6670796799792873
2.848104718561489 1.8471231903582999
2.7602688377626445 1.7566393996666636
2.8457256713253196 1.8596694506057334
2.8992320260433155 1.916874871951117
2.1095632373208524 1.0995219812232808
2.0508246116172355 1.0450226244203085
2.2519853181794995 1.2388518809153126
2.459026457181106 1.4533621710386235
1.9877965022833268 0.9639848692409065
2.341119772482102 1.3454748781521197
2.5586670163778438 1.5428029912070889
2.4866984593104746 1.492125405434598
2.6143685238899748 1.617507660336516
2.6941664467944357 1.6867074280958938
1.9501291087818813 0.9380769187677311
1.918881702589316 0.9130532262816722
2.1037859015477194 1.0942345176196324
2.0792835072179674 1.0697194010431823
2.2066235314366924 1.1935593737275636
2.3334845421403303 1.3374834486346285
1.8084454145839688 0.8057478420403041
1.8475227169996784 0.8337425845181524
1.9814011781084782 0.9769003422644021
1.710626101821832 0.7029079502861367
2.2014433184255395 1.195057124509684
2.1660303715110922 1.1570581280646046
2.2907232525031933 1.2825543792815153
2.457016505973026 1.4543063894157342
2.14135153415334 1.1187251150038329
2.3700336314041155 1.3685684086994536
2.532231234026601 1.519511685591194
2.5155153323959203 1.5163127481023662
2.6117974034759364 1.6154412303581651
2.702146672730498 1.7136537756788714
2.1631364667831536 1.1551909246092107
2.1467793027909305 1.146423058285583
2.300119194951315 1.2999027181186655
2.2926532616309467 1.2971278550972878
2.391391536410091 1.3813822394154691
2.5186554797138556 1.516880430866106
2.0668170293993273 1.0636873288895288
2.1000714241435725 1.1035423826109936
2.237402029832485 1.2386444782788049
1.9622291744887734 0.9484057616565766
2.211486045263478 1.2140631357636895
2.192315907398541 1.1958560614361922
2.3014061314056313 1.307310464826213
2.315602832972516 1.3136591551969743
2.3860589798643965 1.377638695745961
2.4997886902572044 1.4973755161234794
2.1831725946266443 1.178297655409202
2.212066392629659 1.2153089222512876
2.3376510199086526 1.343461383328873
2.126080575451858 1.1305140631649535
2.212179005967112 1.2174028500709475
2.2300989454824034 1.2354305691577898
2.33304758557174 1.3425244071064135
2.197361893417124 1.203984182976235
243134.66828522578 1.22042461799473
