45827.709177410354 0.2289678635546395
1.3020613267285541 0.24544061904600867
1.9696760544193301 0.8652712260686922
2.0361728781085566 1.012351544205187
2.086110366619499 1.0612572010694818
2.178157978462395 1.176224167536457
236360.7821206025 1.173644984249511
1.4059328827003328 0.3918408289884592
1.8393934640204332 0.7595393140874924
2.343944386423972 1.2563317194940065
2.6137615653989266 1.4261809016122369
2.8334350421679018 1.8455566789140019
2.7699376089934518 1.7228023305203177
1.7818732272135653 0.7124896917287652
2.038006162835429 1.0032899377216709
2.3010450002172274 1.3047928966945888
2.5550087344882977 1.563381298279963
2.639678789325979 1.6047531086115332
2.173789539053831 1.1685596129190905
2.155164959482808 1.1291410199080811
2.6031297900741666 1.3877529592778175
2.4360035200341 1.437216395493125
2.12123406355179 1.1090121176586556
2.22298167107818 1.2141635748536739
2.294291908201261 1.3026763496252536
2.1925683688914166 1.190822136842452
2.2270790921200065 1.2289318327307739
243693.6084213718 1.209752531908331
2.1785495419613876 0.8720585506623455
1.8624979608096774 0.7209320508355688
1.5542106529454531 0.4907501633324629
1.7300162778384782 0.707550788363639
1.8927843897600836 0.8980973335716035
1.948793649552099 0.9512386179657818
1.6681098247318582 0.5495517921178471
1.8852002166974984 0.8212168668766815
1.952479823187064 0.9320486967514698
2.2103691563296826 1.2098258409701104
2.2470406455827994 1.2339142563167467
1.7534262153663036 0.6743630805617428
1.8887264084390585 0.8726131815891492
2.080076347832626 1.079363177926679
2.246055522520724 1.2563175037851178
1.9811192145877987 0.9581284850238814
2.017811298734716 1.0070887600798342
2.124762206945168 1.1285393426478798
2.0320557510332455 1.0244759530126768
2.077246369357439 1.0801263485454444
2.0844809111255085 1.0867061124433555
2.103460711559129 0.9246916493750613
1.7400367213759007 0.6631351388030036
1.4435041696150661 0.4408326386234286
1.5740553300174585 0.580910978333023
1.6956329637773964 0.7035092124314641
1.5795734256245446 0.5472441632383538
1.5519992967863383 0.5392180303851812
1.6889579970043083 0.6864724327497664
1.835089362829709 0.8365952872743305
1.6846062716916328 0.603383151623432
1.740272447882254 0.7343617717997271
1.8573756259190217 0.8521333659047325
1.8188479727368783 0.8020897477889665
1.8663825712153943 0.8602075522342694
1.9163369033501185 0.9123176377784097
1.6632458350834867 0.6280115070754976
1.4048590022212135 0.3873664204032426
1.3466981048116624 0.3475520100126807
1.4612282233319727 0.46649161313705506
1.4032728617835606 0.3934875537436986
1.4459434235370239 0.43871475667663473
1.5433365697542105 0.5448651981940771
1.5707205907180957 0.5629356761636537
1.6172627613992616 0.6159281223260178
1.7135564429854218 0.7115146518636968
1.376858683816572 0.3670743736976079
1.2392745414531845 0.24072239739837792
1.303801564679132 0.3082209160271897
1.3619994684098646 0.3449266960046173
1.3951552144517554 0.3962039844500647
1.5108724249451053 0.5122283621410049
1.2430878431124786 0.24160788666659366
1.2340847060196531 0.2356907850343737
1.3431988025008355 0.34466953208843976
43962.858790844424 0.21975550266015256
2.219117191717794 1.2184064750201236
1.8169456282816516 0.6246372149445318
1.9836021132605173 0.9693026267051542
2.547761172800919 1.549393649471311
2.8353525613047657 1.8207106882632906
2.9391374157599754 1.8981548939639277
1.678197218063973 0.6463533567350834
1.8988732824485464 0.8140934197376827
2.658271356091323 1.6567444370876647
3.104351929045039 2.1081591763510295
3.2074595877489216 2.1818487846011827
2.187743889992067 1.1823727308973662
2.604300365443465 1.6086144598305352
3.0127582527218024 2.0084886594336266
3.2287973593937656 2.2461507877073594
2.7327086034739536 1.7181008872505914
2.971312571753408 1.975363343992315
3.1136996286873138 2.1042114229644393
3.001944587803666 2.005519564487954
3.07193379914505 2.0792959692468758
3.0769827544133284 2.0761271127802656
1.8728467091433583 0.7951573214077736
1.7378263836351568 0.6482661084116152
1.9028135239065478 0.8783957832866622
2.332908893835464 1.2830251437544906
2.4645746525493846 1.391481035650042
1.574817509488061 0.5515461034566489
1.925973456280891 0.8731892566227466
2.475235005302017 1.42044878973469
2.696192159197458 1.6580213138243718
2.1318555114735327 1.0837992810457364
2.486215256993354 1.4686316260934986
2.688499801663338 1.6230391600099134
2.578731917853856 1.5717967394214254
2.6676988001987874 1.6437307259831933
2.6401822555262577 1.4721722546438523
1.7016787686097734 0.6975100667263623
1.624270263466907 0.6112783630869423
1.8251813536910917 0.8087887025921117
2.0335244832942663 1.0191620202060097
1.5797470190426681 0.5661331246283612
1.9171529956569686 0.8990006233724178
2.1323341755034853 1.0982981474579598
2.087907315941269 1.079715441075241
2.1960370904470805 1.1337278890116806
2.2713105256230044 1.1869993950874733
1.568827967272289 0.5590338741357568
1.5427814311296895 0.5258760453948481
1.6937789451419398 0.6827537120589058
1.6973099804230878 0.6943385019959414
1.7946590806586726 0.7800611491371741
1.936101053186852 0.9360166629100074
1.4958809586721205 0.4807577729906549
1.5234435999699487 0.52484277014476
1.6415819799099247 0.6262353243965593
1.447015678923951 0.44574282122149844
2.2074057573951316 1.2047422407282535
2.1108324474038813 1.1008694964984604
2.136692472089761 1.1294491559154987
2.528267353003284 1.5446738976032561
2.689841956804095 1.7148671711754044
1.9065713291279345 0.894645881548588
2.1738781933091067 1.1385141756484058
2.6162449682459434 1.6037351908263968
2.818131757726079 1.8278062996685693
2.3806864523158935 1.358098923029099
2.6623696058778252 1.6500842989869895
2.8441692710247986 1.8440754155633532
2.7683599241437356 1.7668634402032048
2.858134683285316 1.8580014536335066
2.90913317048322 1.9078185809530512
2.1163968213839617 1.1054277998794606
2.035949237934882 1.024655863638257
2.255364856990309 1.2562940750981362
2.458680805169722 1.4731739916611137
1.9940798708350493 0.966339031053923
2.332557434508151 1.3266184656592936
2.5687156923665815 1.5660924302344827
2.4953364652104386 1.4899398322117123
2.621568980634251 1.6254885560209995
2.7043805946416763 1.687690580182234
1.9546899667807809 0.9512379148858638
1.9243683695126808 0.9235989582352263
2.104010630632454 1.0979180770953887
2.081790383023649 1.0740423957523317
2.221570997548733 1.2253415802440801
2.341337120594147 1.330391502851478
1.8197481927412444 0.8010491018438222
1.847545925223469 0.8423610730990554
1.9875329199529297 0.9814734196793216
1.7128098709271353 0.7068210886472168
2.204788786127849 1.1915188572515003
2.1604488760999345 1.1559223486224721
2.2870833715911707 1.286805554985767
2.452959925084311 1.4682367210153386
2.1532024480976886 1.1470436539118078
2.3783251738734164 1.3789947598886454
2.5291810144701734 1.5264501334767908
2.5183470316585677 1.5065721133648369
2.610027011285112 1.6117988917759927
2.7092388937888647 1.7112390305358356
2.1652141634872404 1.1585033320267297
2.1461636209400217 1.1495972912230443
2.2939928468599637 1.3000555081039635
2.296461907598914 1.2934548973387865
2.3931063573561513 1.3887795332753259
2.5228973732714053 1.5156001762091234
2.0728690491821276 1.0702109143542802
2.102937745736747 1.1047344009061417
2.2517740678795826 1.25172652407028
1.9629773882625052 0.9570684128637763
2.2081722578803324 1.2049365683879552
2.19341913787759 1.197321588347815
2.3002680749139803 1.3075459794802358
2.3193437602161073 1.3162807255374458
2.38993855374769 1.3918185132998715
2.504253363765223 1.5066397238348719
2.1842494519292774 1.1821425950046967
2.2131680431212413 1.217515344045782
2.336676459276214 1.3379580818922034
2.1281869078160622 1.129259313415521
2.2107683476137803 1.2069424805889635
2.2310190740651765 1.2347638695404375
2.3342597902164717 1.3293379205777267
2.1998057521838206 1.2032939589064642
243700.61746315696 1.2197223952765253
