1.0001280256579268 2.8646790727154188
1.0042032476201264 2.4033461179460356
1.0102149495775827 2.168357614657685
1.0072848983283995 3.382284782529581
1.01311495197398 2.0302138569337065
1.00357251514322 3.0721744853905206
2.1812273080731264 2.404294061414424
1.0030803197966398 1.4007534607859249
1.0019532632184083 1.7324462019080626
1.0057881639283701 2.720314975104347
1.0051328421558807 3.026604916058286
1.0045808071910067 2.6273179676780956
1.0037536190508636 3.696719962834467
1.0001802949337544 1.9334685074264888
1.0000176045965827 2.0144476722590543
1.0046692266439328 2.1126011238925875
1.0153616833024992 3.261459661561738
1.0042217504103643 3.1795744704575566
1.000100705719095 2.4225684267167087
1.0024645416729383 1.9532259414383075
1.0111073295116997 2.131817862592273
1.000432077731107 3.1788898384078386
1.001151330669366 1.8857661379762884
1.000536794782205 2.9027411731460386
1.0054794284920254 2.779111559211066
0.9997286190449929 2.896007568012574
0.9997457175250004 2.0730606471638104
10.754116732336769 1.9312999070646346
1.0061606373497944 2.457253267510799
1.0038510780367698 1.9106743527285293
1.0168457315280843 1.430591580990813
1.0143900383662594 1.5537896260631243
1.0100478938706017 1.6409872476108578
1.0032008706844548 1.6921339113069762
1.0075092259357745 1.6550180289209293
1.0107027629724596 1.5875445862615303
1.003015777240101 1.795476508888616
1.0130157407076175 1.9476319420530468
1.0093547487925632 2.0499235464824137
1.0039448449161212 1.6316912194217226
1.013551511125967 1.721329214797616
1.0063825424667403 1.8465235112821348
1.0161229771815787 1.9875352083610103
1.0012692637219585 1.72280216938631
1.0131217389585276 1.770816872938834
1.012122379544011 1.8548959141956343
1.0085549241326286 1.777960549081217
1.0096605713983615 1.7946118068956864
1.0133185456569014 1.8037162846424475
1.01516457556755 1.924607236962582
1.014680677679559 1.5453450301963572
1.0047090298708483 1.1740541133938263
1.0121318720112336 1.3188473217892676
1.0070917988779913 1.424581372899849
1.0109343985673436 1.3322126789036028
1.018720313652529 1.297411423298396
1.0110455011632626 1.4681024028723049
1.0442639458408294 1.5771564090376105
1.0192832034747423 1.4302625115363616
1.0149593800003731 1.4767939746609888
1.017313233115046 1.5886544613197708
1.006078663550652 1.5505794236996011
1.012668666519198 1.5838265580172415
1.0095019734909694 1.637588214037602
1.0127773795675177 1.4278990277691226
1.0096714210457747 1.1442296318788252
1.0061134164176457 1.067784439964673
1.00189138210216 1.1754617030119054
1.0039682359295696 1.1340018848912763
1.0067984612119234 1.167419784524508
1.0156048536721243 1.2615064398794107
1.0098512601058833 1.315161373517963
1.0116690914853461 1.333494012292645
1.0086537013990877 1.4287541228255445
1.0094307366808086 1.1057123874017285
0.9970532817111428 0.9467147699657943
1.0093051945665683 1.0217038462217232
1.0114421667625333 1.0921012863157389
1.014065252707487 1.1070446710345543
0.998673997601687 1.2212833057938142
0.9951862326122902 0.9585563796681633
0.9990477106934729 0.9467074500041671
0.9971609998649363 1.0535552657763783
7.378331463490796 0.9239042085235027
1.00059320941514 1.9286372338933648
1.0065514195718508 1.6926611001714924
1.0017569947050708 1.7284338079620127
1.0050868399091237 2.3022110715492374
1.0023347185916578 2.5941800001399247
1.000359877118397 2.6946387152602043
1.0038043573251672 1.427592315378949
1.002161156668359 1.6964285810679645
1.0045463874456437 2.4218550303977873
1.0161292424298785 2.877733309437267
1.0024561104446605 3.043406701447021
1.004643203241073 1.935541136421758
1.00730928161181 2.3347599898012685
1.0038220949521797 2.7659960871401914
1.008244097957104 2.9875960523373175
1.0014784996658268 2.4689949584500592
1.0024383081925894 2.6933130988513865
1.0036418369612814 2.8810465279014745
1.0031716064561114 2.7279393613000136
1.0017933658511982 2.795438444860077
1.0005725145615367 2.801472574278312
1.0064221155092419 1.6745120040655173
1.0058108861432518 1.5242460055741054
1.0092820768558008 1.6657352512205525
1.0152209241268448 2.130140490814333
1.0101937650608013 2.2862170190492064
1.0060640446742675 1.2875625892382347
1.013512150481886 1.6844091619240356
1.012105498021632 2.2622990536816228
1.0103049609781023 2.5127805350172867
1.0150203557205917 1.9088113775781623
1.0138394581222698 2.243548826703597
1.0124431824764155 2.4748562846239803
1.0099205238759847 2.3321175983670788
1.0107656119765798 2.429772795866552
1.0062502654778822 2.46212044389907
1.0123867203353247 1.4358101103294962
1.0232117101770655 1.361878027833707
1.020104222159827 1.5627705884751235
1.0122448021405168 1.7818709642101043
1.006199285345655 1.3198351848974899
1.0134454472732555 1.6570762986980978
1.017020035105579 1.8918925397110358
1.0056106930069386 1.8074898797768488
1.0072126327826323 1.9351078748812671
1.0120154626908484 2.0229068559588166
1.0096012135844348 1.2928291893792947
1.0146455928931664 1.2721135368647816
1.0073208949238943 1.4226273413601906
1.0044684406735087 1.418983211708361
1.0085645188732224 1.5244015987382857
1.0107755028975471 1.6531370529637799
1.000949928812331 1.2111977385085353
1.002297616639141 1.2425044095225783
0.9973825998174063 1.3658938955008844
1.0016704641214724 1.162881343271776
1.0004607352988963 1.9276139393688847
1.012382054562929 1.8436842380751473
1.0067492254381811 1.8719401657076562
1.0027546508317755 2.2596964707675093
1.0017782016116787 2.4267023166295063
1.0007254463548696 1.6336664499539775
1.0196848830988023 1.9210484956724965
1.0005009564348324 2.3569707718363975
1.0134805475863211 2.577362974496971
1.0008177983639501 2.124498794584559
1.0056846568457805 2.3991429921677008
1.003165368211665 2.586850263699064
1.0050487973666435 2.496172110498073
1.0058481835100856 2.5860139156534645
1.00123285655908 2.6323424306641043
1.0027119794971575 1.8386706842837457
1.0093644169847036 1.7703510641671336
1.010442793203487 1.9780106838018152
1.0006159312905203 2.191348318149183
1.0138097436714684 1.7303888896608919
1.0066390034736235 2.0580742279295627
1.0094483085172063 2.2814521347780246
1.0040656096308724 2.217084272109564
1.0099005684317217 2.345465407798917
1.0047172964251814 2.4356755436569584
1.0127984711181728 1.6751080535829859
1.014625415267855 1.644217717143652
1.0417136967801723 1.8394679323286018
1.0122449452698041 1.8072490515987432
1.011815864271043 1.9353626068415912
1.0075955824179816 2.069729667440492
1.001742752192374 1.535863108548038
1.0050062297105025 1.5695417997206005
1.0111433578748303 1.7061283156677711
0.9968250572008189 1.4594278296775585
1.0005425345715424 1.9278804992875862
1.0062258431280846 1.886901122206462
1.0112264296721905 2.0053670258829492
1.0038158457512072 2.1777890171004235
1.003027954271085 1.877640700389084
1.0026584053780823 2.1063464850296425
1.004167271799425 2.262167222252621
1.0011149785745233 2.2425981491029177
1.008170235725013 2.3343171985074807
1.0006905285310288 2.4303630414313258
1.0163042612138502 1.8896146534307205
1.0262976036812657 1.8585625393803185
1.0080966843056711 2.0159873820058296
1.0021633825046674 2.0143983746311855
1.0202524080273334 2.111240509194009
1.009830391875713 2.2453743941258906
1.0052452545410206 1.7884254370539499
1.012115550008169 1.8185172134034704
1.0148823021743723 1.9592093663039973
1.0031789717231505 1.6753644314559424
1.000521048558883 1.9285320005364401
1.003991361122071 1.91061603996895
1.0022754037550494 2.0183614968800936
1.0006573331280342 2.0389057768657355
1.0101606230324922 2.109449068142672
1.0005996350604982 2.22268326647292
1.0035339689211726 1.9041519528437565
1.003640873466057 1.930178939616611
1.0061304553741912 2.05409063225948
1.0113544974243132 1.9008240573570316
1.0012343619571342 1.9270501009454981
1.0069091796006868 1.9434092565859917
1.0027659625930243 2.05058885047341
1.0040427146309996 1.913092952349168
2.244067120700237 1.9291383112607898
