78380.59125220178 0.4325072097670973
1.418134610863476 0.4776996476374757
1.4786925133738986 0.37288279829204063
1.442132619506539 0.4928846200642545
1.5771094008045534 0.6380118680393606
1.4446746679902076 0.5017164194827419
126170.3931455673 0.6921158411917032
1.52203035292251 0.44918965621965257
2.267706338204452 1.3535174380322865
2.3377863759098214 1.4226591908138166
2.31491381874062 1.4374840947613534
2.3437019659705887 1.4528671606924326
2.4676105170303013 1.6649667764158824
1.449458179731781 0.5177516391321352
2.2819773477532084 1.4136546081682304
2.2877593957386972 1.4273667633482323
2.3248503090625228 1.479287168968307
2.455680697711312 1.5243892189833645
1.3996276686795137 0.45741560582913793
2.2720909903153608 1.427739712224576
2.310789785801556 1.4576597526645587
2.3691960062471575 1.4974473778557489
1.434306907929826 0.5017297895963908
2.2832050004907014 1.4731260253913867
2.3534733845175912 1.5348156154684818
1.4234023866160972 0.49331725495432144
2.3355360573395343 1.5139058198020876
101143.54871641377 0.5620827280177313
2.309657325319824 1.470119764607288
2.3270330846086558 1.4821834645627243
2.3219101450985864 1.4931813393369704
2.3040054092119417 1.4580096119367323
2.277254724667757 1.3959440165405121
2.3665689247225234 1.5441185073474424
2.2970799181124626 1.4439343587554148
3.1749238874100207 2.3850250503000288
3.1686067232213886 2.4080554817800013
3.2101376715695022 2.477550234627758
3.1944986439811394 2.399314269844988
2.2745707464953355 1.3378266536559011
3.1754274461680803 2.477464214250417
3.16694187482958 2.455296912041301
3.1575280339216563 2.385062421408529
2.273806174288035 1.441480356123038
3.120609070056256 2.4351370487019426
3.1446525918384256 2.41216340970005
2.283514416321534 1.442055262694041
3.1083594797088088 2.389354194950701
2.22600763770348 1.3659135539052276
2.311234803168447 1.4427038993582395
2.2484540781940465 1.3690620749672733
2.2873365500392717 1.4963878898377942
2.304809087625455 1.464030734524476
2.2905198184317292 1.4638954247953895
2.2776644369939874 1.4692427164498771
3.122569924746415 2.4338911350054593
3.12389301108035 2.4167719842529847
3.183987791856523 2.4964437064419713
2.250896094432992 1.4500559348276276
3.0909005040001842 2.3661804561053654
3.1204888479047383 2.3899879632123375
2.2160716998870202 1.231781864685061
3.0917799502131396 2.3444768217155842
2.222226714261461 1.3785340722973962
2.3147075541080167 1.497296268104081
2.241745018963808 1.4541740936417682
2.3021404687046476 1.4146227779910423
2.2219108623883397 1.3349101539297348
2.2376117925279604 1.4624873150111855
3.068381608341074 2.431959355010116
3.093428154193389 2.4453929803776
2.2072364722749507 1.3386220503844974
3.0600453068054905 2.3653048606109808
2.2163032970552043 1.344708832983102
2.235054585966263 1.4389509359538453
2.2008946952431483 1.4079612761225753
2.18656572202499 1.1849933884409756
2.20350524946222 1.4266881341796793
3.063920788656499 2.429699755056906
2.2059304741361405 1.4289778680844714
2.22519992396068 1.452377091634816
2.205681156761351 1.4112786841824425
2.194721139544839 1.4049857022107348
27852.050010380346 0.1430143253104788
1.448306543470452 0.49644097710692325
1.4459408943805458 0.476295070044687
1.4154501002238347 0.44136893463508076
1.4286829419352598 0.41379995539908715
1.4471026200062365 0.505484045140032
1.578693787292491 0.6460403868399316
1.4054047689313547 0.439152034677955
2.357670394369836 1.5417697271028699
2.3117726726446914 1.4422621440235976
2.3721153112397797 1.5165613126163016
2.668431064914171 1.5812813406087405
1.3922095472352511 0.3224429324571216
2.2874194961970007 1.4412390946960096
2.320683407712281 1.469310679109346
2.4004756969911325 1.553069677659417
1.4260595191431396 0.43829551192419475
2.2951633111872844 1.4778015705819396
2.383757663098838 1.5506291029146473
1.4102907715645652 0.43610427034495947
2.4135151732270517 1.484614665324167
1.4843654169140734 0.5066029063755295
2.2870584796862095 1.4265192951556127
2.3215905583588623 1.4949686947368117
2.3047149233419315 1.4746975988260742
2.310104260769943 1.4290600617442173
2.3091703868836 1.3409527444764646
2.299017247525641 1.4735243584727242
3.1894277174170993 2.4206692186740404
3.2296761090159345 2.465604121706212
3.165128864017294 2.403206056923382
2.3607340236258 1.4752661432445606
3.1579415630795546 2.44409677304984
3.14983015073294 2.435885712286064
2.276493191715579 1.4102223205120397
3.117420138666109 2.4007278519568436
2.245445171107482 1.3849833933129054
2.331110556745689 1.4589570176220685
2.241333877315989 1.391112311140795
2.2602292127410837 1.4160267294591042
2.3002853097586056 1.4541213217270208
2.3682631864391688 1.4283535608213256
3.122412457567954 2.431136102063918
3.1377068947777436 2.419661276513486
2.248168875192886 1.4148228759642483
3.111592366526423 2.4177870189638275
2.2300861594575423 1.3814460222510734
2.221229863152444 1.3883592346002178
2.2842353196597553 1.4749031465313698
2.246121454037859 1.4241944805655171
2.2786624644589013 1.5086662238934654
3.081751904361283 2.376002574477124
2.2814215857381086 1.5087104844209032
2.256108836544445 1.4857267970479737
2.2309649345442053 1.4825615227201858
2.223733515221614 1.458331059548542
1.4025564865469011 0.4657962378074356
1.4019281020379482 0.23174194108936297
1.4366149289901013 0.4726873771274214
1.4987841902408858 0.48047498172000924
1.4532768226870432 0.4466663006470994
1.7296782298418671 0.8136060739389627
1.3980926387092163 0.3985877877008171
2.3298086399201656 1.4601931816404596
2.365826634288112 1.4527242406348457
2.4773341030735754 1.508808665111799
1.4246576897780727 0.47681300410156574
2.2980225685074194 1.3862047747138384
2.4409507056947852 1.57215826880278
1.5049923257311613 0.5338292389096112
2.5434917912972663 1.534579491979554
1.5373983555005148 0.5457129989352815
2.338490026728413 1.477220225356457
2.3471518150443256 1.4630495662698593
2.3157295779099387 1.4368303652860708
2.2732494666995473 1.3522464016643125
2.2750743747890203 1.303343495911839
3.2026997956053886 2.455141827855983
3.173986158542438 2.3246923764573433
2.2659901878292024 1.3847445125008786
3.2474705843780947 2.4804032247295096
2.2727614505169487 1.4100344046803392
2.3229089027830927 1.453820606650485
2.299966366174127 1.474272441052367
2.284701610812947 1.2806133579754988
2.3584578629759925 1.5795838117235483
3.1252964020173026 2.3525365689605144
2.239081325986988 1.302704128252522
2.291458516872135 1.4232106342159243
2.227286268148349 1.377354711495165
2.1934244374155174 1.1895775731190954
1.3499471853939595 0.41934093952216467
1.3852290292341447 0.25357197916332846
1.4257987381553958 0.38133899652323466
1.4283960093706483 0.4153314451703968
1.5758466624301959 0.5210154554489645
1.4705442469356909 0.4903823358915536
2.349744245814532 1.3824206205048897
2.526215286940325 1.581204254285887
1.4733662751729857 0.5146292691713907
2.43645735285532 1.563610061601636
1.72245877887292 0.7435544308863253
2.3221066747255623 1.417248022285553
2.2949999828988465 1.343214082985031
2.2558730363478237 1.233023515410903
2.3224177853387244 1.4017977829989163
3.233247255172759 2.477950357229488
2.342181652232939 1.4582466546021882
2.4366757578255847 1.506722459522263
2.2955137032781736 1.4292582312579338
2.27606212910053 1.39596467246295
1.4064074292805278 0.4635755825905696
1.5144109153896708 0.48096417622572096
1.4732783324460506 0.48365307917446
1.583721888513192 0.5766342643696114
1.5029528134554546 0.5093195339327712
2.4676959814900554 1.544441405876495
1.617666389243234 0.6015365043326242
2.3589977137947344 1.4177112940835364
2.2992230548894677 1.3317302962303708
2.3104216306059513 1.3743992596865064
1.50122800659069 0.5013292655028805
1.5259386463215354 0.4724802106492227
1.623115554783797 0.6241057427468888
1.821561949114106 0.6689623111833622
1.4819901194213476 0.4832048469643544
81475.85059792615 0.30551272940465807
