1.0000012330593726 2.41538747132274
1.0001369980746178 2.40811684779618
1.0008419489608023 1.9495924243084317
1.0006837363901906 2.543089825318889
1.0003130219287375 2.7561314577028106
1.0009293946636946 2.909682595667391
1.0128188306400394 2.937929847040012
1.0005018575753546 1.3128238297140142
1.0029163749399423 1.9365150028681735
1.003834640017558 2.570087213711374
1.0020976969795632 3.067028114471889
1.011670643315863 3.5880303801633437
1.0046718774431966 2.7478446894919193
1.0089499793973724 1.9339297066471468
1.0027613378122042 2.316551636981691
1.0036290746934937 2.385544467207148
1.0054046060323496 2.3223220989613025
1.0010343771248555 3.1665808986467345
1.0015763687471355 2.4291253401504314
1.0009301756037148 2.7134315573696632
1.001515974556811 2.0724553068836187
1.000433830845834 2.960485803242312
1.0004154504736256 2.363225523974112
1.009211382285242 2.901904864550242
1.0013635051184209 2.060065069794966
1.0005756397891266 1.9227739904658057
1.0024636607838646 2.9462534329359125
1.6444492617756648 2.847967143792233
1.0141361738710484 2.4554327994067986
1.0128630452065865 1.9118262993416366
1.0081051799359122 1.4277015735881706
1.0077188849932326 1.5546381144283385
1.0085577386107818 1.640638480403863
1.000829981093927 1.6955376849829964
1.012215582774813 1.6596333495326716
1.016358565294021 1.5866091289203066
1.0132243133476215 1.798098102281069
1.0050402796722535 1.9514049861274698
1.002637634568227 2.039590380706157
1.0280563728558427 1.6272431997412058
1.0204499788353252 1.699637742772004
1.0144326654939655 1.8546899824501613
1.004142270515869 2.0049729681920474
1.0081333725444341 1.718914014822174
1.016256228809763 1.7580635749256928
1.0022121788973941 1.857020429770925
1.0123030042072583 1.7749123997747684
1.0058255528723408 1.801792792142651
1.009047483937148 1.8072109655758966
1.0136268623203804 1.8756059148827915
1.0104911522306936 1.5448706846262028
1.0151130043663263 1.1713901669850315
1.0058549230414153 1.3200970410425485
1.0041046464247922 1.4248431456082775
1.0033140396271367 1.3420441858410546
1.0248851377348063 1.2937957845124126
1.0192888901433688 1.4371528762620023
1.0122987187824288 1.5797872550316874
1.011940242336534 1.4232311857291493
1.002596800804381 1.4775295010405123
1.0094529014612408 1.6425550899785974
1.0068285144179259 1.59237002577451
1.0019285148588386 1.5841861846077896
1.012375389921223 1.6347400272286747
1.0197495246597992 1.4247493305912289
1.030061839177955 1.1401042102076455
1.0065612357125258 1.0697211702149216
1.0018003716915636 1.1870588150537658
1.0118032662930534 1.1361798461119428
1.031416441503151 1.1724515626212193
1.015569420668442 1.260141292284756
1.0063723384129422 1.349223039471767
1.0059435271851 1.334777688215447
1.0022431976648354 1.4320054688775419
1.0012917897772977 1.100533055272938
1.0061558747361345 0.960813068068313
1.0046081215550893 1.0147430093469003
1.0021276528201442 1.083365638410037
1.003665098578152 1.1087002994426174
1.009260525027482 1.2262252361773327
1.001477948107019 0.9601807037697403
1.000309159313384 0.9472737204634365
1.0004849619598233 1.0551129465332065
2.280914824337409 0.9368619384363975
1.0039312652924524 1.9312401291273407
1.0066948500612802 1.688172135793917
1.0082936633576811 1.7230671356515985
1.000727381941709 2.306448532031751
1.0042784621964462 2.597141551051644
1.0030061933853542 2.6925886870366966
1.0088453498704202 1.4361017949370303
1.0096980427215987 1.6962688395576224
1.0080465780268693 2.418114139024712
1.0057462864043625 2.87131472961086
1.009226025962407 3.044844969478679
1.0031944799353516 1.9327729159754288
1.0093369528001455 2.329022683644617
1.0135561912542912 2.762479942949062
1.0083910050902534 2.9851690072033303
1.0050230967780025 2.464933654641201
1.0127123557762474 2.695940348673127
1.0140517046380453 2.850189786134429
1.0005249392168192 2.7268184371099364
1.0102317760188275 2.7928727595365084
1.0019108393373803 2.8035475271561188
1.0027770151670277 1.6862894916302014
1.0137466711139158 1.5239332312761429
1.0139517911983051 1.6848889544941823
1.011274613206239 2.146128356670743
1.0037613440000839 2.298543759617502
1.0042669820733263 1.298850264473213
1.0071289042396712 1.7055143713665541
1.015529425350209 2.2617436838099922
1.0164459337265825 2.519824973382811
1.0052577304521833 1.9096131395467801
1.028875342914873 2.2418341164218445
1.0098976142865113 2.4947881693886718
1.0183750474248234 2.337515467728025
1.0194625764960694 2.4429417689596162
1.0053673012688986 2.464758845023321
1.0047396194657738 1.4376596853219783
1.0127758558036286 1.3594343381530085
1.017162348070331 1.5712870611375163
1.0083183564095797 1.7860905496905193
1.034560099758657 1.319977486590842
1.0172887794465535 1.653127618776804
1.0286391820361809 1.8841579266271717
1.010632974450886 1.8128617460383962
1.0360203594064037 1.9390698232334431
1.0179490654950336 2.0229704032438263
1.0229093254113455 1.3007634095934903
1.0237167431752323 1.2812581941014018
1.0143469183446494 1.4271616602927455
1.0338903572407672 1.4271858672750424
1.0248861915855596 1.5279709494535934
1.0063185413312554 1.6832206915821404
1.013259699730683 1.2240043234329905
1.0057933656984939 1.2420050487749792
1.021380976323863 1.3743544420433886
1.0050319976713211 1.1647231141023595
1.0185073831496423 1.8603138459395077
1.0111992515311925 1.8492288147657094
1.0096757832442487 1.874649401524418
1.0026238582030158 2.2611391699211842
1.0044645348116281 2.4089164628373596
1.0122553641470395 1.6363213317143637
1.0012470020078756 1.9061068796511034
1.0158745889877805 2.355249972164298
0.9990577298592955 2.573280714043351
1.010797134704734 2.120712170614637
1.0180371253796028 2.3936568162989467
1.0175495451378735 2.5772668194350703
1.0191326139844061 2.502624628796827
1.0036028822872645 2.584053115116297
1.0124385583829176 2.639248246736664
1.0154922324871791 1.845003526901825
1.0075103553959581 1.779455730700243
1.0151715393065381 1.977969692256246
1.0040959124366369 2.178147578371976
1.0206788546316612 1.7269918283358598
1.0120795833948988 2.072364307340113
1.0057593067957469 2.290924141562821
1.0121996124137502 2.2242664630837967
1.0081898409102035 2.363614366544888
1.002004925841428 2.4341448052244505
1.0029619448182507 1.6819053316034673
1.0180702778847641 1.6413804706287571
1.0025215823357956 1.8363952679854916
1.0005055300973906 1.8166160787987147
1.0108655699008606 1.9366237103079138
1.0107442580837482 2.070105870364812
1.025692520399258 1.5396980567019305
1.0164502505666015 1.5740704286773985
1.014305051212366 1.723088575256802
0.9997117592120427 1.4342282029042024
0.9980907388345001 1.9273621623967787
1.0028696632672005 1.889830181384501
1.010391690219301 2.0052622074055906
1.0000820315203882 2.1761970914601845
1.0084477893426484 1.8832540541310268
1.0029631750288106 2.10017999027622
1.008591761355296 2.2609435571819354
1.003985050910399 2.2507279874452983
1.010880480016979 2.3146445762681136
0.9988919581238804 2.4212610424691485
1.0101122590362541 1.889382839558107
1.0169810065314502 1.867427953064374
1.0106417577473743 2.0263935760523992
1.0063638171468712 2.0162012673912644
1.0014618517343536 2.116940254451955
1.0075406013460917 2.2492578069347804
1.0131406986832827 1.7958073656261868
1.0195794797437783 1.8191279344892959
1.006062904754835 1.9565658702185522
0.9982203590153591 1.6825115148906136
0.9997915176489943 1.9276162950942048
0.9940299603086776 1.911124488727276
0.995742214681841 2.0203400003453806
1.0033540082379218 2.0506336794834645
1.0031505142577044 2.1079256742428996
1.0004980177622942 2.2224637979585395
1.0020469675034591 1.8893897551728709
1.0000472760384103 1.9290619651487244
1.0029732239978528 2.0759141459025727
0.9993225167825047 1.8460743609924846
0.9917464539424796 1.9291080594066787
0.9932619824551165 1.9453180275459374
0.9964581446931616 2.0566004232102477
0.9955550660729364 1.9132960995666999
1.908556420867911 1.9315683362246614
