43960.132256433804 0.21980714872807033
1.3020190576734043 0.2255445853677305
1.769349552704289 0.7603572780164883
1.930269270810356 0.9027540640341343
2.193703780095565 0.9936631902814508
2.185145449295822 1.1786267522522813
239030.82001781336 1.1812961963373638
1.4490075405081213 0.2911543021660977
1.7691237754221198 0.5670951695774362
2.2618470257648946 1.1622510205331595
2.5872814840547766 1.4687605417355196
2.7445681607453096 1.6310998852130558
2.833698176512627 1.8126179894394268
1.6985325066116461 0.6847155011618857
1.9435880637765917 0.8981940793299513
2.4415582927366613 1.4548471661825362
2.527296654146668 1.5238252814293765
2.6625089438117366 1.661803856227497
1.962536932427601 0.9685373271267367
2.118962955098466 1.1204171651740253
2.287834772282351 1.2960687639836999
2.420032782508902 1.4248957753269764
2.109401449866207 1.126386349327124
2.200594766776539 1.2256289884534233
2.2625636436305414 1.2906367894614046
2.1784825967928088 1.2135427903259055
2.193334474343965 1.220401914214856
238855.70220544646 1.2039955591418483
2.190529268567051 0.8878618557718668
1.9006781465562295 0.617222957735722
1.5911334316387247 0.5573655207350221
1.7305167519450069 0.709962254767232
1.8991951316686548 0.8875866279663213
1.964827513635126 0.9614581494158897
1.686393184550511 0.5068323453142993
1.8423230066982144 0.8020254543918898
1.9285574167318635 0.8446503688581857
2.1560884054825387 1.1345757131819771
2.2702258893155767 1.2415172731825157
1.7914401581023807 0.7724258646464286
1.9031787837805691 0.8970958977971569
2.073408419571123 1.0796024525912493
2.2565124815277553 1.2547493847675402
1.8934373155662487 0.9016992448198562
1.990310196524859 1.0104497114047253
2.110064378291722 1.1169414812676721
2.0067183064278913 1.0290909553690182
2.0499397265840624 1.0785078075377772
2.0563396994387944 1.084045839775084
2.0775939833167145 1.026843383024963
1.748396785185071 0.6770258261259793
1.4547949962061741 0.45392190009042466
1.5996726776999919 0.5865777433662478
1.7111003538867364 0.7146897480387334
1.5471456409529698 0.5035955282240512
1.5440470452490564 0.511060731406539
1.6937680630605656 0.6897559909453895
1.8481546925944075 0.8205280475245632
1.7050896860194396 0.7046568780591347
1.723633017614406 0.7258734369371366
1.8546419694755318 0.8602302334595366
1.8036600512582823 0.8096257057029874
1.8523884043772294 0.8689162018772156
1.89732566005388 0.9216762119427169
1.710373910785553 0.700927744986553
1.4072560193414296 0.386157092556976
1.3426372735672278 0.32943522811520176
1.468428288479893 0.47094664564817046
1.4044246395000877 0.39043864350216434
1.4449185285553834 0.4351888387603794
1.546591000816049 0.5399485211420769
1.5669466341207126 0.5611558771722557
1.617902145137112 0.6266591915349559
1.7064708111131162 0.7120776891852004
1.3871214615984395 0.3815147863025652
1.2440871364196109 0.24001747552740313
1.3052391652438884 0.3051425880929163
1.362180253641531 0.35014025351961164
1.397383197904183 0.3996569723977749
1.5114078463149925 0.5173536940736765
1.2486954188999844 0.2493383872968244
1.2347428464531272 0.23585703060744787
1.3431163749822987 0.34311359335806796
43969.356994460366 0.2198656444817676
2.0774100487761444 0.9851867309854525
1.8792831605917266 0.7929145332693489
2.000201934991345 0.996836166005195
2.5777868020641757 1.5733314323690268
2.8581897594024968 1.8032995607952143
2.950030364976547 1.9273688259849102
1.6765622719122235 0.6606726411309467
1.9288075322878695 0.8818904966676964
2.7415440499090145 1.736692435290569
3.0878588461878156 2.037163304023359
3.2297123083555936 2.1767534445322387
2.16893188423371 1.1279258851546365
2.5649778718220295 1.5478242081715288
3.0175757777251775 2.0266286775829943
3.225006791617084 2.2264906027300677
2.7205082105033878 1.7279248888638565
2.9509682911329986 1.9877260134021673
3.0900464931897647 2.107000859961654
2.9641400270929585 1.9984768795842751
3.0327003509221315 2.0752548678469753
3.0368170044698264 2.083409004198443
1.8959887761566958 0.8714333564993559
1.7754334314153626 0.6857096984909796
1.903321866138456 0.8740927605431565
2.3518483302677957 1.31213109781591
2.4751774838300813 1.385462908499275
1.5345778506448013 0.48581653177690115
1.9348402017621902 0.9235736337660923
2.4920796949939517 1.4517482462681013
2.7128473026137314 1.6762396358845346
2.1562361495261095 1.0562613534694445
2.473263836263006 1.4743908633942095
2.685576471774369 1.6365268323211226
2.540497290911386 1.547701911478767
2.637467512375662 1.6450385267259664
2.615543372596968 1.402978144064725
1.6847857206747072 0.6469980134963567
1.6291181245721096 0.6028208970776747
1.8281331076971772 0.8155684906635312
2.0400829479490588 0.9927637746570084
1.579748588407121 0.5512331681271361
1.9197813000917154 0.9027412623065854
2.1365483052854897 1.1090327287016728
2.0629348835810686 1.0609337690553242
2.1834076684719057 1.1673503184009633
2.2584633511223142 1.2555793393740156
1.5697063744827977 0.5613611007438738
1.5471216770818965 0.5441416407149225
1.6992974096104212 0.6921969767520877
1.6914190231931276 0.6760068554670104
1.797345914287027 0.7903139241135746
1.9179258521435782 0.9153232095152902
1.4939245431064776 0.4843014277698175
1.5190450765159147 0.5109995878351702
1.6422926443771195 0.6246515179172615
1.4452339770821179 0.43973975633603324
2.1924927945096466 1.1788042018529987
2.1336125852006176 1.134032638782349
2.1403571251137095 1.1204428391456625
2.531886176651373 1.522477685827518
2.712839148909178 1.7187750902670604
1.9011182879052986 0.8883188991240044
2.189642809906819 1.188594004208852
2.6171429007482923 1.5940130104540886
2.8270669959945955 1.7989362932001645
2.378481508123206 1.3576675449795814
2.6570750774507705 1.665035687500436
2.8480382639595585 1.8525668138387457
2.754389951819961 1.777725501854785
2.8395426006848346 1.8527678678797366
2.8816407447802526 1.9061476516209452
2.116618003911471 1.1107239974169798
2.0440553471189578 1.032397751651847
2.251931571728473 1.2487499741614712
2.468049049091114 1.4690654034405703
1.9929914003893294 0.974930366690071
2.332297319490985 1.3083666022203817
2.5626480162233953 1.5458742895262656
2.4836887607975084 1.4859896745695143
2.6119375064917003 1.6219114758404753
2.6836924270492277 1.7033708239285072
1.9550707011297355 0.9510343189823867
1.9278750459932654 0.9284236291434071
2.107476998480778 1.1003219422345214
2.087632049265998 1.0770973824015848
2.2114944822376517 1.2010146872538434
2.3345559972406185 1.3312235758975888
1.8183732321114183 0.8093762940034341
1.849638809262788 0.8468960852140349
1.9846360978271833 0.9778168383968104
1.712338965310975 0.7063249095353495
2.207786207773669 1.2043782493925304
2.174935610653234 1.1721632435617702
2.2923077783184995 1.2912189196595123
2.468666231863925 1.4663506799916575
2.158453998332135 1.1442281751188983
2.392065970265127 1.3923242790435615
2.540646869876353 1.5414386794076662
2.51673750211862 1.5241414779646836
2.6074796769980253 1.6166660916994973
2.6938849100530486 1.7137007819208443
2.1688144545183623 1.155808260909085
2.1448241469932423 1.142690054895537
2.310957521180326 1.3106846109332468
2.292778425270379 1.287231779258415
2.3957895508586926 1.3873187038394672
2.520767799708344 1.5245435464901855
2.077173869200124 1.0775750619544815
2.105195644575831 1.1029626038157656
2.2489258019032032 1.2504431751150746
1.9634373752312047 0.9622504835630263
2.212487200027212 1.2105266387493634
2.1967674593585276 1.196782367897389
2.3037231193605976 1.3025330184966735
2.322458196761189 1.322990647338611
2.3898471416639575 1.3850297984620479
2.503587266711397 1.5091851606979838
2.1889102410954635 1.1793228005600889
2.2170577356735763 1.2163418373109767
2.3405814028177128 1.3339418326229706
2.129369790252978 1.1264525915112555
2.2167903304862446 1.2173290834929742
2.2346297684912004 1.2347096391132155
2.3385476546301227 1.3352958599187257
2.2031112703864633 1.2019222919314392
243926.05338737558 1.2197545433577828
