1.0000439954473215 2.621148002982816
1.0024457090378316 2.162479464679326
1.00082520298944 2.625554733822121
1.0003907025084593 2.0662091868523627
1.0005229701887943 2.2248045997093344
1.0001784560491487 1.9266407134377421
1.0158864160759344 2.9127726222109405
1.005710793516837 1.343908359778375
1.0060333913206898 1.9325304201604236
1.0033735641160115 2.725958147280963
1.003025260718759 3.052094680492044
1.0024340533824108 3.519944043948164
1.0035334447880266 3.307234786862887
1.0087217436272042 1.8576358922229268
1.008665349029675 2.3168019725295244
1.0033986506154995 2.149428227995576
1.0157990732909428 2.8606531976018887
1.0043370902635669 3.2921766497042095
1.0022094196699958 1.8191976709917608
1.0070991664530038 1.9655839748181063
1.0014675826464312 3.004744438903236
1.0001288174020502 3.1138177769249284
1.0025535602920357 2.753593804536938
1.0024441404837703 2.4170258696731777
1.0074924548062065 3.0117770917113855
1.0022418037565801 2.8066470645167785
1.0035373517415414 2.4613196553586567
2.2044383165842873 1.9468110379628014
1.000833480580633 2.4539754228818773
1.0073519878354835 1.9067971213222155
1.003375588564251 1.4229067422452235
1.0059353978526129 1.5630170775837349
1.0052016848438352 1.6373089696701966
1.004403275474402 1.6922232716419363
1.0068382821501938 1.6507834107102946
1.0076967611747185 1.5730435482624574
1.0078026723391236 1.7984447603631748
1.0051435590109297 1.9529084099263034
1.005542543931417 2.04094620673616
1.005970648747822 1.6332200661562375
1.0043397128848972 1.7072934396708621
1.0156136438306953 1.8523396164723773
1.0102519388492104 1.9873035931983605
1.0048798241786467 1.7254845218085682
1.002895046739462 1.7582990138339034
1.0047789517063868 1.8532611419439513
1.0081024338389177 1.7712200185669844
1.0017355549713591 1.7956487819915035
1.0029167288098877 1.8015892317770366
1.0079475904542479 1.922697017011124
1.0034149040907216 1.5417609579099567
1.020050352759376 1.174028855023683
1.0035447036563248 1.3173763868025796
0.9994630949628648 1.4224256146049914
1.0057758067517817 1.3330548297714377
1.0045795283766024 1.2940214371385546
1.0168943718975652 1.4372937834735477
1.0046729240529224 1.570195008258882
1.009472939021646 1.4260337090247002
1.0174975102231145 1.4669324769154406
1.005875048778034 1.5814236102709778
1.0037364822049188 1.5594115371991522
1.0084712254557437 1.5872371078146938
1.011561582590012 1.6296152561828556
1.0067462949561736 1.4290397576674945
1.003822881736671 1.146493653856165
1.003605249773575 1.0670573276593731
1.0005551824765215 1.1780376431575301
1.0049467159962526 1.1367019349728467
1.0015149612505572 1.168172144571984
1.0139039684887858 1.2623359491116046
1.004275005175978 1.3033393262464341
1.0096313344355679 1.3356543363638307
1.018613266524644 1.4113522672660732
0.999597026664857 1.1158513033093336
1.0021589162079365 0.9528175900914106
1.0001821081921436 1.0154139886452358
1.0019431102969603 1.085159143934252
1.0023527455923957 1.105240293527798
1.007135529600525 1.2206645388911959
1.0001182550488388 0.9580308253578169
1.003033870166552 0.9424998001929135
1.0010636873845433 1.0558475459185288
2.6456080416050862 0.9275160294222207
1.002191684865346 1.9297576233878062
1.008445038288307 1.6820792830011135
1.0151785546663628 1.7314641226427492
1.008870685945488 2.304444816757642
1.0072472928247356 2.5969059724440466
1.0066312949228335 2.6898921546840433
1.0108334526995193 1.4252202249795598
1.0143302370062068 1.6908834925772638
1.0077997115991182 2.41172435768041
1.0113494802104308 2.87463345023064
1.008845991344148 3.044591813749757
1.007601898375696 1.9323544452438126
1.0135662392000775 2.323106225207363
1.0168545745410467 2.7622169152279445
1.0065767654180395 2.978286005673306
1.0174468907849679 2.4692665355149117
1.0216962982576934 2.689642983360181
1.0223983974662934 2.8645223636884323
1.0105539515777262 2.729453194014501
1.014415526633398 2.7961985250510386
1.0083840005544134 2.803243922957987
1.004785607514509 1.67995896654556
1.009043330330552 1.5185239629846534
1.0081110654091878 1.6693894329832557
1.0057304155491331 2.1221677529942014
1.0099838903568128 2.2958750401786268
1.0198386159319324 1.2833792754718498
1.0174185075221054 1.6661515058512633
1.0108567010468759 2.2596645621947995
1.0266271324291538 2.507866889743348
1.0214661607673092 1.9107964298224478
1.0213173099321895 2.261342105511525
1.0160141295057437 2.478875389980152
1.013527364383771 2.329730440833073
1.005162693614171 2.4353146619851556
1.0053503814703342 2.4626574709740843
0.9994966401961058 1.433064567682564
1.006407892522085 1.3671386708026458
1.0078907238967194 1.5699254552013122
1.0068090008513026 1.7772743906642476
1.0076738002040184 1.3152970622041673
1.0102466856301309 1.661907137014431
1.02545878076503 1.9000516683892024
1.00618059549155 1.812817247577136
1.0093045724417424 1.9395552330611165
1.013248513231871 2.025633234365186
1.0085978982841595 1.295030700902931
1.0043250174767704 1.264976875553771
1.0047684011239122 1.4268978544046667
1.0084426049700952 1.4200697351980027
1.010024405892106 1.5364933327750108
1.0117854081948339 1.6468508069275245
1.00419647001243 1.219168855003894
1.0060434539282035 1.2373268515810656
1.0058930668785488 1.3840799241575508
0.9999614579343414 1.164616552308641
1.0122518317465428 1.9288007988065623
1.004805134398746 1.8428843955749508
1.009069175740654 1.872821083272091
1.001525214620837 2.2617165434839386
1.0110744852930835 2.4255585020517554
1.015613895482126 1.6326585104930773
1.011534734906222 1.911788512699913
1.0163235354050044 2.3600324688287975
1.0100300489956437 2.5652259850658665
1.0113874320345828 2.12045754896306
1.0151905402363506 2.391852276179777
1.0105552321184246 2.582849011058294
1.0198596850822832 2.4958727444698443
1.011348686622017 2.581776462750379
1.028847971158606 2.634574242266484
1.0030543048365306 1.859367053299278
1.0169947059620568 1.757315652184881
1.0120499830571386 1.9729277340611724
1.0287548491616163 2.2201131514958155
1.014241312012616 1.7321485569146167
1.0155216400621303 2.0648814987065665
1.0099737581878039 2.290143632666431
1.0346538991337972 2.2156373532541425
1.0208964864235823 2.350299658244563
1.0138191513906334 2.433382760266069
1.0037719315604126 1.6767357694992302
1.0046013930902529 1.6438303083456114
1.0128968289753375 1.8276774573237302
1.0135263278331081 1.8123752889600828
1.0043953352724824 1.9401362485323514
1.018289046444318 2.066352568104036
1.008820861489095 1.5368157997149494
1.017428453980544 1.5671112698999825
1.016134364667875 1.7060554374092352
0.9997908876638415 1.430870584302061
1.0111870692167928 1.9231756520484298
1.009588462183782 1.8880004096300511
1.009707471901964 2.0111585026845633
1.0066458365305564 2.174954626307683
1.0119044897648621 1.8757935713180411
1.007695922980444 2.1025814314814917
1.000969073057197 2.2583715032396863
1.0167318963439271 2.244947991001051
1.0092211145116878 2.3325533413700605
1.0070231849765865 2.4263122542335602
1.0107254539903223 1.8843316969843542
1.00613071034204 1.867715743633244
1.0083471208814354 2.014116585206042
1.011930316897068 2.0098554581679813
1.0034819416737701 2.1153321636019204
1.0190787956888039 2.2602793724799746
1.007057429144973 1.7899792549141194
1.0064382903075182 1.8159452217776455
1.0112667599695382 1.968205850394516
1.027658924566564 1.6895419539738292
1.0273213681626734 1.9292886305131005
1.0025690626666655 1.9134748336525074
1.003088410212609 2.019011039753074
0.9976264190578773 2.040205793769874
0.9998389722467201 2.1065009354397475
1.0127128891828092 2.2720693864573716
1.004994837835629 1.9064589806546
1.0026812548356188 1.9287085957405221
1.003633242797986 2.0539290320415104
1.0044297588685769 1.8474630648264911
1.0000483279845465 1.9288881934854234
0.9997561101804913 1.9444893937584895
0.9973882293894262 2.0758919044766935
0.9979789933697215 1.9118535592804191
3.907161101845233 1.964821027038037
