48553.10360310647 0.23507480043478757
1.4670620286903187 0.4834499786071656
1.4204211026491986 0.3773447436272322
1.410348304381495 0.4270733848327767
1.4896380306408805 0.4612869160874691
1.4973927288694608 0.5614538806990517
124005.21111306644 0.3768373213507335
1.4273249353299824 0.43502352669540567
2.334478606127906 1.4388488034314961
2.3209119543811303 1.395781770879459
2.3480186681854334 1.4774134595235573
2.3661797544398726 1.5443207084799044
2.45218856706199 1.6121437864556811
1.4426232235820342 0.41348473296511856
2.465768387963993 1.5970247565017845
2.3455752630073046 1.4890757545677817
2.3251725823286926 1.4532190337639836
2.5741181918080978 1.5025142372885303
1.4669158882485331 0.5213873675632668
2.409346070713096 1.4917984241186164
2.3276914271856755 1.4573122885310978
2.4308450365067165 1.618903284780468
1.3871114380368836 0.3487346233136633
2.315496532011709 1.4321497565649104
2.4289326356483327 1.5608393519037032
1.4566162654775947 0.5092159890031027
2.3493987144975916 1.4485852309553882
81879.04326668542 0.42576470209026124
2.3631346898309316 1.4066066894782336
2.4152285642337135 1.5453071699873753
2.6216428333846693 1.3923601101675773
2.32232265325891 1.405943263960197
2.3506796587371346 1.3923206922763736
2.289294908521792 1.436195787742967
2.3353088071251804 1.454085009522778
3.325899397202957 2.584834261951916
3.2166518134197517 2.4039739769830932
3.1874524495427474 2.427529920289881
3.1893069137885 2.3861955029937865
2.3353063283544944 1.4193234698186634
3.2210070569392775 2.41397667484821
3.2147257037053985 2.4508089868785685
3.1813361617048175 2.411298903951893
2.3325458433697124 1.4713021666792123
3.181974550566349 2.4131829984419007
3.189831199616333 2.4298968671862835
2.290659211175342 1.4268775274945042
3.191408839619556 2.4705974560413226
2.2861359131543417 1.4191437749138776
2.3864156444725126 1.472605111832023
2.3322389049331473 1.4245021136404223
2.3491484913056464 1.4709827977603227
2.312374018291859 1.4289612002604155
2.2730177382507994 1.350246650198092
2.348904151374093 1.4980947385118388
3.174285153175517 2.408082917231072
3.1962866475725367 2.446897307021617
3.180797402581729 2.427416394771148
2.3123201282424715 1.3864758574248708
3.155102781184335 2.363747585503625
3.1883617827238044 2.4745749742044953
2.2831848258859644 1.412685388408101
3.1719746290000734 2.3672243999923723
2.2595002484447413 1.3509108655395758
2.4142244180446313 1.6135572093787278
2.2949035863244323 1.423977504768856
2.266717489836502 1.335495393171282
2.288432355449148 1.3798825647975683
2.3066133709084946 1.445725548962669
3.151992098081696 2.3684893331725143
3.1628448959451583 2.4248344711606897
2.2823519904347886 1.3877421061342494
3.1634701041261417 2.453831610536346
2.3023480238375615 1.4454872409561697
2.4371010014856953 1.4782189789578581
2.3303191677828696 1.4562386228013946
2.2827007049312997 1.4516705496978366
2.2769890264240136 1.424037947694694
3.153263528269984 2.3775222065647337
2.2576014605158834 1.3677284205456877
2.2347133278635334 1.3382501739957415
2.2533795629682714 1.2836202423951348
2.29687158766655 1.4650986992523691
58619.01721963392 0.31555265364245055
1.4565974301808184 0.4513487117374553
1.4137173497961228 0.4171917773003771
1.4359591633248874 0.45046917732997904
1.4143773864794165 0.4317582245095145
1.399877116385981 0.3038442553643943
2.225969146799006 1.39379076947003
1.464074900303965 0.5030753436120248
2.356050893661537 1.4046491572263742
2.3488580413933615 1.442822840132309
2.355320309700543 1.490007456327572
2.417831748437572 1.5897813359607722
1.3975346224996223 0.3865042292386892
2.346834826533316 1.4439050278984524
2.3477449570238114 1.4196188448005582
2.6346555397943625 1.7878677664804459
1.4464263102814692 0.4721871890045364
2.353405510665273 1.4824648963165588
2.3662095680156296 1.511107627023871
1.44419802186367 0.46939805887369745
2.4087558364049237 1.5477752964429405
1.5318311051115576 0.532634943463309
2.356164589829615 1.3865680796033342
2.346182561111622 1.43248236831118
2.4026083383955332 1.3287726726502873
2.279730746412142 1.3579645900172135
2.295697235136461 1.4512818167682984
2.319548451956509 1.395636897812238
3.197279375615416 2.4257131110181027
3.2444887882632423 2.5049394352606535
3.1949958263680323 2.4891557070430483
2.284098145467472 1.314898119490203
3.2891529579821563 2.553690712046205
3.2305531509484364 2.482951672949587
2.2976027736455458 1.44707276256567
3.167612412294791 2.40235018983178
2.3361908579858084 1.4496859385728316
2.4326448436449954 1.4925721863624566
2.334628518716395 1.4762302683224282
2.285333952256878 1.367013849198902
2.3663166739308874 1.514545741335216
2.3394252189296534 1.4482472790757341
3.240983138251562 2.5191644275734504
3.167330060180719 2.3840297738936425
2.2976969220064705 1.4506164947017002
3.157241918795511 2.385265576433549
2.2883449939992726 1.4111085397100123
2.3999251674056836 1.4532223474794008
2.3485284097269092 1.4659531126537437
2.2506618796147664 1.3493340784325731
2.3394465478736137 1.3724461935491865
3.142606954418559 2.3867994060300273
2.2853437581217877 1.4179622586951095
2.3144139674620035 1.4462083037623854
2.384850038843166 1.401299873837099
2.2911609095510705 1.4620913183910447
1.4020145828452946 0.45087735447843824
1.5251087937102765 0.3408273163079038
1.5067299681241384 0.4103574137742813
1.425355268231966 0.36953554103169467
1.5570216981757765 0.6468549977754681
1.4833632424935939 0.4957190650852958
1.4441223837750583 0.3877010410348921
2.3116058143261515 1.3867980531596773
2.3453589912008272 1.4209054625238164
3.403224742400444 2.2351454437370686
1.46688956367791 0.48665969752286764
2.3355758965638236 1.4262721338510789
2.4024056662405826 1.4814996421189406
1.4495647454979956 0.44122573982238744
2.505344775948984 1.5730990874681563
1.4984384914620716 0.4831928650134488
2.382941322522158 1.4909798180827223
2.3615697986502404 1.4217386953635018
2.2876711220796175 1.3840218941991727
2.28718390030829 1.395803488589164
2.3138173578061 1.431391866567543
3.2131150699414976 2.428787322005478
3.186864540231137 2.4011282021291844
2.4535156071980975 1.281456983166601
3.1785748231228563 2.3883262566492123
2.313314236183527 1.404971246699572
2.353700598789831 1.4527575988374668
2.270686484875375 1.365928531868894
2.3046511048007394 1.402152737156007
2.333082993487518 1.4180287114625536
3.2008235155228437 2.4062070826299338
2.3083384540627314 1.3724083333035535
2.2823449722382723 1.4018958257865712
2.33480448730138 1.4850266274671815
2.3090274843407177 1.3963051645979545
1.386089081639698 0.4138858883729568
1.532739387251881 0.5448216527997858
1.4731513550402024 0.4784978258913741
1.45387196102281 0.4624962213694592
1.5666796725013012 0.5993371892420161
1.5223350305456007 0.4692251096431004
2.3566579268263776 1.3715077097975976
2.4226839910455498 1.4591376496259438
1.4391992443219406 0.31909119551817855
2.3763030951647877 1.4183781551978716
1.6191701794478157 0.6343510845638528
2.513029178490375 1.5468877742732334
2.282290775783568 1.3282875456191325
2.276433805221264 1.361272174365962
2.311893319983355 1.421706090432647
3.1823513321670953 2.341940683894427
2.3174794414951325 1.4289510820712763
2.3059807556834055 1.3114634005200523
2.3754703107485393 1.4022651961710446
2.3261288454513895 1.441891627003737
1.4161540242042345 0.39690622776835754
1.4217100269458098 0.3509721502117167
1.4304193857673664 0.40425016586768947
1.5547882267227735 0.5454689314325334
1.450728678149434 0.4500528462848226
2.470125360108769 1.540283511618092
1.473038168438466 0.4215559355759041
2.34084813148819 1.3111810942668316
2.284428489963501 1.3083010798873027
2.270870253527793 1.2915211366726203
1.435221972949914 0.39203987733657464
1.4756296757516834 0.4499352592386527
1.5098141272240932 0.4527712086029222
1.477887168286771 0.45146799337149973
1.5101674360163642 0.44990302914973895
89252.98131654495 0.4708563095614168
