1.0000005207785483 1.161138167068358
1.0010428837882075 1.4601140969990216
1.0082396404856087 2.1519091207986394
1.0120623461207467 1.0001435768986306
1.0032819607736676 2.3993571787948937
1.0028221681904033 1.3668104835685617
3.8876312612026664 2.0202023417881545
1.0103310321964163 1.1670639187553413
1.0104341738124756 1.467877964857008
1.0079601195554297 1.927425456829535
1.0089120460566114 2.594612035452091
1.0051490291847966 1.913473033858251
1.0033313648146367 2.050879990360436
1.007133491736783 0.9804649599349727
1.005667455842782 1.3057588401632785
1.0107314957766298 2.1603688931420666
1.0076173100976815 2.551967159382535
1.0031051435509482 1.943092607390021
1.0034670789964601 1.626183618498309
1.0093490583921552 1.1532352320037187
1.0020664536361656 2.2890171346161394
1.005697217281865 1.6252730555948494
1.0113440891138858 2.047648637550221
1.005133500821219 2.1981507304025776
1.0054575549794031 1.3079694279394665
1.0012214214745796 1.2169905482766286
1.0010803360110263 1.846023658013628
3.7202601546516654 2.0138554084905573
1.0097707377348146 1.7416467259922945
1.0114782621181873 1.2006265677593548
1.008650956390449 0.7085948642881097
1.0051800449915633 0.8500593613897115
1.005707914093398 0.9308700658170264
1.002801500618581 0.9839021279521218
1.0117879244738683 0.9395141476992825
1.0104406833379114 0.8676640896920856
1.0065227070488043 1.088420572723774
1.0257360800474336 1.2359712081290832
1.012644246586535 1.3337691564273175
1.0104657333969025 0.9227925715739613
1.0022884793303841 0.994807043631837
1.006686007874253 1.1384863220501924
1.0086532570408877 1.2799058808004526
1.009234482654338 1.0142669072340098
1.0081682168282944 1.0529574445674217
1.0074784369741183 1.1452463213749207
1.0143828469758769 1.0603165012684728
1.0068759648729724 1.087917651955919
1.0023955004144334 1.095145836747917
1.0025078718133038 1.209788740358001
1.0110224335464704 0.8353480828927251
1.007024763817606 0.46611827305098497
1.0076151815515988 0.6093752233774912
1.0052340350281619 0.7192672403342657
1.016575818402532 0.6165179278012731
1.0113591180735837 0.5824030954416584
1.0194476143559863 0.724744375969179
0.9998520200086417 0.8643846966255827
1.005646784797828 0.7185459528888174
1.0147982160173348 0.7630962346434418
1.001427673233233 0.8726584424035351
1.007359041409469 0.8446704962496567
1.0014617400607955 0.8749627534230559
1.0017079147711507 0.9255698203353158
1.0035239004294256 0.717411674951048
1.0032528623789723 0.4333620082873755
1.0128763376617351 0.3598334277399845
1.003320923343529 0.46968041556220463
1.010197792013051 0.42399318305887024
1.01585319026346 0.46016879360285146
1.0078813644791937 0.5529196366380231
1.021932310564341 0.5894715714214542
1.0098826150786642 0.6237896064975639
1.0017298779636048 0.7195784551378861
1.004391432170411 0.3906463030686831
1.0037636337781726 0.24290835800363825
1.0058825748779732 0.3065431790303206
1.0095609799332899 0.3744806635116673
1.0126969020186172 0.4021779439022163
1.0141338198743313 0.5141869143019493
1.0067375398851255 0.2506045419782263
1.0006380876104257 0.23556818032802293
1.0050860247862694 0.3457531543955752
259.5693528511443 0.21969973307064308
1.013377153296149 1.2196765079809102
1.0111641593691534 0.969022291314023
1.0074130188784454 1.0175932693182268
1.0079234699539326 1.5952656985402736
1.021779234168596 1.8909869700444024
1.0055793202162262 1.9850615534343967
1.016809228013508 0.718390391476571
1.0167357611239138 0.9898421632701457
1.0067069188995903 1.7111925088649214
1.0124034776389206 2.163951788968368
1.016605362806643 2.3390073195823247
1.009617332707838 1.2265207859331544
1.0092248056804136 1.618664699341383
1.00986067816369 2.0555889984951063
1.0034155097707615 2.275126152548543
1.006098351536646 1.7590194425087937
1.019797472966669 1.9810535695767622
1.023906798740629 2.146159322105488
1.0228702014712407 2.0200277877481945
1.007523203928265 2.0875261826283413
1.0007810982628975 2.0941052633906674
1.004445526582176 0.9694379222929763
1.0146969687873073 0.8158724248705105
1.0201034350139018 0.9604547184320651
1.0076923052561233 1.415742713130773
1.0184643693366087 1.5791577125815734
1.013683647189409 0.5781374080030515
1.0176251737319366 0.979338092874607
1.0804521177261852 1.5647612195069769
1.0185977527484136 1.8014583053682158
1.0152002264293118 1.1935072374397238
1.025299742989663 1.5292726220042803
1.0115338360374246 1.769423562641156
1.0159157671424686 1.6201826265174641
1.0242797427671724 1.7303183658455337
1.0107183217063829 1.7534102029742251
1.0052979146907803 0.7217459054901153
1.0178649109952471 0.6471436351382147
1.0069554627289143 0.8550586785436269
1.0251175583722019 1.0654148530938996
1.022860958146399 0.6106862685030865
1.0108639235547139 0.9475278936263931
1.0236097518665852 1.1822598563385984
1.0153446693619728 1.106418081752489
1.008942067044216 1.2280716211318894
1.006676680698591 1.3164049320206204
1.0141716009721737 0.583651580878474
1.0162281324322018 0.5583650060226097
1.0263872570209718 0.7120118303019546
1.0247813701838324 0.7082296743932445
1.0093472489357296 0.8157504795722883
1.0058767841225047 0.9470917299856586
1.0569088212983984 0.5073442064947624
1.0066546531990122 0.5315022523388182
1.0110619684777953 0.6583341060121131
1.0050704628481977 0.45452343153827013
1.0019932662362578 1.2195308222128343
1.0158626266756476 1.1311687290334795
1.0072186501745855 1.1642002132565739
1.007377038929503 1.5512723577009262
1.0013866201137314 1.7162031389600072
1.0045443240712875 0.925492850195024
1.0039766972845812 1.206725296496061
1.0093122150208145 1.6454060279802845
1.0089744987819946 1.8652929768426745
1.0181184642103709 1.416011906822518
1.0299133931905093 1.6801491764654157
1.0031651319730195 1.872362444494107
1.0037675120025291 1.7865436017808396
1.006721456033893 1.8745361131400253
1.0042384413114562 1.9249050805483416
1.0079767050176283 1.1314500127526252
1.0017851474868178 1.0606731900398199
1.0078611293385835 1.2641765605435467
1.0013445928880662 1.482427697314709
1.005900342652375 1.022482034566797
1.0245289217382305 1.353640210546855
1.0333610091727345 1.5942116703449223
1.01806906679962 1.5148559648605178
1.0092898498367597 1.6384953266090683
1.0086492599715864 1.723309436524449
1.0023248809302183 0.9695642504751645
1.0103295237599854 0.9312914025328333
1.0102994881233185 1.1245914953860812
1.0145562479324457 1.099980352404225
1.0119372879681496 1.225189877565096
1.0210055614596445 1.3601845444437042
1.0201057981446442 0.8250262876690535
1.0182552165700842 0.8595505495069566
1.0056334384760288 0.9998821921782874
1.0071402129597389 0.721114172023289
1.0042004416661123 1.2194490804599194
1.0059291366643093 1.1775466889721051
1.0066997904427641 1.3004707462861356
1.0003967079537164 1.4692525690665417
1.0091873058433376 1.169814597676475
1.0321540125222655 1.3899158001038017
1.025664211330987 1.5530599153699438
1.0109065341225667 1.5332209416738614
1.0070744957041966 1.6224033436743595
1.0003686082957008 1.7194162320094817
1.0135979743181953 1.1769262415400363
1.0064861366032314 1.1458238703213663
1.0186143375250263 1.3071049347067896
1.0280262388541845 1.3031384089074838
1.0084340689577846 1.4060802918357762
1.0193097165808889 1.5344781621212615
1.0123815678365073 1.0789155437043485
1.0172837367757794 1.110122035692996
1.0062146200238087 1.2507680172186242
0.9999122545154949 0.9692632384250567
1.0012079927811703 1.2194637872661875
1.0076784598587514 1.1988732932713533
1.0042216919126268 1.3061165493764255
1.0066755243628067 1.32960356780629
1.0110024737656351 1.3998414887208184
1.0080901797787203 1.5158304786543657
1.0297343326500237 1.194568897359099
1.0016170249720706 1.2180905174622372
1.007581926092948 1.34608148961919
1.0100226833083226 1.1316332610351392
1.0049780387415084 1.219557307264969
1.0009928427512076 1.2354544481711804
1.0086636542127427 1.346295041265252
1.0048591699967622 1.204132231649199
47.382469448792335 1.2196363528068745
