1.000191585980579 2.791874878426289
1.0008024119542311 1.7176438168909791
1.000113186757377 1.775743162811502
1.000390574510381 2.2056764945237304
1.0003262067886667 3.6389703386065664
1.001042103355743 3.2039272820313887
1.0982063187060775 2.9292262903087125
1.0005847743244733 1.3961718915279877
1.001217441900731 1.5874703764795346
1.0014670544696784 2.7252782752631934
1.0039053870023735 2.9080020623057488
1.001108005842208 3.601542264724454
1.0004548884478977 3.682684893945548
1.0004711810123008 1.8534553055719256
1.0028517037719857 1.974955953573257
1.0008101198304948 2.178538542123789
1.00201070342842 3.2603404837699865
1.0007845905509776 3.1763986462058793
1.0008269464906956 1.9262905938556483
1.0013144335762512 2.068702137324465
1.0003319862715137 2.9990984453211733
1.0018735971520132 3.1784179645554085
1.0011573383987724 2.4710287339965573
1.0007687015381383 2.9071200998249953
1.002277585879055 3.0132288747534806
1.001487474079725 2.894020943248535
1.001189739324069 2.9375607167491116
6.266138697698862 2.927832804587528
1.0044165937093927 2.4573873800119914
1.0013561733159269 1.894008061596657
1.0035576297503515 1.4287925546915337
1.0024376362397365 1.5619042754945158
1.0213363602551382 1.6409947888792686
1.0053507037981064 1.689769046313129
1.0042863029788975 1.6536988778631112
1.0033904871743422 1.582693933682148
1.0050674983064711 1.7995763482851639
1.0031639697802546 1.9423530044390538
1.0086844064304485 2.040926288463868
1.0025996180396304 1.6365390943289935
1.0083231477634917 1.7083932781614806
1.0122555618597568 1.8614788014846169
1.003399802546721 1.9881913363516162
1.0053308548469315 1.7194854323212088
1.0055841798819452 1.7637812495893943
1.0057699593499922 1.8512833759233733
1.0012915753490628 1.7700133086144212
1.0005813129931247 1.7954332992364246
1.0018050768027913 1.8007118137483533
1.0027347291576592 1.9230464365309188
1.0080819995524217 1.5444228157293998
1.0024553786027637 1.176125434369095
1.0127328202909749 1.319449916876914
1.0172898645803023 1.4269824942413276
1.0049201912868682 1.3370627185461323
1.008393408888639 1.2904747337940499
1.0029701327782894 1.4389966180552585
1.0077755238278048 1.5740680020743016
1.0106833258664338 1.4303247801503423
1.009484533822011 1.4715025942989803
1.0054315526850395 1.583175920539512
1.0041631092141 1.55821820632342
1.0046072033693527 1.5738434146709201
1.0034792877610488 1.6347801155125241
1.001103377285161 1.4321950572853728
1.0035324183964804 1.1376183895472827
1.0012195656469076 1.0695657712148217
1.0002285200676255 1.1785758479563468
1.000822125782643 1.1348093576831098
1.011921722850333 1.1704874875630626
1.0024158985698828 1.26433080380294
1.040008358417059 1.333241303037953
1.010806179129466 1.332096675528189
1.0042882881845723 1.4352446715500369
0.9995234089993466 1.102246353706469
1.0033608266537173 0.9521469572609603
1.001217807057985 1.0141444569006377
1.0066039115606686 1.0935258903323215
1.012683538224958 1.1178110620808615
1.0025584733658666 1.2025528620024146
1.000929205889697 0.9600931512158029
1.001814265126162 0.9182673914180752
1.008453734369649 1.0526642596788658
2.5285539335645266 0.9207646748965569
1.0030133014825102 1.9307799178427432
1.0036930820632244 1.679818535584923
1.004988238106149 1.725930244474158
1.0030965670973995 2.3026821831033164
1.005697999666313 2.601270063120524
1.0008681771168233 2.692767720254439
1.0038746408058454 1.4276411730054566
1.0035458379032756 1.702173504431094
1.0076120652090104 2.420668582033156
1.0068158348175251 2.881382027160168
1.0069781743016635 3.052494967382665
1.0057661075041207 1.9340263751976996
1.0045779875305205 2.326793923167553
1.0082454523096178 2.7672488526498187
1.0067060475173184 2.9857269516767975
1.01115673768547 2.470488180341166
1.0039521627738222 2.692161797171984
1.0053887562941395 2.85475921669614
1.0028395011190032 2.729896486633093
1.0031099902346599 2.7938084493982354
1.0035047126440029 2.800560568332484
1.015436159002816 1.6710532203770314
1.0063075807326882 1.5236345063120045
1.0171466835370455 1.6681990580428057
1.001507718125664 2.128540732598967
1.0019768000377696 2.2935859161706196
1.0290976740772675 1.2791096045961003
1.0180727020455491 1.673968011325886
1.00946184565477 2.262469580375204
1.0143989930686579 2.5285448280099447
1.005253909872855 1.9047838396769967
1.0028557510728275 2.242253643604376
1.0075533618948638 2.507285088231974
1.012248063011253 2.3240590128162726
1.0083250144061187 2.4307970465163287
1.0024991787749302 2.4632534737212772
1.003300447936005 1.4426713383779641
1.0041511097414624 1.359347027715113
1.0150671816504995 1.5621335389372821
0.9998510885016184 1.7821029967447364
1.0220235028836253 1.3386625504568104
1.0060617455504701 1.651774450184307
1.0454184207989774 1.8790296356568765
1.018816895428136 1.809887770254448
1.0014702312486181 1.9336908334652474
1.0037605756499681 2.024468792388353
1.0070695478177083 1.3000256880939882
1.0300547872140553 1.2731613730413505
1.0108020722355995 1.4257891027400522
1.0082256938097847 1.422291366480744
1.01088038227875 1.5245289562198285
1.007021300322303 1.6592399220952054
1.0022298083348946 1.2184346477555574
0.9995470468735693 1.2782044522522764
1.02821236988567 1.3593059126408398
1.0006152712223364 1.1661799819426637
1.0070415926569514 1.9305244512163737
1.0010702105527762 1.8447000066573256
1.0005838840956454 1.8737937665194744
1.0081533745628801 2.2613168112164757
1.0060591237216803 2.4296716933587588
1.0071918321306477 1.6327874308435817
1.0059068662635404 1.9132151092859035
1.0098112303259374 2.357005830300225
1.005728196644972 2.573163171550973
1.0070169905397144 2.1276245552181416
1.0150520075576772 2.395824438438086
1.0058079432836777 2.581130704760871
1.0052362879682604 2.494291191048659
1.0021011655323837 2.5824224468725987
1.0049248728016806 2.631899037050029
1.0059369892448573 1.843316700109415
1.0147883082718787 1.7698366051716556
1.0020667044757163 1.9716268658976297
1.01014424188326 2.1865779155852825
1.0075993755345145 1.7325983853562161
1.008015912528805 2.0701748748171482
1.0140411008798527 2.30048530216697
1.0010454468342027 2.2270018559958573
1.0084777503714148 2.3471260860613956
1.00876582894382 2.4365348567043563
1.0036116094988095 1.6809128625664613
1.0448648667738176 1.6472933962194611
1.0049434972517235 1.8347903995706412
1.0122071274067292 1.881235518933437
1.0046705856624618 1.9364055598517416
1.0228510738279617 2.068521836567825
1.0192438867429119 1.5344453002942615
1.0206786252607896 1.5713832038385254
1.0041508962892816 1.7150354690366032
0.9985130391554342 1.4323816826598552
1.005419933740123 1.9310796558579102
1.0063407803901898 1.8807371311017436
1.0056218964806987 2.0111743216926725
1.0025405066535218 2.1834612547554415
1.003726657174403 1.8823002848686687
1.0082545805894967 2.1020672973428582
1.0063236605527042 2.26122694137534
1.0100448816006309 2.250577426683836
0.9984655028653288 2.332544563534711
1.0063787066949132 2.427037601415246
1.0083422149265264 1.8893607065675764
1.0054754470862723 1.8581158323190894
1.0022766949941997 2.015074631402845
1.0092358166802717 2.0109416413235612
1.0060354761734895 2.118021748782172
1.0023358642624 2.24284498042884
1.0155554555600732 1.8075960918429463
1.0363216960406063 1.8214189995171126
1.0206397763135397 1.9797270054785843
1.002395200167171 1.6814352538646251
0.998439672511025 1.9293953144967169
0.9983327903138269 1.905537190342
0.9982680336306152 2.0154880999622597
1.0050313651066973 2.0383120673966992
1.002007554203516 2.109635065491884
1.0037768529183584 2.2233926057810782
0.9998520992694497 1.9069983891219267
1.0036294375884252 1.9365427395786097
1.012816535810712 2.0569908479688523
0.9988201039227986 1.8437555678843522
0.9991112009976196 1.9326741136419467
0.9994331286548503 1.9511061793646511
1.0011822241743846 2.053404407008337
1.009908847269294 1.9158810240114703
2.4968238760142087 1.931014999489433
