1.0000418176528691 1.3172831810731895
1.0003697797505147 1.3307363713571903
1.0028431235768986 1.6275118154922525
1.001570877501665 2.5452681160791144
1.0003325139842765 3.0528596554052276
1.0006280772865646 3.48464722584259
1.042714240232264 2.283905132133178
1.010058942295999 1.7563623131112505
1.0148941546548171 1.858982646526206
1.0095477820227559 2.717342138682012
1.0172867566862707 3.2987255012296766
1.0120702137554827 3.525496685217006
1.01278710638073 3.6910495376479977
1.018308196661644 1.8347957894213822
1.025238681981953 1.9881594210028064
1.0279828003087954 2.8723191407272637
1.0350074046348947 2.292478879931074
1.0241659553662714 2.439131500782435
1.0241537057339027 1.8992215493344387
1.021855382026476 2.709376893513829
1.0250961416326716 3.0111291823137143
1.027322281334733 2.188894802451184
0.9912187690470058 2.7416239302416345
1.0095843711168073 2.90569086924816
1.0079007504921342 2.9736988712130765
0.9997530120418611 2.4173386611036967
0.998593154973052 1.9651006573833336
2.377129628003373 3.015067331991366
1.0032249133572595 2.4626306026402434
1.0065578468453396 1.9075889859147852
1.0091505182426832 1.4244750999728955
1.007990692124957 1.5605825873585704
1.0074370107929198 1.6409083911623115
1.008138969598442 1.6961697765919057
1.0111094711564377 1.6558249026882255
1.014598534303274 1.5832667363732411
1.0197192325702693 1.7963792232552342
1.0182828246725197 1.9436963435353822
1.0144979995743775 2.0419247453321416
1.0225814501661756 1.6344919663710806
1.025257907093491 1.7066240033374886
1.0251476076687254 1.8484057672339873
1.0255835050004978 1.982855319061707
1.0222604715882284 1.7246933222594567
1.0186935727442503 1.7603279333675745
1.0240802179743829 1.8618193533777618
1.0083008521682182 1.7717166453207547
1.006623053965362 1.7981065880292892
0.9932895761389822 1.8037956193095788
1.0099751011478324 1.9288972769192676
1.0129618506870097 1.544735723948381
1.0093369895480655 1.1790347754008472
1.0022559152530264 1.3192076024206811
1.0073807155777998 1.4257975721590315
1.0157814590841248 1.3345260127705343
1.0173626935013587 1.293887867458272
1.0245514670892708 1.4358807313061974
1.021962245416287 1.5728275828458846
1.0160051874037686 1.4320049440563807
1.01710738030389 1.4797319038076964
1.0164194116376633 1.580644671816168
1.0108588033602506 1.5546527016657534
1.009354374236828 1.5898998623654814
1.0047322418225308 1.6321552369913261
1.0117917474096685 1.4240892220956742
1.0121729292988773 1.1362336882914919
1.0093474190779776 1.0691926576970707
1.0054308231676323 1.1843937520274215
1.012170020317548 1.1324255638897205
1.0139077177637132 1.1776562354447389
1.002191848034083 1.265528853907457
1.0124078752207282 1.303100117729139
1.0159080483953753 1.33335707359076
1.0104706821842049 1.4266071409084895
1.0053804831552682 1.102638353654767
1.0002914018385816 0.9538039766033652
1.004931183964825 1.014543410345326
1.0012344066630605 1.0841336081013446
0.9967715894456375 1.1072423467263328
1.0110952134164957 1.2249572028933418
0.999756724467217 0.9595514965803402
0.9972632827259146 0.9433293323905115
1.0022004223943053 1.055230227303854
9.706402572212012 0.9400235853191381
1.0010738679517353 1.9285025435926246
1.0009606280199717 1.6797581362969423
1.0036064391811772 1.722855616963988
1.0015079437535284 2.3022818931134665
1.0033462658605627 2.5954203291897096
1.0005174200454925 2.6915202574563377
1.0099967348043999 1.4291536020843392
1.017870060344755 1.6904135546777
1.0207281125628842 2.422134135987704
1.019826221502885 2.8737013699119904
1.0141857233349714 3.043863825937308
1.014347668787696 1.941352031969196
1.021891154639271 2.329364160025947
1.0293678127438017 2.762674098889585
1.0264225011241432 2.982766034502454
1.0242037473304149 2.465874877016852
1.0191573871583186 2.6916438407082053
1.0264473476588665 2.861455842015503
1.0100658265406763 2.726364786473432
1.008653589750745 2.797529554616445
0.9998979149499038 2.8026690879363287
1.0055734960881335 1.6792156921188517
1.0052281641371994 1.5227703121881622
1.0106094240449786 1.6676592309660125
1.0036086864775278 2.12536425069767
1.0057302751725663 2.292334934155778
1.015574774221006 1.2949713492008097
1.0146394587753318 1.6854920873810935
1.0200614545288094 2.258447724567935
1.0177777535736892 2.512791378882653
1.0292523187613531 1.9058829564974316
1.0209155585037013 2.260425135118026
1.0325879216712992 2.477709841185334
1.0132308863393595 2.3477335403740707
1.0170008331620934 2.4316801100703964
1.007570488577035 2.4619480594222773
1.010566494890372 1.4394799195627737
1.0084690075047644 1.3585449678226027
1.0097907025249928 1.568607967063433
1.0119644239121042 1.7805943323456566
1.016456618784833 1.3206340848964038
1.0243909706034362 1.6595351919522183
1.017528737336856 1.8895705118919794
1.018660470115531 1.8121302416737834
1.020127842182088 1.9358624895056913
1.011460921207656 2.0225180817956847
1.0124206481012301 1.3004287821162785
1.0105015314018286 1.265467619205119
1.0113410885201815 1.4272933504241014
1.0112213234138694 1.4217174016969898
1.0128394592206214 1.5225092631328545
1.0134562042153725 1.6606248710175273
1.0036463714672241 1.2162816074908616
1.0039687327157842 1.2381793964482162
1.006148889793245 1.3752178039138727
0.9977458621622849 1.1643142591313926
1.0074086202981347 1.9284843974315344
1.001547580947452 1.8438259036253575
1.0020914255850364 1.8713888475196532
1.0012845281894958 2.2621112478873684
1.0022106154748611 2.4251691033162985
1.0173397057499318 1.635148224783648
1.0203510737670907 1.91590895997293
1.0177439786174698 2.35664656042148
1.0167191682705508 2.5956713302751044
1.0283970981224277 2.1283749918407167
1.025903281216428 2.393599527177988
1.0250853449822286 2.5817380986653373
1.0235987024723396 2.49465282823296
1.0292450617710627 2.5840108527282077
0.9908252227245533 2.643362264576143
1.0068226212541136 1.840432578463734
1.0040533057657017 1.7667080742710817
1.0099325484726795 1.9660926573492947
1.0102160342929154 2.1974201278294276
1.0163667701123729 1.7311204666883846
1.0192169976067575 2.065171756424747
1.0183849360791977 2.3003643106854055
1.0133609569871689 2.2264777977096526
1.0304747357874577 2.3471086094945433
1.0224197133194073 2.437414149906446
1.0204471938498691 1.68221299949104
1.007918855058853 1.643213012569289
1.0072390981944286 1.8324409658537137
1.016207504345856 1.8073312933639891
1.0205063531222875 1.9370090637708626
1.0267358085725484 2.0716744456426284
1.001503661285668 1.5341111819814506
1.0124287121597273 1.5682945915961324
1.0080535323646915 1.7062212848936142
1.008936767347027 1.431595195111509
1.0024208783357846 1.9296571732708745
1.0014838453986667 1.8902923165888095
1.0024954441308782 2.0081791496992016
1.0012791480540422 2.1802321044518234
1.0167312138705997 1.8779162181817326
1.0162908675164806 2.09942247911492
1.0159594630658795 2.2597524956668256
1.0268389294739908 2.2382123773571316
1.033640377992787 2.4048821768579485
1.0284083451746424 2.4277662747855677
1.0060039399258556 1.8867321219461375
1.0053259781924482 1.8563993586212264
1.010991558056951 2.013854013387669
1.0136438394903378 2.0150951708633267
1.014723072239772 2.115072389538564
1.0188190664079277 2.248230434516959
1.0010031818727847 1.786799009008913
1.0071961938946703 1.8203552348160406
1.0106797755758157 1.9608259556094625
1.0117394167584663 1.6802044152834112
1.0036976734784129 1.9272721254099023
1.0024818221727585 1.919073036251729
1.0038189121144079 2.0152035271443416
1.0154930516555514 2.0383468841095
1.0148069499646508 2.1076285413744156
1.0279813969800002 2.2207385824830084
1.0007146689842874 1.9056589586631412
1.0032759126972517 1.927425941956249
1.014588109014577 2.0546021797599487
1.0147746890659854 1.841835038531344
1.00071663519858 1.9274768410286165
1.0010793298972778 1.9447689907957526
1.0123439146978557 2.0480548289969813
1.0057181155028105 1.9130661783064637
2.61727065577215 1.9296960053719463
