160235.79441016895 0.810902462486341
1.8663701548660931 0.8650585019388184
2.1649929903262777 1.026624830501211
2.483996619517912 1.460292328368059
2.6504278548148963 1.6929777540219146
2.6878377887369482 1.6957703340694992
339076.5019217268 1.7101758397639493
1.885219616640423 0.8097920267161467
2.252122632951009 1.1168393976523392
2.7500710480521 1.63081886595854
3.123379208985642 2.1171708560210303
3.238980347052572 2.1502754782577647
3.231927497318246 2.1616390084636685
2.2592580644136073 1.2068799007125957
2.4769477702122282 1.4133050552249853
2.8358233671996174 1.8559173886241882
3.0551326825581753 2.0643455575757965
3.1605942817904364 2.168995623411493
2.5007082329835235 1.5034683742551531
2.659127636456979 1.6543858569207535
2.8629000868832746 1.9006468241106418
2.961011346763063 1.9830216696676504
2.6719610019383415 1.7049047959674648
2.771060205819031 1.8384652093541665
2.8365176652293176 1.8791256123965747
2.733892529608192 1.75256277392374
2.762743430112124 1.7856912094134008
344346.363248478 1.7201076806586828
2.161203227037987 0.8239468874716541
2.0266625231868596 0.9148869714689444
2.264872221488702 1.262015605770949
2.42237890784528 1.4565531503003655
2.4880267184156395 1.5338539145944141
2.098244218317124 0.8738723292656467
2.168254765624828 0.9706739185724993
2.4480254447440455 1.417034933692565
2.6624731720767003 1.64560734403999
2.7573391481525045 1.7509923303944706
2.2236624738453896 1.0584724591121626
2.413124634566981 1.3966729148864185
2.609975003862557 1.6147878530967397
2.763410168049125 1.7578949395485275
2.471883178331819 1.4922475234751396
2.5635502105487094 1.5740327227276625
2.657025021427662 1.6882622429672747
2.593832186568459 1.6459230845849655
2.609459479750659 1.5922086325706446
2.631507910978521 1.6653739574362838
2.5427875369174 1.4169529045328755
2.314109615177806 1.2823539824399712
1.9471566928489334 0.9067429629405008
2.1091996706595078 1.1283832301605083
2.2316502365468303 1.268692955980804
2.067707142873684 1.0035718102717017
2.107963222681519 1.0918568972265859
2.287986999771905 1.308715027852292
2.370255218463794 1.388762689047288
2.1819492707683628 1.137535002975787
2.2793805264463116 1.3187212102359533
2.378505133952724 1.3900512639334797
2.3573785114056163 1.379735071772929
2.408779558813986 1.4411015263779183
2.4597144098886665 1.4891534227553707
2.190851821219907 1.1456647058611469
1.9295831407029893 0.9270355165700771
1.8941443334609414 0.9225156676542847
1.994998110698123 0.9958156412429946
1.926262143980992 0.8868307022937845
1.980500518473488 0.9913429912575511
2.0666953127850562 1.0682924115776191
2.11252251812651 1.0154072664471019
2.1497546732590083 1.1643784889719546
2.2433487828542438 1.2479620953545947
1.9020786237704272 0.8354446963939938
1.8050616970606264 0.8355036511066513
1.8626481711763831 0.8853607091221641
1.9863954571644724 1.0068798048327228
1.9328817921467074 0.9542730944509432
2.05206325672832 1.0812270156029353
1.7689045696312728 0.7698821073827468
1.8025156842587262 0.8157071871117895
1.909697611059343 0.9426429676367933
151527.19707399214 0.7727955299089427
2.925009072036606 1.7931374033269423
2.311721029370472 1.143418248660534
2.479407675951127 1.4163691236107945
3.055455770985328 2.07287534837758
3.342404782217908 2.416131297384505
3.432065346739049 2.4833264246083937
2.3055534963949063 1.3172603478857647
2.4184105326251424 1.316556993505274
3.119906677669735 2.076137060597581
3.559018308148486 2.586848898161694
3.686894035020552 2.65151741785417
2.6934295447880183 1.6589781204748735
3.106411630583916 2.136677056873173
3.511094510282243 2.551549963549656
3.723391278834186 2.711561381241683
3.255812948873986 2.3157743133781756
3.472660595513663 2.523032239562297
3.6184499636389895 2.6860295232878038
3.508692343021207 2.551956639543488
3.5757443112404457 2.6161298142136724
3.5921505712689332 2.6621835776392864
2.4104619981386874 1.3241947581182736
2.2731265850473124 1.1949069015430052
2.4423408415274874 1.4002892776906797
2.854371309608987 1.8120242029107154
2.961362665959959 1.8257501215653846
2.06547073938043 0.9998736415312612
2.4476444452811847 1.4250610553300862
3.0194183004485162 1.9904425511268193
3.186639654154688 2.1152714084930158
2.6564688360108333 1.5972194489967393
3.013636252953547 2.0360886935099463
3.200518516488182 2.2064115903156605
3.0723823837708393 2.067533816194547
3.164918432347253 2.137574355880421
3.14895237525775 1.9886696406304893
2.2414659060391675 1.205133982280764
2.1609996235346416 1.091467169145924
2.373300970272645 1.407302293961262
2.5370821443437923 1.5056107222020774
2.1195751540297385 1.0950800290401532
2.4636958405884393 1.4080209149079836
2.6606267792628016 1.6816779248628084
2.600764914646398 1.5673815884959978
2.7159650855374475 1.7320532439734846
2.783955191017105 1.7422382079213254
2.124696211688106 1.1013716965954174
2.085336103917357 1.0921971572443798
2.2480149001238496 1.2526155736900608
2.227546206069201 1.2129730185814438
2.348536837104805 1.3594235009673368
2.481274140630511 1.491682675428154
2.054013565809752 0.9901521279334227
2.057484811295568 1.0714803103250587
2.207773806368435 1.233704055877526
1.9770234263718645 0.986349103977681
2.7190219712805757 1.7235434983097102
2.6570718584353585 1.650488775839123
2.6933616901779818 1.7180559473525592
3.0172067158966396 2.05541219347775
3.1774323697718274 2.2587685097984638
2.4623664139883674 1.4801790573930844
2.71924487518435 1.6558306738226083
3.096804127381499 2.1508412402702377
3.2944310346166774 2.3542172279520974
2.892558131616571 1.9156704923194647
3.145306671013855 2.1925935626000075
3.3708910037837043 2.4743709717440745
3.266057580886941 2.322228816892957
3.35105398086056 2.414723517687923
3.404564060366756 2.4584833128877004
2.650562556065828 1.6657409321271843
2.5642218750171484 1.5841006637793407
2.7792031470069243 1.8648984647682498
2.951980613758207 2.0169624340413135
2.508701758937431 1.5195705214939386
2.8354070101065574 1.8884745438737987
3.0445417250802516 2.0784322390954033
2.9931851175526636 2.011307517460339
3.1062235593998153 2.142392637021115
3.2405241769831155 2.3378336316042487
2.4718332867201043 1.4921514608582176
2.476867792825839 1.5126480579430628
2.654561889078704 1.6964687347071434
2.614571430288909 1.647702159400979
2.7131091212388174 1.7493440429467966
2.8502302192192897 1.9098330677894853
2.3443078126874237 1.367647153763372
2.410503929292993 1.4660846808852601
2.5108321535162115 1.5129412414069892
2.2375662080352656 1.2561578904882034
2.7211342265705563 1.7762549142475796
2.670988348778141 1.7402501350463468
2.779485410217755 1.8550306422236258
2.933215113985325 2.0020511283274307
2.6423363437823824 1.6781244486749167
2.8740814680600986 1.942165154898858
3.004998288200465 2.0750571778144318
2.995691995486398 2.058888350276558
3.0816293985891052 2.166400231802792
3.1866393010619087 2.2720471348871776
2.6770617771573635 1.7488951519334448
2.635940863657016 1.7237463494982799
2.80706058804686 1.8716314945069865
2.7763603235573817 1.840658387978012
2.875303232940102 1.9621587367227231
2.998334592935106 2.067431349040365
2.5794436977211963 1.633500691268151
2.5958694087934306 1.660704363299553
2.7350182500234803 1.8218621157812693
2.4770989945667345 1.5462818971363643
2.6915461232515123 1.7446753606481464
2.6790833696747196 1.770617677744291
2.7918994586960237 1.889520862002505
2.8020351454878645 1.9010650083445104
2.8742320279239237 1.990996102788819
2.9809400000096193 2.0841123280974174
2.669695968411491 1.7474364247561276
2.7009272131951088 1.7875664492451562
2.8389128258108554 1.9514417714964598
2.625829092803655 1.6937767498396261
2.69004373469995 1.772004495697888
2.707822250209258 1.7922334866497234
2.8011741992076695 1.8900611748812177
2.673721324780662 1.7572296104461649
341248.55404826807 1.776012901590133
3.2076724940641306 1.5893702903411135
