1.00057541875233 1.823081439746439
1.0088064695804029 0.7552487083172157
1.0125693529391293 1.1348253789626912
1.0072604394810294 1.8016510304773377
1.011721571283698 1.82555828476046
0.9999501303229874 2.221253815657291
15.44571308185302 2.586611377002966
1.0092007650799526 1.2180985928066916
1.0060624595823 1.4550095942573784
1.011528401446893 1.7178071640201713
1.0010540121619242 1.9228946186002895
1.0040716094297202 1.931992567703239
1.0004775225064724 1.9847665470192597
1.015521784593926 1.2297423616610959
1.005601497525423 1.3000687187349864
1.0074717278649323 2.1632931067717474
1.0017118952278181 2.15957662413576
1.0079203476659637 2.7144335178021675
1.0022216568397941 1.7204170783819202
1.0096645369399997 1.1964221387056635
1.0074560355016955 1.8103231166582612
1.0066031751083433 1.4714677988311278
1.0026413225449933 2.0458563904327205
1.0037540773555 1.4995741689169948
1.0020554561380797 1.6698395387455247
1.0015710408329805 1.45810065547937
1.0009199017489958 2.23547906882199
24.279805634663518 2.1943078795387025
1.0009068951299958 1.7485193656805336
1.0025396138248528 1.1972646071177686
1.0072503430006279 0.7172238972771668
1.0103506113152632 0.8539596818061684
1.0028947042037355 0.932843224977496
1.0019823483206558 0.9844165028251599
1.0182822695776692 0.9326828109467498
1.0088561671366068 0.8745236496462128
1.0119976005623568 1.090613295878165
1.008098301934671 1.2365746276638736
1.00413192128337 1.3350732254669775
1.0053854805614801 0.9233413976645675
1.008347568465555 0.992051146998393
1.0102153676274872 1.1417752615278194
1.009780914449081 1.2779580515864568
1.0070898447160022 1.0152375815965833
1.0146119717192776 1.0497600816902823
1.0028433562469916 1.1435844339115406
1.0067792973653065 1.0601437704415853
1.0054368064119334 1.0879835519271648
1.0029189791803332 1.0938482312364026
1.013041725444976 1.2075236527331885
1.0236424467665328 0.8250838249463147
1.010977555669528 0.4661024788090039
1.0045217315512553 0.6096352216418194
1.0020533319998688 0.7179057289945174
1.0108700605471699 0.6228951440711565
1.016896997467319 0.5802196571131234
1.0077396584404443 0.7287891748008202
1.0124003762823786 0.8649368381277491
1.0061320513549048 0.7195784914597418
1.0037270819960866 0.766186373065867
1.002802195001146 0.8745891692307105
1.0044555260979446 0.8455221194847228
1.0083343494965733 0.8750306367651031
1.0017885950857761 0.9247857001985688
1.0020284132637984 0.7186224650457917
1.0065001545714038 0.4340559767577696
1.001185519111199 0.35987399959804334
1.0026605070530168 0.47097274224038427
1.006778714393651 0.4246759887428393
1.0119795313638666 0.4604989897706859
1.012580348601098 0.5531674872375435
1.0060198244795575 0.593360775761588
1.0008567528034056 0.6235166293187753
1.0030219347934621 0.7201186761710417
1.0067780511914488 0.3929377299960506
1.0137965903396509 0.24347107439915297
1.006444439220957 0.3088143626711159
1.0062923205443108 0.3750467549335091
1.0078015995917797 0.3981139683476606
1.0015734436754022 0.5150866117059727
1.0057233240603873 0.2496845579674097
1.0023221638997162 0.23566467734357807
1.0090029962671738 0.3441765530631803
294.7181717782443 0.22004374145596894
1.0057173042268746 1.2195901981825765
1.0177996377556824 0.9648245142735454
1.0100222284122746 1.0196979890338633
1.0008835178087172 1.5951684884805273
1.0056955849506772 1.8876351490261418
1.00211632405071 1.9839212663934664
1.002780184157652 0.719572113240001
1.0068820227598079 0.9857450398336143
1.0040304004522072 1.7092693913148123
1.0108886517020559 2.1685483601835416
1.0118131762454272 2.3315348791958
1.0111726927645033 1.226606998062354
1.0079458840991762 1.6184577648746508
1.0019791066835737 2.0564287234037764
1.015443811639704 2.2787574436979288
1.0094919515859437 1.758787200855236
1.0106008389350862 1.9828866725835994
1.0028148115251594 2.1441524511154126
1.0034208496945278 2.017499006850015
1.00514119560938 2.086889053673401
1.0040409616816675 2.0944091278550694
1.0009028751497724 0.9697302431629313
1.0082729496875 0.8146378964448711
1.0071406680916357 0.9601823689227243
1.0069108689671844 1.4170687500231847
1.0095299794189199 1.5881266880312428
1.009361597517162 0.5771512545953106
1.1112746895460304 0.9825514016426224
1.0343970888576397 1.5610679618919883
1.0079292265084796 1.809322225676312
1.013106893214745 1.200082577618856
1.0220602251176574 1.5336400993601675
1.0132824793971331 1.7694005698779605
1.0042891334705353 1.6204984864832868
1.0253630631126447 1.7254866690103494
1.0081088148172186 1.7524433405529407
1.006777569308684 0.7225520096144851
1.0097735730546291 0.651830702159313
1.0133621355109939 0.858983220816718
1.0035597111843781 1.0753986649201865
1.0088528030588162 0.610440892893285
1.0207933889766239 0.9478489333081055
1.0060836393415695 1.1810109854967727
1.0231590414692764 1.1021730425559113
1.0113404837364062 1.23093301757691
1.0063088341234128 1.3137626406315346
1.017776085939215 0.5837110857310515
1.0120873726422694 0.5572339698157993
1.0076566368554793 0.7187490057842634
1.0258071464974066 0.7138432977463274
1.0382794000010127 0.8146558593336273
1.003276011081914 0.9457446975064581
1.002710533470012 0.507635428656557
1.0094974622552046 0.5290665997379506
1.0244488781214214 0.6629564257899141
1.011589215137672 0.4528599265726252
1.0030671279907886 1.2195700197616839
1.0087445346048054 1.1316552169151155
1.0344805178613155 1.1711009013086087
1.012154216481144 1.5540864277001105
1.0015292820194017 1.7171076432179229
1.0062569797554681 0.9244298173285035
1.008433818360997 1.2062241694521898
1.0047047020022484 1.6477508688450921
1.0097342712396598 1.8674375217155963
1.012703154853434 1.4118619528946081
1.0066492189963643 1.6827557412001586
1.0034854418251924 1.8739023756771727
1.0033857355068303 1.7860198727827745
1.0071090520784645 1.8743733610360507
1.003105944121709 1.9239902708103849
1.0099338917605616 1.132531400008449
1.0065782633740237 1.0612139095672162
1.0094153999992985 1.2635354989851886
1.0017531081720985 1.4840787974107812
1.0141385035641408 1.017149994940438
1.052383456464558 1.3572822360100183
1.011242002711905 1.5922199675981696
1.0103410050114474 1.5120888721223888
1.010334660181933 1.638988424865969
1.0047166696726204 1.7250964785854683
1.0058203328266324 0.9704111504536375
1.0145007661917012 0.9341336091159727
1.0022660662056313 1.1238282162993976
1.0267351452474038 1.0984843981146892
1.0083929769382158 1.2289327881654133
1.0151914481535795 1.3593118345684052
1.016260587321911 0.8257382512507994
1.006475069221901 0.858665287623967
1.0068909081869735 0.999206254760394
1.0014016912588501 0.722807301737798
1.0036012417290503 1.2195803191231855
1.0203980413717126 1.1788409072821533
1.0026625690100053 1.3003412456908814
1.0060958990886175 1.4693562402378042
1.0218329820704253 1.1639586432968416
1.0041316204435904 1.3924072222953232
1.014328956621661 1.5543074650118283
1.001267826604356 1.5344332669151362
1.001415589531126 1.6235652038519444
1.0034241513055921 1.7190554608137314
1.0033391713349418 1.1775833378274618
1.0119316718402211 1.146392762901484
1.0086586573106597 1.3059924193152221
1.0096739704445763 1.3024175533353732
1.0113758273119269 1.406033905717253
1.0005813194133355 1.5364461539355674
1.009449297000787 1.0786028468231774
1.013277783903315 1.1084629394996057
1.0091355182177284 1.2504183052778703
1.0014962088697468 0.9697690297535013
1.0012204901476265 1.2195589423088746
1.0072703264235126 1.1989764575523647
1.0004437945883595 1.3068833584158255
1.0057983630923764 1.3304697435402304
1.0137880541715345 1.3978047793383688
1.0046176458821081 1.514092639531983
1.0128793145899424 1.1953053657992747
1.002339614057383 1.2182791795208363
1.0139464225861845 1.3468986790008128
1.00739073039125 1.1333814700100475
1.0013569463971714 1.2195682241582895
1.0053775852535114 1.2356768693112476
1.0011487227968405 1.345086752427909
1.0037842659726504 1.2040563501261932
111.27422699991483 1.219666398362366
