1.054567308249763 2.859215643624172
1.0002101493832187 2.295572479164351
1.0012429682961552 1.559696918498181
1.002541049586553 1.9977388774425102
1.0007801196408557 2.563319064027755
1.0002590709149257 2.419624721556704
1.051782463019017 2.929626749721735
1.0018148410094843 1.8876572189564254
1.0056490645170788 2.1711379934802624
1.0084547653318732 2.6502575718971944
1.0062182296160107 2.479594724471583
1.0023976634409744 2.6396482616045693
1.0025675858026866 3.055424023546856
1.005945313527679 1.8120797441966492
1.0036738276778834 2.3071572618015224
1.0102016531454652 2.7869766375661245
1.0015640947075877 2.2899748493922023
1.0038813420762982 2.4569440020094264
1.001127142816958 2.428764832083218
1.0122420029208263 2.7100485879309337
1.007921218106856 3.0109883998977933
1.0022417866240572 2.180553704204596
1.000944816201818 1.917870895551883
1.0028488079374456 1.9393030306730972
1.001904785970642 2.5024196987470306
1.0021635686587942 2.895096938802776
1.000877799324345 2.939303249440808
3.1804014077018126 1.9515016829587062
1.003398604306082 2.453756854698972
1.0022041504684531 1.9095468499511887
1.001614323612791 1.4238852298094908
1.0069441663103293 1.559014531314926
1.0091515509706153 1.642567591781789
1.0030741470928242 1.698491589566499
1.0030377289845227 1.652847684050744
1.007585223278032 1.584560977115225
1.0102299576254712 1.7934786739633644
1.012563395318056 1.940866479894528
1.0052301742054313 2.044221264089746
1.0033687999698446 1.6313916557382868
1.0059605527913005 1.7028280858470808
1.0088144553257352 1.8500386013940884
1.0054294634633747 1.9808412167985943
1.0103726632334662 1.725017785638713
1.000736129722375 1.7607842798555629
1.0014630906417787 1.8543101184975914
1.0030559112142245 1.7716508844939087
1.0078516279651417 1.8008310017194025
1.0026537960291853 1.8026154157972694
0.9994136461351493 1.917949272978744
1.0059963404665713 1.5432926756796133
1.0004681535161506 1.1679921365892716
1.0085766343806066 1.316717873175696
1.0003196822936644 1.4242567852412629
1.0025908415893106 1.3346909736200216
1.0087947008460423 1.290038778590766
1.0155238915286664 1.4365390229505355
1.0014413832052151 1.574953339026857
1.005094368415603 1.42247142572147
1.0067590352670719 1.4785372343523728
1.0054465403015587 1.5795111190296325
1.0047765799011046 1.55157424699055
1.0082873843760671 1.5849456853663417
0.9997398889803395 1.6311744884799049
1.0043702336358742 1.4283919378754653
1.0043433399687494 1.1471207480308658
1.0056243212490517 1.0683173495913019
0.9971266883950958 1.176379267442726
1.0064654906950357 1.129933808397848
1.0006157646932767 1.1521315489088377
1.0086574301987112 1.2634808128575048
1.0039839880881902 1.3028908581292888
1.00095795753024 1.3340248985334608
1.0052215521408498 1.429613487928949
0.9988058440342849 1.1022945385049845
0.9996999882967904 0.96598956488292
0.9997160097202907 1.0177326430823193
0.9996994249213148 1.0964686487467001
1.0010609515459832 1.1163674299335538
0.9996258704962023 1.2211407185299292
0.9937193437717349 0.9597880162936308
0.9971222691448477 0.9454491608770312
0.9948397234446744 1.0514856492251328
8.693875505335724 0.8945433762873053
1.0084398353541073 1.9286739382474694
1.0087267188841804 1.6773302025813122
1.00775348275557 1.7269808220692593
1.0032361715816305 2.302635314233979
1.0026553729556145 2.596773427306038
1.0161703327891003 2.6934825161181557
1.0014495066654598 1.4282926194136425
1.004646861858631 1.6960996675762428
1.0163965649957627 2.4152345487361826
1.0082294902019988 2.8773552416755543
1.0020437882379827 3.0412594453257644
1.0043782071654361 1.9329925301070763
1.0066141007738472 2.3218395077625376
1.0023903206958644 2.7661036803799557
1.000995006946078 2.9827990995309985
1.0041553434708477 2.4646184084187652
1.0070146895729086 2.698034764180159
1.0056082320680022 2.853338776042858
1.0051139995192269 2.726188225869585
1.0139318426438055 2.7944810043581705
1.001688411920741 2.800394757377558
1.0044309396586917 1.6786171687953098
1.0056733588882456 1.5252723132866173
1.007647496062408 1.6699705667032638
1.0101168363085218 2.1284425340266293
1.0081945452224137 2.2928912272218485
1.0083182250128662 1.286567221069464
1.0077769535418553 1.6895984608665218
1.011853244009471 2.2620518022950833
1.0057781753841395 2.5165503448525715
1.00324359814797 1.903334747898969
1.006332566434876 2.2377358827988862
1.0054426340302023 2.4724969958054706
1.0194435743825967 2.3388471082645768
1.0117808178502008 2.4325743405719513
1.019933803772487 2.455665072501286
1.0047760161746209 1.4303108908005893
1.011165801504145 1.35867454915297
0.99990918507126 1.556754760233547
1.0097847898156924 1.7816705647752766
1.0069182341789404 1.320218770367509
1.010704373614179 1.6550039358013482
1.0082620041980337 1.8875726304627227
1.0054616242031542 1.8200006819496821
1.0137427585198429 1.9379079738030724
1.0093163987162104 2.0166541858626825
1.0019139317480878 1.2929318897992423
1.0012575096810483 1.2517014920877345
1.0076469475643683 1.426741165018498
1.0019212943491653 1.41545952142101
1.0012046642024595 1.5418058012195037
1.0009649944788108 1.6563838163695164
1.0003412612859015 1.2292861412086533
1.0120463738435783 1.2416510215529277
1.0017147149799233 1.3696313926375456
0.9945438348943844 1.1609265171588306
1.0034935361121868 1.9273504550861773
1.030764561214138 1.8530345674606465
1.0262550754904567 1.8714257969017292
1.0097259332982802 2.262066899240515
1.0041558043725116 2.4280753624390714
1.0027060755197128 1.6317677813274678
1.0115889175275716 1.915362184118516
1.0065910772494682 2.3533291974832418
1.0020017733022908 2.572652511411998
1.0075194534382637 2.1255864285558834
1.0038400462131614 2.392601155411225
1.0030342617338985 2.580602956597361
1.0188826968119753 2.4947836031924515
1.0030673556051433 2.586805732211711
1.0008114853864485 2.6317581799195593
1.005815360550121 1.8419895598466471
1.0075982274040538 1.7713575453722297
1.0094226354824556 1.9762587812668155
1.0021738243628782 2.193013699239782
1.0053777354476536 1.7292892126343347
1.0108717563812264 2.0637583760880136
1.0089630880763445 2.2980661715538946
1.0056407878029243 2.2340014891768156
1.00549142403502 2.3665366377433603
1.0097150698335298 2.436882819364814
1.0055138256707554 1.6829377725266754
1.0003507417097919 1.6380569176271527
1.0108041278321782 1.8344477121043452
1.0068346795656227 1.8101341029825062
1.0291819625089456 1.9284239643790082
1.0046529168218274 2.0771331934902784
1.000615446713353 1.5360746211926721
1.013674291225454 1.5641982308843136
1.008351588196871 1.7087197210710028
0.9982777034408417 1.4274729273669378
1.0049743333878174 1.9325068881464351
1.0040658326242842 1.8866007306423687
1.0051736466903483 2.008825547547962
1.007081626365213 2.186149193352424
1.010737119271205 1.8772370550453683
1.0130670000935227 2.104779733790207
1.0058959949278696 2.2604632907726505
1.0039646003253908 2.2380412010316864
1.0120070477013563 2.3355088529642103
1.0008439135320097 2.4328344108198072
1.0122659437949528 1.8899309988696542
1.0078905873911344 1.8564328334087352
1.006030806100547 2.017822800037993
1.0205375303781123 2.0119296378318507
1.0106528723756125 2.11636084050512
1.008043721011989 2.2490209195482205
1.0022192465053774 1.7847093392787663
1.0044760978853124 1.8182579985421343
1.0332352816674197 1.9580191650356533
1.001558851166882 1.6775330170631992
1.0025486262500831 1.9272593965702296
1.006346213728654 1.9077271181397988
1.006348331205835 2.0155974134003545
1.0059678662683451 2.04401971757573
1.0015896724034399 2.1063628685284277
1.0036765367889386 2.2232556066542877
1.0015233746951804 1.907599140397885
1.023430921101268 1.9309425789857118
1.008730953526548 2.056738264703733
1.0075530269910689 1.840623104629004
1.0026754004166498 1.9268661043178315
1.005845112083201 1.9439404710269519
1.0035375961558317 2.052717944484611
1.0072571837626958 1.9131314486835385
16.647466258468032 1.929280082095314
