153328.85946468238 0.7933767302566352
1.83501028673764 0.8390181725844771
2.147658551200403 1.0359851182092743
2.4710444426824565 1.4208724655201224
2.6020257354458263 1.6123612061631893
2.6932375207107286 1.7289833597138184
339088.1978945083 1.7330115457441284
1.8695424982696955 0.848653688919355
2.1937793166980963 1.0156484953175606
2.727641214969171 1.6306361190239067
3.08748760165238 1.9536584657088663
3.2171740217426583 2.1275348584751064
3.225471042381009 2.1456185037610647
2.2067184923741086 1.1856513064685452
2.4345216471791074 1.4817334049938873
2.8509552259338293 1.9339050379031302
3.0254135155600004 2.0727677851538235
3.1314892934523813 2.1659656141530963
2.5408307307059403 1.5660083509133242
2.649317722124046 1.7493220636173947
2.8027884361921918 1.8874781782620842
2.918459885766352 1.990754825301582
2.6345434588166636 1.7109609778168424
2.694127704287918 1.7766126446291841
2.7903731641478564 1.888437864191638
2.670221993907513 1.7420149328714243
2.70546420770653 1.7879215218549749
342327.24301927706 1.7631595556594455
2.6957062614723637 1.5864701471987888
2.171954488803168 0.8992090183621592
2.0151038965732564 0.9415521285274354
2.2425005717063926 1.262985442201722
2.424334396834824 1.4423567064000244
2.4815509245127805 1.4629582473051674
2.0935354284617143 0.7924063758715403
2.1747808995498543 1.0575070953288264
2.4194870809783406 1.3949883113445305
2.6998477456374115 1.7041669333388083
2.7579135281286455 1.7205806121719398
2.219573875626704 1.1856578835972948
2.349958177493405 1.3688065745939606
2.573790333486555 1.6042652620493612
2.7418648501493808 1.778356423859567
2.3896480387564423 1.435974434617751
2.532765884598396 1.6073824239734575
2.633225368922364 1.7133092386809552
2.5372440323677816 1.6106970348165368
2.5739744483405107 1.6778325541324781
2.597379640667438 1.7077943874722457
2.51801671507384 1.333751951093846
2.234119459042 1.1573391125249413
1.9896576259670704 1.0181086693147
2.203509835519028 1.2281790004206934
2.2350882442263513 1.261704328466874
2.049590583829156 1.0335503970175002
2.074044099190945 1.0606184904922165
2.2144813119801388 1.2431264706850111
2.3684637405794122 1.4080497384357713
2.1963417800123533 1.1458651301367606
2.245714091585477 1.2913772194807833
2.371097473792001 1.3792686615519498
2.3166651310677255 1.339338205719991
2.3797037163309325 1.436264654028124
2.406562341992326 1.4405814761244429
2.2183959316032125 1.2259198561824
1.969025313319717 0.9190923756340934
1.8835355294663532 0.9025286914099597
1.9950648570546246 0.9864727253612681
1.9212874887655214 0.9017671337648131
1.9749635169911692 0.9522438617287549
2.085041711471682 1.1232491938725229
2.0974235563842654 1.0973294686874149
2.1591310642812918 1.1776234357635533
2.2338298448408986 1.27443243981964
1.9014967143037376 0.9097556104289668
1.7738275723678079 0.7908173040432516
1.8663714026838116 0.8949411550789267
1.902498242544425 0.9222435038505945
1.9462113436167532 0.9632731904952507
2.0656747334796357 1.109429871700876
1.7851894249744995 0.7912703935991846
1.7805046868818875 0.7876921168080582
1.9389601336202165 0.9689808973133859
149309.64267776723 0.7661626400890507
2.517320629922357 1.4159815458743679
2.270021770346362 1.200589440851937
2.434153198078686 1.387219044791372
3.032112435270326 2.067431132683942
3.337012599486522 2.390290946912172
3.448325442061729 2.5405530428258905
2.1726314811084753 1.1578486774320127
2.377076397452684 1.3073658748344938
3.1064193120310817 2.0722936781325485
3.5678680479803258 2.6172348973591566
3.7274959886019614 2.6399802026464645
2.6703914813392364 1.7006506113284874
3.038514718357939 2.075548029089682
3.481937091475825 2.5430998173798804
3.688647455769888 2.7839538673407733
3.1930424804719486 2.303416940111605
3.414430247348043 2.5005685656926047
3.570840696748875 2.6942552410910214
3.444575757617762 2.57159526999813
3.5162599049294183 2.6544345377684726
3.541041888934237 2.632265862471903
2.352831265405545 1.3123864810824375
2.2413142567145408 1.139034376175612
2.393816863553583 1.3498722814733868
2.8394640631197254 1.818593315630339
2.9589405947291354 1.8421824672446658
2.066598499832613 1.0836243084972867
2.393696148142748 1.3295251258308391
3.030576561205043 2.0658143732329606
3.1932453779809484 2.163373799862168
2.614814463290458 1.6106080611375457
2.9600666771151305 1.9744039863465586
3.279349415737399 2.3040726828544074
3.014575593690441 2.029225421938759
3.1119291827067865 2.100666712517617
3.084352033654702 1.9893033113701608
2.1955797776682893 1.2138563182102298
2.140611330551633 1.1565832268091751
2.338589064352978 1.326626930248477
2.5632190855113897 1.5949378396150267
2.088536502186381 1.0912173454717755
2.4282179066253646 1.43355674130648
2.6537830415351804 1.6838994664089506
2.571355146993053 1.5651460493108038
2.687294682955328 1.7228216096372224
2.7477442165252435 1.7830458962469606
2.083118294154603 1.070181852602722
2.0836819532000868 1.0580474152119286
2.217536633086611 1.192193747026212
2.215188461172387 1.2401325197527049
2.327423756614261 1.3162241552314387
2.432255398452958 1.4667749553151759
2.0212223639643208 1.0053605516653987
2.0426739432236607 1.0478296195549963
2.15958809168093 1.1236380201204725
1.9867779333503544 1.0202134688978584
2.6890298720097334 1.71976239613095
2.6199271723012414 1.602332645759684
2.628487246557635 1.6329655198289836
3.027511889000346 2.0852648292482288
3.190001131255708 2.248496140555036
2.4095077665959495 1.4533442194524282
2.66179918734244 1.6899805710184794
3.1180890361339078 2.1878500158882965
3.320198921786625 2.371092468933493
2.868436817152947 1.9216419761684447
3.150570091605461 2.216050434300123
3.3286900252308893 2.4170986816619076
3.2336893120843735 2.3405257661935632
3.324469100340387 2.431214037270113
3.3646381903346 2.4916651736922546
2.6159637932525963 1.669275428658524
2.5735288690043103 1.5835121944062815
2.762684671855167 1.8167383132121335
2.9602866560298535 2.011992324818917
2.4924543977782907 1.5182454128511809
2.8386934273774704 1.8951247070994617
3.0585549487147023 2.1265759500595394
2.974175504841063 2.018976260645048
3.1053865264727065 2.145724614301574
3.2070350178595435 2.3528310817328473
2.475271210071724 1.5317838693023687
2.4698677270870286 1.5366388668457822
2.6252031149544965 1.6596021279078017
2.603135383163952 1.6427963223869786
2.725692346940427 1.7744380734811203
2.84228704908146 1.9070642446383288
2.334649962538199 1.3646442337677969
2.3621162770087665 1.3744819144305072
2.4939922412063655 1.5019799308459922
2.2404035855190814 1.2729496324438183
2.7103458064652695 1.7790817053813262
2.680177660398641 1.7290403989727177
2.8020418057614958 1.8774237289209825
2.9611565260287365 2.035523537157573
2.6538790448426117 1.7121412642112417
2.871253414937643 1.920023422283756
3.0408673590111124 2.1057412090242593
3.011006559179716 2.092114840655129
3.118666874298132 2.1752134025308676
3.185268363512799 2.277331318694258
2.6771328380722013 1.7277865261894538
2.6537636152496145 1.7209973332117423
2.8117787450833633 1.8868381220954324
2.7926190546370315 1.836216876103647
2.9082145318516277 1.9875554874413255
3.025907669821891 2.1266432207739676
2.6072357168111857 1.6370636383486727
2.6186990886798496 1.675447807656474
2.746505913800413 1.8065739448662264
2.4963165310506796 1.5266659928336628
2.7141485928857176 1.7784347283707866
2.71765938202263 1.7654973888705388
2.8092462010163812 1.8801560545198002
2.818780347891946 1.877139614006257
2.8882314029049883 1.9390426948781494
2.9974658494426967 2.062441713000024
2.705380924775439 1.752329896519874
2.7372086034780754 1.7970596465371727
2.8428059881138847 1.870248046296818
2.6497022856055232 1.7078326737835
2.716747703827351 1.7600233862866008
2.73672704839137 1.7939899976777829
2.8390876650197483 1.8770766890013264
2.71178506040417 1.772308378518556
339885.4219729185 1.6940160631988057
