1.000659747845438 1.9818465085113595
1.0003760323598083 1.8971090823590455
1.0017911420683685 1.5661165935667327
1.0024946732602995 2.677348017340641
1.0004200767792226 2.53861365463358
1.000309104080661 1.9885072036646942
1.010113966093162 2.96130594784832
1.000058720413143 1.8503531083819866
1.0018948741685931 1.8180384224482493
1.003739367296922 2.415899852511619
1.0019197175066252 2.981907284737998
1.0020571722464513 2.666418504327723
1.001494779380743 3.692845581639509
1.002399298593988 1.9347546895319017
1.0030816573370196 2.09920767675385
1.003020464236634 2.1565646860191854
1.0036995182195705 2.3053769215430866
1.001656253857323 3.192681443590419
1.0023479318928266 2.42869833398243
1.0022358525692734 1.9774591000234722
1.0033326481403526 2.0650807820596966
1.000754590099123 3.095970213186674
1.0013886017931792 2.2655458217392423
1.0028545773950803 2.4220226492798895
1.003081459198586 2.0609658506876665
1.0005973277378215 2.8974653857244217
1.000325033907216 2.9415928242338722
3.781614735220859 2.930520946248223
1.0002312898669068 2.45964288977418
1.0018672573715066 1.9116075568444773
1.0033092657074254 1.424925602117188
1.0036185308710825 1.5595909340664493
1.0043858606889233 1.6400311273457064
1.0029508013760495 1.691227683105156
1.0021944527462692 1.6509810831334446
1.0032168963654173 1.5824744065600154
1.004787164674354 1.7971564052426363
1.003676099667834 1.9436622972953632
1.00192430027605 2.0399291720007664
1.0049450718123734 1.6351086935425776
1.0045501189644275 1.7031755960307833
1.0048446150703592 1.8473407708751297
1.0024209786970828 1.9870463198768034
1.0018355125558198 1.7212297396661924
1.004057987092381 1.7616275125463425
1.0019751562990955 1.8552855023670873
1.002121280043754 1.7732884200436643
1.002228117691163 1.7963947632504365
1.002691439847035 1.8010865594865664
1.000221268757097 1.9211709469192733
1.00384346130439 1.543411874542661
1.0065242053581729 1.181294402585925
1.0039286003944368 1.3221016079019534
1.002183970881748 1.4257858764426383
1.000566211248802 1.3370419037841956
1.0059928854874318 1.298469153776059
1.0017047885904182 1.4444451338384239
1.001702355632273 1.5817220577080109
1.0036054282881013 1.4265409276787835
1.0070677191074164 1.4762501137494797
1.0019857396583627 1.5829975056824943
1.0026600900502256 1.55157442180399
1.0037118943952084 1.5853869754809902
1.000394959802098 1.6347779415659032
1.0092265298474887 1.42957928635458
1.004057399794041 1.1422222902372539
1.0022409014942135 1.0667567127190674
1.000864852553736 1.180570409918151
1.0007593920503366 1.1325704902275995
1.0009368001997931 1.1736167195891813
1.0060645237697454 1.261134263580765
1.008863980762236 1.3004516752544748
1.001049234491996 1.3338092281264031
1.00028555749828 1.4320205168648354
1.0020547792161751 1.1030839674797361
1.0025817842223879 0.9549521481841964
1.0057461329032427 1.0165653929317695
1.0050923171861366 1.0821398267681195
1.0029901805537849 1.109611549716798
1.000900552091261 1.223267524009421
1.0009623896783548 0.9614411828500372
1.0029279159811724 0.9440045710019432
1.0001346475647432 1.0510696964907305
12.195846962609915 0.9325456810605127
1.0004327227931353 1.9294457791261268
1.0029094030472634 1.6772296651259635
1.003736124099117 1.7242659455761584
1.004901866852949 2.3029855500821474
1.006787948271192 2.594995039768849
1.0026556128443882 2.6943258717545717
1.003060485054849 1.4279639718429182
1.0059781737715587 1.6894090792342775
1.0020435781725388 2.416337141688108
1.0039981701777878 2.874805237922887
1.0013031615674994 3.0436935957527282
1.0035452832976868 1.9298619418788876
1.0051191245459004 2.325578058791208
1.0060904649131461 2.7637453736874775
1.003430765085493 2.9789793469425376
1.001575860456695 2.467852663983707
1.0044156031401483 2.693334075801564
1.0015428278957497 2.854636870477899
1.0027378039739432 2.7257948961716107
1.0023833114602718 2.7988093464883157
1.002986208817419 2.8061049899956627
1.0042846672031278 1.6791695531941384
1.001331274613587 1.526683751361057
1.0070595675018479 1.6691929839716217
1.0053217851191172 2.1275455083067953
1.0034719662466312 2.296868398871497
1.0020093825706824 1.2851231378188752
1.0056764808487537 1.6821117533606658
1.0100519024675587 2.2634919565890392
1.002202755911404 2.5161585836809004
1.0028997909488089 1.9104080861655022
1.0062188318815888 2.2484911254932647
1.0046389257011716 2.4759470727731627
1.011932640969531 2.3267430869500356
1.0058066025786498 2.4299889726764046
1.0027686046491684 2.461775917808482
1.0053648001456472 1.4326037330980974
1.0066703695218862 1.3505763519071543
1.013646076274015 1.5653951241418054
1.002629566445665 1.7818070408725042
1.0023091572968104 1.3174008583401042
1.0039745542568652 1.6534196742610077
1.0082912904767622 1.8869538108112494
1.0066726772405707 1.8122491411069919
1.0061001092187842 1.944513930484569
1.0006735765044241 2.0223244089455887
1.0057087951702286 1.2923814912963172
1.0020731376407408 1.266767671567491
1.0034887020113956 1.4200291015280693
1.0187058622192746 1.4254117186516564
1.0056773232995997 1.5290423503877204
1.0031438304588363 1.6568345045536144
1.0053578279883808 1.209803237262095
1.0033598030012199 1.2379281595689386
1.0048079369847764 1.3660187503779957
1.0050847882312277 1.1646788265328911
1.0031164516836193 1.9279080760401979
1.000875637562568 1.841089431858868
1.0073794086985133 1.874019040802538
1.0018940240772454 2.2683481861895225
1.002067206699094 2.422921495561726
1.0019055386118205 1.632945930080676
1.0039143741748555 1.9127751625281098
1.004145640653785 2.358339739036049
1.0005277180753611 2.5762345542997864
1.0017884204889622 2.1214106449933636
1.0054250391677577 2.4096950133659067
1.0020383906419996 2.581750980034937
1.0025228106447976 2.4993275050090578
1.0051030896924509 2.5859926655174057
1.0057172713936593 2.632292715987014
1.0009637595663157 1.83890556513257
1.0002841942241054 1.7718878982427517
1.0086961323653947 1.9738762832840495
1.0003861211068252 2.1842864445288708
1.002625268080219 1.7280699993087896
1.0145738859576263 2.0632334994076014
1.0063069504588409 2.296724604873736
1.005739723943515 2.2393608028852814
1.0052035948034932 2.347746235525287
1.0006709476752609 2.431706370090069
1.0075263087270703 1.679582564420389
1.0049095061988034 1.6417692321660649
1.0035085996280748 1.833430072193821
1.0151742521633214 1.8128437084597944
1.005614077436073 1.9342649644122154
1.0061307257915992 2.07377603083521
1.012452539633288 1.5380280207464745
1.0043538163148131 1.570014221308806
1.0086559358903908 1.7097516483859234
1.0100661264124478 1.4292639056503842
1.0018514380400694 1.9262289553564793
1.0018106112291902 1.8903715356683466
1.001436461990889 2.0104937430310907
1.0024929560427784 2.179657541536481
1.0013194514823924 1.8792856838126095
1.0015248649302047 2.101452104240072
1.0024311065986578 2.262364258660387
1.0136960309736065 2.2427868275059177
1.0042783176368173 2.3309874090521436
1.0018212968710678 2.432796236980433
1.00356529826352 1.8846245476958954
1.0004314775888739 1.8522904150614756
1.0027217224046432 2.031813289907725
1.0032322308425428 2.0131940864255933
1.0009734399260952 2.1170975424624148
1.0022378793932947 2.2441144442594165
1.0035629892605864 1.7863840606786392
1.0080639107582439 1.8182381333967748
1.0038863478832192 1.962533275534409
1.0033455824815176 1.679506865898261
0.9989202789421465 1.9301543825634273
1.0053999696232323 1.9051363222917617
1.000357862134329 2.015680313667623
1.0014208598581549 2.03815495328528
0.9999986976827238 2.103700564653596
0.9991896804897232 2.2233104934394463
1.0041964355145363 1.9018979376789011
1.0012139038293024 1.9272143123282741
1.0010669636545173 2.056028569265275
1.000471374454966 1.8402534925994436
1.0002610713410947 1.928018872338098
0.999341457785326 1.9425832506123946
1.001284412046247 2.0550410786463065
1.001551066094677 1.9115827170332733
22.174438287513205 2.014049816647586
