1.0199179966724843 1.5828013829785912
1.004002151026082 0.693141245023501
1.0006152077209995 1.4632999050464757
1.0015132816327021 1.689455500735472
0.9991277485817928 2.2031103001422028
0.9998221665246524 2.375640104661436
85.41983973270213 2.2359070858864376
1.0036256140343163 1.1471342208021869
1.0047113206003973 1.2396511816154783
1.0108149055500093 1.6593893126661814
1.0176690614287038 1.771342351517708
1.003155218069477 2.7809253945666015
1.0009716402006061 2.9829379420291495
1.0057449950261672 1.1577522121849464
1.0201207723096017 1.5205226656326771
1.0031806862692758 2.109753973515194
1.01302900423741 2.5494724993603834
1.0058884259065626 2.208768993189999
1.0038366397204725 1.7008713702286873
1.0040502492902763 2.0039032622916855
1.0001587446984328 2.2094496394459893
0.9999753047633573 1.470726918422265
1.0039473756050206 2.0467850442577205
1.0018200673507471 1.5751158567258472
1.0074975609137318 2.3072993271529194
1.0036983921078981 1.213919760530693
1.007039035703589 2.23078705998102
26.450830387812502 2.059221275427705
1.0035941514944404 1.7463280603891231
1.002621830889999 1.1975762301716038
1.0070220087375907 0.7146280614445544
1.0152880710982157 0.8456688901129947
1.001827579066836 0.9321096781860555
1.0004128199016782 0.9843472048229609
1.011365546510169 0.951224160703571
1.007604767471988 0.8695197537165347
1.0070566623558217 1.0862335238383365
1.0077254984428452 1.2413291720763893
1.010256835862489 1.3318454578103613
1.0078162031358964 0.9205747824931277
1.0212838539231872 0.994060742242591
1.0229844091940068 1.139173846764327
1.008185577371781 1.2825285090697824
1.0010065920439926 1.013480009247056
1.0133828225814405 1.0499045834308114
1.00777390690606 1.146379946486262
1.0054754615123727 1.0633982024566366
1.0142281119164942 1.0848263376564589
0.9990858066944031 1.0944772630660728
1.0027293446479666 1.211634130805587
1.017225496432143 0.8304055290075516
1.005481734756716 0.4688016245620062
1.0118803272683774 0.6076936003377404
1.0015496906596255 0.7184198784353694
1.0089137509442954 0.6226532803722875
1.012140743858219 0.5850158166331819
1.0120148115043388 0.7298142709845731
1.0096046324674137 0.8640469739088346
1.0207188300752918 0.7166860414333645
1.0107490685226839 0.7652668284413371
1.0197245561527115 0.8726934590957578
1.0086549681801797 0.8446098232263655
1.00821769304377 0.8765857517657224
1.0069832090628257 0.9262168162162197
1.0109543167668196 0.7163059783197621
1.0043779955082905 0.4345004292282808
1.0043551296562332 0.359518780123412
1.006270276428161 0.4693367848582236
1.0148537835321694 0.4203554877934138
1.0128131035772965 0.4622028262934535
1.0075560411769815 0.5531154276654433
1.0111606289298025 0.5928655385739802
1.0179584968799293 0.6223611967064274
1.008995707693793 0.7197287549461271
1.0052918733012284 0.39322578852449086
1.0096736283800252 0.2438381313214553
1.0018515373158612 0.30701909219673834
1.0046420049678875 0.3757621236692066
1.0162424790489035 0.39915308551389794
1.0154440683247357 0.5172667197902359
1.0005318521316746 0.251131174112145
1.0053230834807747 0.2355596780162494
1.0059290713639542 0.34548015353442857
77.50352232406932 0.21976852003225478
1.0079863193465057 1.218735324389561
1.0088565283599424 0.9672838914497323
1.0136107511054526 1.0121810065666172
1.0031917550039258 1.5957085533237823
1.0006144438720974 1.886205421832067
1.0026913599358047 1.9837259313285722
1.0128427487429004 0.7229213907148716
1.0061280959584162 0.9846672757907378
1.0065384089095895 1.709313012331088
1.0086322760661801 2.1661148434542774
1.0058762193908735 2.332821324048639
1.0078231140196048 1.225525572890172
1.0187245649216146 1.623344674963174
1.0219036570925268 2.051501103264888
1.0074009189857385 2.2769375309408497
1.0032183793226785 1.7589974794104255
1.003527171920026 1.9841059164654773
1.002970823898148 2.143775962821283
1.009125430497674 2.0172313947256217
1.00821137378095 2.087585126022075
1.0004152889121274 2.0942035841257987
1.0054636395082972 0.9707773516965186
1.0109747173008783 0.8188668420119393
1.0160952600695414 0.961613447028135
1.0121197959986088 1.4202689327487938
1.003984752088872 1.5857284369423774
1.0105947756807696 0.577935585980505
1.0169566655718998 0.9794531768875214
1.0204491763250927 1.5557314762899581
1.0041056818177787 1.8058154639214625
1.0185058422299365 1.206763699683103
1.0370065761710094 1.5369146479952887
1.0700561701449802 1.7783781787914776
1.007014233282408 1.621243413286925
1.011283545480405 1.7254161741140037
1.0171203189970563 1.7573781755756728
1.01238538690782 0.7226208471289718
1.0142953068072385 0.651011352568714
1.0290683334077055 0.863456171645733
1.008247760035992 1.0720153395313694
1.0128672469325737 0.6091698848810014
1.015370814354126 0.9451937896479992
1.0132377577470955 1.1785253266114388
1.0146896419822606 1.1055704049698019
1.0242785991251457 1.2266551852933538
1.0061120657955596 1.3146079274413855
1.007360531334487 0.5892428939288221
1.0020968272860147 0.5563683752279094
1.015171608459163 0.7162570603763391
1.0118761735137702 0.7163574086930331
1.01250289595419 0.8161306904053879
1.019997812939535 0.9419142379730757
1.0051342865884147 0.5081215627021355
1.0150547432418582 0.5277951290508679
1.0193286743710115 0.6548312851361549
1.0064647942242178 0.4543520892467112
1.0044992227066174 1.2195511221841742
1.010312429798209 1.1324091672993633
1.0092402869010648 1.1613692826688078
1.009935741098862 1.5504222001426973
1.0050481396744926 1.7156404494237354
1.0030322748468405 0.9248481620822426
1.0119147856286608 1.2050232279711222
1.0196987701243592 1.6473457355717032
1.0042691905642829 1.8651852545944394
1.0034950807006373 1.413232496680291
1.026853841440992 1.6837689735024797
1.0059861532150176 1.873602014152356
1.0306022140988014 1.7834230292974858
1.0080171871413304 1.8756183846456242
1.012078450602146 1.9266281226894202
1.0077430812638533 1.132225612079893
1.022861414369435 1.0635903498448083
1.0084195470228703 1.2630594786148632
1.0086778860716488 1.4833130974257778
1.0431288614333736 1.0167494038770761
1.0503887313270153 1.356328121070081
1.0211722680929873 1.5862313356228404
1.0401583506748555 1.5162902580833815
1.030021436710689 1.6366027559629082
1.0173370135478859 1.7221792668449267
1.0178885756621527 0.9679160244284432
1.0123962839289218 0.9319192061099086
1.002905691272779 1.1232659917810275
1.0195975173291507 1.0991788242318252
1.014066243514388 1.2300129499092147
1.0065134049625903 1.3628937255587021
1.0013134527944139 0.8286673515877145
1.0216779781858074 0.8549561210488097
1.0162542735840145 0.9983655016105424
1.0029996373891013 0.7237844200138843
1.0041782147943814 1.2196720699281496
1.0209053937476025 1.1790052284051464
1.0193803655476084 1.3026099639129132
1.0018009557393333 1.4695160693628417
1.01595166097609 1.1648171195726067
1.0123348522700866 1.3936648358020989
1.0042383085086712 1.5528413819835298
1.007437809750651 1.534223984513555
1.0034416429763535 1.624211654549697
1.0031933230976966 1.719345793441066
1.0308220869549596 1.1759646754057334
1.0053246552089012 1.1464810740711113
1.0069963775005917 1.3062417185513229
1.0217233494834725 1.3064855425659962
1.0381197156030497 1.408218733046078
1.0070957682898949 1.5384461402508665
1.0154953283526367 1.0814149401435427
1.0150821672607788 1.1081513519523094
1.0051560487236961 1.2525350498823162
1.003334896547691 0.9697866601943409
1.006056201512595 1.2196024660688698
1.0267116371900757 1.1959407830366613
1.0052776595896524 1.3065735208955223
1.0015902710093623 1.3302488239438799
1.0114119497055294 1.3978973701837538
1.0026391206692946 1.5151579276754936
1.0135849144107445 1.194945826736109
1.010403928042367 1.2177765528982383
1.0090632167205535 1.3482052650709944
1.0019462791539413 1.1327256880340117
1.003046411485462 1.2195067777426107
1.0034808338144328 1.2353866211814097
1.0046607339196083 1.3453429026632473
1.0042825973883507 1.2043154285059168
54.070546454939034 1.2196862523265137
