1.0000714792501364 1.7427690213312577
1.0000888367546208 1.8389584491662982
1.0032053459373416 1.752426268643459
1.0004476870751398 1.7112151260866137
1.0000950575319068 2.691482099569188
1.000465300545783 1.026470635418376
1.0075258411898689 2.713746681182723
1.0000745659100092 1.7591508333929968
1.0031760846900215 2.7135405671942063
1.0017754260159943 2.66424551369697
1.0013068527341635 1.7660930357801568
1.0065850315965492 2.73379130079603
1.0010251876617655 2.7355008362458526
1.0019857212343448 1.727127799486131
1.0008402317127123 1.78279832321247
1.0027843579644133 2.681288670847544
1.003300110240518 1.7721396762904984
1.0007007240294759 2.695101589861069
1.0007429864032356 1.3674157532681313
1.0013274610760785 1.7463688799679113
1.004076600858891 1.7871765336596042
1.000504121291252 2.7238684898904224
1.00000503133687 0.813265582224494
1.000118184774216 2.6860415917686247
1.0001304918113219 2.6894008968873955
1.0000348125021632 1.7796753877873897
1.0001886854194557 2.721028870860475
1.0730427449826316 3.1737606155119766
1.0001426382213858 2.6055416401880893
1.0003696665918036 1.9729236319616255
1.0060763331256002 2.000616048784009
1.0009301142873217 1.87589706346721
1.0047408959093436 1.906432780879209
1.0001557805677403 2.624094816138088
1.0091602031506908 2.5173401142289915
1.0117334063358072 2.7132211651458116
1.004662313634569 2.7211160818918603
1.003251468807704 2.7263335136511513
1.0009470101789946 2.7264704883564375
1.0004077927555877 1.8770317892460704
1.0059674937310057 2.708383685715418
1.0063812115659039 2.7381710444285923
1.0026439197291634 2.723128030084033
1.001493205177996 1.7654280003038023
1.0064519389715958 2.70524273770874
1.0037604986482496 2.7150905793984674
1.000517082759656 1.7600206277022408
1.0061180494551798 2.699752342341526
1.0011969092373463 1.77708190883126
1.0007591662454034 2.1302461034044153
1.000710047023487 1.9379370273871488
1.000727619584743 1.934616100542776
1.0031078446628798 1.8109902601553982
1.000632165813188 1.7360552852133138
1.003363078220829 1.7430819979191001
1.0032776002826258 2.6992335621333052
1.0107874405106572 2.7104967765161505
1.0078025215840083 2.7150110316765534
1.0017052662740058 2.411359794068708
1.003392495714558 2.701042396466718
1.0013447159623865 2.7120724944728276
1.006155787120366 1.75280952024938
1.0027572851169295 2.6984993612068013
1.0001208886858803 2.4251496305392726
1.0006280457547654 2.019634653814677
1.0013263060709767 2.024088414863491
1.0014743807276927 1.8848693534660024
1.0009950784595527 2.565159447884472
1.0042688620068538 1.7504677855029365
1.0037907582486256 2.691403803060467
1.0029646567372716 2.702067380686236
1.0025247195125355 1.7488923098986993
1.0019977796167532 2.6945080171928164
1.0005609648427845 2.4337263083376817
1.000015627742909 2.397878961283193
1.0007530752381568 1.7921174071441501
1.000056148029257 1.7152612025197707
1.0048997197545722 2.4617449820243325
1.0047498842437073 2.6826954599568973
1.0002918614880008 1.7333080032082369
1.000849167700731 1.929247627991169
1.000405060395912 1.7810440535686127
1.0000315468901941 2.4089671056816493
1.0007249636409288 1.5336029117801668
1.0000520106939357 1.599082940388214
1.0003560517818786 1.0322173015963294
1.0019452531164645 1.0526440506610566
1.0009275255687853 0.9353825829741862
1.0023025523411957 0.9135623506511399
1.0001538670878918 3.5765018550702665
1.0043563416420977 0.8240109282065128
1.0049862649387604 1.7277734358826997
1.0022877294334485 2.453383737660765
1.010194898851949 1.7823025409103048
1.0009468877972183 2.689601676657485
1.0002062917656074 0.954161066729947
1.0019675525751188 1.7392077456420292
1.0029230254961328 2.470452748819615
1.0023356940486863 3.7141337962427725
1.0014903322760587 0.8416909376864243
1.0084910277315755 2.3638570677618485
1.0029641853790188 3.6060512462681222
1.000515638290086 0.8158090963854834
1.0023458846703157 3.6979996928955896
1.001177731043744 3.238209476145327
1.000564209784779 2.524641778659007
1.0159425835731286 1.784233710196077
1.0046554238978203 2.122763762239431
1.0031426754433614 1.8179267114947724
1.0007211474779618 1.891103450018167
1.004776521434681 1.736620985846247
1.034379380375865 2.6938496477325184
1.0078490246512284 2.702748803548556
1.0012329040953332 2.7075896940290716
1.0025263643794715 1.9261013427862475
1.0064223230484861 2.6917113530762236
1.0105800446035744 2.703177028289584
1.0020993389553359 2.235656827127386
1.0163150193138248 2.6876359852215375
1.0051537412845382 2.2521775325898843
1.0010180729813358 1.7571706166519876
1.006965916580595 1.855812490697773
1.0028938829981249 1.9972596584466036
1.0036594019925795 1.7344697305393195
1.0054925022464931 2.356702704665581
1.0028099855835442 2.6904332347255093
1.0037313920617013 2.701463694461057
1.0036293958157354 1.7515613816169948
1.0013789460265563 2.692979833994316
1.0018024463681676 1.9404074642623834
1.0020755015500542 2.307693526491
1.0067865998189645 1.9276163947060012
1.0004495758872336 1.9227269427444025
1.0052805796749764 2.196264949367794
1.013651047052678 2.679475021914625
1.0016368556460162 2.4173556594967107
1.0006099464845775 1.7651626878077677
1.0013883626255167 1.7014603851530399
1.0018487906439593 2.1805822740353085
1.0002656384214985 1.4726977197365638
1.000755532952501 0.8579844622535331
1.0019251446872348 0.9641981468939445
1.0016882163771452 0.9691280593433418
1.0003531558156398 1.0626843699055557
1.0002758353950292 2.7702228998695864
1.0018620876047182 1.1526386392924777
1.0023436651030408 1.7361265715176737
1.0032647602165137 1.7696207850119772
1.000459815159607 3.6802661938613186
1.0017058229392148 1.4353891365107079
1.0033098114573973 1.7485388023794834
1.0052604682506545 2.5181825715835524
1.001250939028447 1.5070195322034037
1.0045148705252323 3.6139765312304792
1.0000233769084628 2.920066040740791
1.0006247380300815 1.8120010798259347
1.007253229227386 1.9521163978907163
1.0032569739035313 1.9258378046047024
1.0007733224486768 2.600217587792959
1.0080823689944398 2.2166029334608
1.0047995857409955 2.6786771895924035
1.0046290849343202 2.689568394874008
1.0048164235218222 1.7355133552406223
1.0083196837772352 2.721538586649798
1.000527956790267 1.7502956479030105
1.0033499144388305 2.3364851741410915
1.0059444814670644 1.8453126702698601
1.001141563711322 1.8087978206719733
1.0033082271344271 2.329597257440433
1.0080135999177926 2.6779958602770524
1.001872749059051 1.7017950332692955
1.0020960348583108 2.094197015467362
1.000999394021197 2.514441481150914
1.00364831823413 2.453222193634508
1.0001294705974408 1.110779844084932
1.00062962433634 1.029968988865266
1.0008787095848384 0.8280346992491492
1.001456030836054 1.0358590775011662
1.000532401055011 2.483154929043906
1.0012752636529758 1.4957212047562691
1.0021242416669631 1.7333019744669795
1.000272162393664 3.6953407000689995
1.000756160833968 0.8588889497481234
1.000999319028687 2.9413049494193007
1.0003103463429524 3.131770096057967
1.0019092970005221 1.843407896162884
1.003416278319294 2.0342818835851526
1.0010826983466252 1.855409861995214
1.0032573981715074 2.2895374348877593
1.013605546439953 2.657337714910457
1.0007363972748033 1.782868648020616
1.001789689786075 2.4981080538886675
1.0005256364444162 1.9769112882349456
1.000705792737993 2.4093453003004965
1.0000947110824254 1.6239697146593834
1.0000023265779003 0.898807193549205
1.0001212760380853 0.867377175875204
1.0000008155416065 2.7487887979332175
1.0009286250218061 0.7783959896817942
1.0047501591092909 3.3698669655541273
1.0002654296925861 1.4010507568150334
1.0003279157110228 1.9685502122510892
1.00123268351399 1.9434531957803418
1.00097851644644 2.163718875131404
1.0000126870855395 0.9203931100248685
1.0000351605111344 1.6243922562215554
1.0001869912976191 2.879409866939074
1.0000293579105657 2.3182797970369133
1.0008038478488648 1.4210527333293002
1.0000000047247894 2.086189827282354
