153736.9657846095 0.7736750333287065
1.8646320328742962 0.8475561427180638
2.1882205998873463 1.1818770348511278
2.471814464792647 1.4215446591439445
2.6528126873336393 1.6559163305420184
2.720110070056691 1.7140477930885516
348391.3044778921 1.7497262377260927
1.8774540124093528 0.8027135852853075
2.230005101360884 1.0809145277601875
2.7570503403225084 1.663971106801259
3.1161325624921288 1.9823477141972687
3.254179727455864 2.1377779241473958
3.2724655505678975 2.163492264043505
2.4087695807545897 1.167245788501243
2.4713531819797168 1.4216931452841597
2.822574851686508 1.820572869178644
3.072605133734517 2.0759221997819646
3.1786427164696343 2.1356567202067187
2.4960325851709477 1.494409541238318
2.6524797136622467 1.657838981047708
2.8581227007050556 1.891508775357133
2.9751327925045388 1.976681705410905
2.6687563534392473 1.7116425731063645
2.7548095305467175 1.7797912007954682
2.818956895900701 1.8293796018237005
2.732706866065048 1.7637131628046134
2.748082691987098 1.7313902726425905
348942.2494551037 1.7707849723085853
2.5635171587439163 1.1717252447527313
2.163764804246688 0.8442972455459359
2.0618624488193418 0.9184356922098896
2.2619199093189923 1.2462972381787205
2.442553692203071 1.463192757038378
2.50408460715791 1.5201011865665137
2.0956419016074426 0.8007616586053286
2.1808558776467315 1.079393470712649
2.445125017076764 1.3474917630948742
2.676511965852816 1.6236944452655577
2.7742072384764347 1.7165751684582309
2.2410396510455923 1.1843275102602497
2.379037083153799 1.3524884310325693
2.6157195635645363 1.6194712588404485
2.7720585545242633 1.777030899278933
2.4665864590399673 1.4561706197351898
2.560895225350171 1.6051596262156367
2.6606371864508636 1.6917205732776754
2.581947098756257 1.613067390922081
2.6170609439592516 1.6214481995509082
2.6248226540167634 1.6483278697251915
2.528654653094981 1.3838158152386584
2.230661292253564 1.1488349313405999
1.942879338722905 0.863219127019608
2.145625900815366 1.0810403760808744
2.25160789510928 1.2581229622889203
2.0868820117039895 1.0505971218403183
2.059063040308388 1.010346969377947
2.213992318589068 1.2052209339031885
2.3821018129234566 1.3821718978912871
2.187285689347907 1.1430309758418244
2.2684491812485916 1.265030612053851
2.3924916166227455 1.3623516064393
2.3620375038009342 1.3747409714483783
2.403583212338016 1.4121735819592263
2.454814250079275 1.488168635664262
2.206981889980225 1.197561139310006
1.9561970098003765 0.9159554825979779
1.915079370427153 0.9023053724434733
2.00759159523301 0.9873308864114179
1.9288236566808992 0.8737360789123387
1.9948102437246682 0.974822909769868
2.0917987973202843 1.1116608595072839
2.1069893088269422 1.1048858165984725
2.160499658598133 1.1696759961979044
2.2933552214174364 1.2559015255007595
1.927923945272601 0.9222451510245332
1.8051976996924066 0.8124255027571646
1.8437692044792704 0.8479633170037236
1.8880775427416827 0.879986359146397
1.9840520301582052 0.9701839361634551
2.068496194714837 1.0962233891540913
1.7823176843218445 0.724706123461892
1.7817435784664588 0.795990649684128
1.9339275487376164 0.9766308345990473
153014.4586597733 0.7716028251569746
2.5239666552726314 1.2216452770304915
2.3238841905141996 1.194411131875572
2.469618545592337 1.4071499476938352
3.0574888456239977 2.0296099225248847
3.362157169220405 2.3758234317966216
3.4616719343577227 2.4755415753917784
2.217313989824104 1.1768291269350661
2.4425551746617313 1.3819599446615014
3.1191380451318276 2.0667839566330435
3.5726045396967003 2.5412333789926036
3.7118238214158468 2.668779923945754
2.6846909964758896 1.6158775568379349
3.0851747975067427 2.098241601056082
3.512688496647157 2.534801830561853
3.729130722305012 2.7860357989746865
3.243604151441983 2.1913563693980267
3.4657083427612445 2.496221920147544
3.6282422906414076 2.6161524350324887
3.5052918324062303 2.57093913182805
3.571781113610036 2.630999283051615
3.5879904337573523 2.645342109881488
2.3969968955376753 1.234582711472502
2.2638951965807355 1.1676667174795168
2.4302168101406063 1.3552743014904456
2.8687781484196537 1.8093102896538125
2.9872892659976173 1.8362401077343065
2.0701809013951173 0.9883484536028011
2.440821695420215 1.332240857917148
2.9967743326701175 1.9676747288158531
3.213626503353451 2.1141328355138915
2.659732165293036 1.5409266936984167
2.994727330875211 1.9525459939399785
3.2353412591053647 2.254356914480677
3.065511413696802 2.053578898392416
3.1665432452820212 2.1285784298007635
3.140390532447471 1.9520899365713498
2.222481121163516 1.185403500666971
2.167283352036213 1.1514108614621428
2.3621576578429417 1.3254639026193042
2.567055802289393 1.5722227266587367
2.1021164549896545 1.025011769101052
2.461169275313332 1.4173534038297635
2.668807978599161 1.6417859504893828
2.607140285802945 1.5495839690445412
2.71986345262689 1.7395641317923691
2.786299349304901 1.75065019898074
2.1067647452303726 1.1002228875128344
2.0891540712369663 1.1030597631338663
2.2318088709930657 1.230949453014514
2.254923974921038 1.2737987908703348
2.334371787316995 1.306048786697872
2.447878453587399 1.435986295062546
2.0517325536403552 1.061267699927242
2.0757938809614997 1.0648775586097345
2.185799753734094 1.173482080234616
1.9758600734675644 0.9669195315470649
2.7634848395102125 1.8116750846105036
2.6266759958081285 1.64023410037506
2.63891150776952 1.6426835104983613
3.0236556021517065 2.0501790424590602
3.2013850552355145 2.2497022840599565
2.4459443783677624 1.444723791207048
2.6733466971474806 1.6717644081188765
3.095374647031167 2.1074904122594953
3.3039838434430573 2.3542949877463757
2.8977566875017198 1.9237176438018664
3.141845659227471 2.2126816797688225
3.335908531124316 2.415386467335633
3.2512567186833286 2.2999723589690375
3.3440519138218816 2.41318733634283
3.404220937802972 2.4826957537254306
2.6312357182706614 1.6454425609928869
2.5801498380176127 1.5872288398209986
2.749236915346879 1.772234362968117
3.01948306193905 2.105249974024086
2.5224820758220003 1.5389588423414078
2.8217111222453215 1.8436471173515958
3.0695188020079245 2.109375485047222
2.988263148589221 2.0098108319746726
3.1018462149781865 2.1632994732991233
3.1981555802819006 2.231447516404814
2.471440655970242 1.4716943258972597
2.444131703841714 1.4966909911202586
2.6240968267185325 1.6385538025746178
2.5894390656946125 1.578288073653761
2.716404610214753 1.7006398114527888
2.847794011788838 1.8744979143862106
2.3399332781563795 1.3513719257037882
2.3899541475053394 1.3860312064658817
2.5089910362225973 1.526117043278012
2.2480751328352215 1.2707889822815133
2.7002885923101267 1.7511743346105249
2.662243627023534 1.717910330351392
2.7729348291686424 1.8460890757117379
2.93403945179045 2.0054634052901
2.6349449572243326 1.6917439708053315
2.8438739870752516 1.941500120364259
3.0029279124103994 2.0541691661273482
2.99787884018898 2.033004302745836
3.087362534615703 2.202961150450213
3.17272332416089 2.2579693526097415
2.660407350282633 1.7491501904779825
2.628967980463905 1.7160670245021514
2.7841217192291596 1.881522048080076
2.7910730813554507 1.8690657150370544
2.8594962875700713 1.946293735035685
2.9919358129255635 2.0759461014379665
2.57216448042454 1.5919679355003302
2.622674854577994 1.678647243428064
2.7646325676623986 1.7711250381785928
2.482895687936786 1.5544590711767343
2.6788412003051767 1.7490027840975522
2.6664647662970244 1.7550993020923535
2.76573538081082 1.8721532060257764
2.771407016099846 1.847781419768626
2.8606700976578923 1.9308570726393448
2.950511089680374 2.0375283022461126
2.6481901612238485 1.7183944651000964
2.6980105776698275 1.8219611884681168
2.7907719413037513 1.8908239232967767
2.6102836237619433 1.7035655484434618
2.670661616603979 1.7814849569062219
2.6896065683204196 1.788175646976053
2.779661713434801 1.8759559380389872
2.6634904869196525 1.743754732371134
337956.2583910089 1.7542209459532578
