153260.35856992585 0.7800363770476815
1.8821248099139405 0.8939598965699038
2.1656573450173595 0.9927271072079504
2.441357990877468 1.4813256134358053
2.6034384521306286 1.6064112158182602
2.721818665428594 1.8264107879707985
345511.30942537246 1.7987340437690924
1.8609865102599437 0.8069341250289512
2.230470138798105 1.092033741753521
2.7693671806993327 1.7292746813550766
3.0664865732598443 2.0033738424861385
3.203543305901794 2.095056230931241
3.1939557805233996 2.1333449006277654
2.212752128793167 1.2087407800912386
2.4524345588991268 1.459671104617985
2.8151394431582846 1.887535705635135
3.036383292482376 2.0507431864827543
3.1412717349645636 2.2050111639124417
2.4901716709969723 1.4934656778445734
2.65184785150699 1.6922281659598695
2.832504433698027 1.7954501709852635
2.954225190123677 1.9429147919677934
2.6877812591824575 1.7183426032087614
2.751080880342843 1.7813052155077251
2.821128915483323 1.858188538435588
2.7346117820256284 1.7630217761230753
2.7628111604765477 1.770799639634364
347769.4431779389 1.726732781958345
2.570269416440716 1.2291436524044947
2.1387073114910136 0.8137622413681308
2.0149977932349374 0.9025546223269936
2.2329749276375184 1.253960214177336
2.3932720104236873 1.4323445322864052
2.4688435720913118 1.4887200122789928
2.0857154860185405 0.7607211993199717
2.140688610446253 0.9155345141639823
2.426142819149794 1.4255946890817257
2.6647216854811253 1.5520756054823117
2.73386407896849 1.6644910326844777
2.199397921791453 1.1062354751115557
2.3612222598393253 1.3045787919392742
2.610843503518164 1.6214151494517517
2.748251031003257 1.7986766142350894
2.4331139996989655 1.4196921872835342
2.540881470590601 1.5545786282150793
2.65189978539728 1.689065131880402
2.570600713557865 1.5839114046898972
2.61343225117537 1.643451652226502
2.6283173210402326 1.6646518881641534
2.5205333321488865 1.3585626358561067
2.209751996094824 1.0749013226705753
1.9755436404310953 0.9412256063611159
2.1177192396400537 1.1055683666912155
2.2217688841468473 1.2655396412170337
2.038728664146509 0.9646840786016271
2.064944868235748 1.0415271028175088
2.264153499888051 1.2888270741612025
2.3486145925457924 1.3661306516576985
2.191542166267324 1.1722086614202096
2.316048153295124 1.3577018717670506
2.376912667589411 1.3699198477590007
2.3554937547155177 1.380436687341441
2.4116034865384157 1.4253239841215242
2.4718783702554434 1.5062100851707036
2.1942134674744977 1.1741706561351308
1.9503056680596267 0.959873447331878
1.9127505287693567 0.9211840384444063
1.9976939070317354 0.9875020498448449
1.9358316874384145 0.9442835467509421
2.027792026416766 1.054253717815124
2.0773782650184045 1.1039348368684199
2.11431789379974 1.1134423485034146
2.1560465054666063 1.166815497814681
2.249935702762468 1.22658245227849
1.9232944975203576 0.87574593227852
1.816503105326639 0.8127921661640807
1.8631779005201488 0.8942870478980477
1.923422307558441 0.9051179743273061
1.94348762529531 0.9498216499980054
2.036044462473127 1.0179610690180985
1.7939859364430149 0.8127848950224548
1.7703593137477036 0.7757752007099337
1.8810529066449924 0.8395770214473889
147130.24965116836 0.7377103853186255
2.511774636926922 1.2710314345678166
2.2916361565435133 1.1390538901719465
2.493612414213867 1.5241954545950231
3.040575128517341 2.1113607171811317
3.321005521801065 2.4157934402423527
3.4077156189306486 2.493784288275438
2.223688079996335 1.1792079978783105
2.416652932776767 1.3238247600052304
3.1157263457805 2.124456767995194
3.5559909853234584 2.5979609377513153
3.664199645485398 2.713812276806251
2.6659878837633864 1.6432576619064154
3.0690749214439923 2.075792955867743
3.505003293378471 2.5698029614646174
3.700631553622057 2.809587010675983
3.250140431819677 2.3030392991742374
3.465519610631717 2.5212138652874687
3.6136954695718746 2.7000681295423865
3.510357846810266 2.551614827853514
3.5774566511409667 2.6428008025130847
3.5903533424066496 2.6445253211141417
2.373674478265319 1.2342535970203194
2.258711736496654 1.1332088776804947
2.4558947476459823 1.3914689698049088
2.827779587790871 1.7948000197256846
2.9364339710376592 1.8274174488647457
2.059459855949997 1.0402896443414114
2.4178823296351073 1.4016357878547892
2.9757871525475985 1.9929895693832398
3.195099805024494 2.1974409547405993
2.635269065952842 1.5815163042634368
3.0033393933905472 2.000075557497979
3.1954509096016213 2.138601269649376
3.063141708717243 1.967355313057903
3.1601717228109374 2.1029290433458323
3.1407293751868997 1.9629132285817579
2.2118090524043126 1.1558409460347892
2.1645053614389167 1.1727404911675763
2.3643177482677054 1.3580066974917826
2.5261492228289613 1.5402238066732923
2.103210526834159 1.0917331627875504
2.439294302742858 1.4186781814859277
2.642753389772949 1.635215559550801
2.5855344576414274 1.56553501145703
2.7078124892390187 1.6946439575211247
2.809856800789224 1.7248763754602334
2.1031343907778135 1.1056523664324611
2.083867930202586 1.079336193118426
2.214638230536419 1.1914097572332345
2.212615849264271 1.1926054616589066
2.337211821816113 1.3521096943981195
2.4376832629929215 1.414669870854755
2.012781156905174 0.9749128065752912
2.0832387191046404 1.0882224732624652
2.1942107983987995 1.16383818117931
1.9678754110566108 0.9536388741747676
2.704389293350578 1.7232263663327099
2.6165233962523136 1.650391993861176
2.640056117656243 1.6728718712175743
3.017172970871645 2.107985469336694
3.162809326380515 2.231907771435349
2.4322903769638358 1.460933082663793
2.669261299674867 1.66425679315175
3.0936304116530087 2.135871639892647
3.306488187123487 2.4065084685151064
2.880751688839628 1.8842720174872263
3.1595861651652526 2.180144596850826
3.3367064253440586 2.394679978678782
3.2699301669185568 2.3235699252514426
3.3611353818174843 2.4253197799400175
3.413175088502972 2.4587799910807693
2.6202519254808605 1.6337896669141525
2.556712145407834 1.5850923047916612
2.754602989812744 1.7763998183215148
2.9484578944358804 2.0280955167407937
2.508793913741969 1.5316902415646618
2.843056013444629 1.8802177076318336
3.0456342171372794 2.093051301640055
2.9958423727029513 2.039082967942936
3.1185328969180612 2.1750818941628833
3.2146492077819824 2.237686882908255
2.471742057946565 1.4948287627803998
2.44870030893297 1.4373529797434648
2.6199727580759373 1.6549553024976018
2.6113652082430243 1.6513841803223035
2.7246718198562734 1.7474978308998694
2.8591667899847737 1.834591399734827
2.3495671085627663 1.374108593893857
2.3744299380323337 1.4103518338676024
2.5204399939365203 1.5232791948252564
2.2459057101295654 1.1952935138926861
2.7266230692758846 1.7926305460248084
2.662446857932551 1.696667553062555
2.785486042406613 1.8597564260218746
2.943095715255393 2.013334762387305
2.6461075125455022 1.6743097875671298
2.87184696845429 1.9313702624337812
3.0206501526038885 2.1044283195979965
3.01268204905629 2.069124592566936
3.0986725599823033 2.161239467158361
3.2039801104391366 2.2509351988944015
2.677908282624527 1.7394239152121815
2.648821621913319 1.7224605543401652
2.791142913767346 1.857027066152976
2.796344385242925 1.8731121262287322
2.900328970678027 1.9574252612052754
3.0220352028618693 2.0923860215077457
2.5813661347476575 1.6358679026483705
2.6111316308076966 1.6417544723081055
2.743124903338317 1.7892893844728466
2.4753513648512255 1.4460206921053558
2.708126483704964 1.6965201780941224
2.698240432601499 1.7684524828506536
2.8029112557230564 1.8590480467496837
2.8131794154985377 1.868017779142547
2.8828806164450484 1.9104836729165782
2.996159231060468 2.0656585256915694
2.6938141984557813 1.7549558209927794
2.7112919201024277 1.75066234879893
2.8605889375739655 1.8985353255151285
2.63931104201526 1.7063938440593276
2.728941021322143 1.8024713097488316
2.734286431951837 1.8169467107552457
2.8245784590028893 1.8758346544072786
2.6988048396943953 1.7667800016197557
342050.0143488918 1.751636722562085
