1.0000678442663526 2.1851789498651337
1.0025867470606564 1.4663947423229287
1.0023738193361025 2.332116580483152
1.0002435118629687 1.755903584731357
1.0000121867285328 2.1426135920542873
1.0010740275230654 2.6896119783974117
1.0000517476769575 3.2850087903506715
1.002564211864777 1.7413549282003726
1.00307289158891 2.2881180723486496
1.0012839483693852 2.7298010212203314
1.0001701378079397 2.0986198867759156
1.00366068247185 2.3807671342681944
1.005678129463367 2.2766815179672606
1.0008069369383066 1.7805897064902034
1.002825081795228 2.6954771031574274
1.0043659092186301 2.2029456127579756
1.000711381557292 2.7294726071495443
1.0020680862563616 2.7521683698730413
1.0006091811748772 1.7378605564165381
1.0014273092969526 2.595734003093449
1.0026303182754017 2.0738659741897765
1.0006607350696413 2.7233224010563317
1.0011292122542559 2.3589194290486
1.0026943821440149 2.6910860949897737
1.0010717944250895 2.682385351129918
1.0006315695055792 1.0626188011923603
1.0000979297602561 3.047201329737762
1.0000407994279072 2.7128429899796167
1.0006815991653315 2.348757986568967
1.0011802545465183 1.983869973308595
1.0011366019498262 2.540990140593706
1.000838452667598 2.6111127453518796
1.0090526807867857 1.7659913953606303
1.0028573926513613 1.7613243807518875
1.0034369146515134 2.3158924771859795
1.0049478016553226 2.715031954787991
1.0062029368650636 2.72008768445194
1.0134591292068955 2.726063998932359
1.0002395198069638 2.7257148391830777
1.000608913655572 1.7598161588542518
1.0033763908445177 2.7110791272061525
1.0053433685430218 2.7080502619663784
1.0007597009118578 2.724109306424986
1.0026007531015968 1.8968587101456262
1.0053037085959067 2.7051094812933583
1.0005175857366968 2.7157431054912484
1.0009900555620457 2.2516552628811097
1.0028295656163333 2.7158151279759934
1.0003134830380938 1.7766912319303159
1.0008487783023277 2.3194449013560434
1.00114615708506 1.8164038773490798
1.0024924956540946 1.9475705798031444
1.0028346008790443 1.9716002558706864
1.0010312093407168 1.9128380930449609
1.0005571025939717 2.158785319831839
1.0066594702062484 2.705943274142983
1.0030193900302862 2.712298434071307
1.0019442222308972 2.7156185056272673
1.0021744532934995 2.420781940939257
1.0015148300275625 2.7020479585508426
1.0009581175289024 2.7125702273355103
1.0008118007667806 1.7828999499329516
1.0059637394343957 2.6969826761092905
1.0008836507569505 2.279886011584386
1.0002136091491276 2.422785365290738
1.0009657841648112 1.7482489699845618
1.005570024838676 1.989264167074277
1.000144327315294 2.0007719989696775
1.0008606251656371 1.7710950619389632
1.0083100979149617 2.6889199513455186
1.0004013640128517 2.70153964535475
1.0004787299979403 2.310283903630294
1.0002087958494266 2.6928904736998196
1.0000798760377136 1.7326083440544697
1.000009529178613 2.6609130889184565
1.0096507673708777 1.9119112326751626
1.000349894374694 1.997943903337287
1.0010438660170586 1.721962747721145
1.0050657909945093 2.6858970906950113
1.0009865795743567 1.7759377528826332
1.000701071316418 1.895226657036065
1.0004304725386295 1.780859914306256
1.0010286959489896 1.8491709354452408
1.0000046609925832 0.783873580610273
1.0006012129512132 1.965078074351307
1.001180123992916 1.3649302817268283
1.000576754175826 1.6899197131578356
1.0001694364979663 2.1004951181531957
1.002944609192406 1.9855584975532725
1.00285646975898 1.6677054112240075
1.0034361132153857 1.3640300013414999
1.0003044957123977 2.126216079250157
1.0023027233299475 2.359476926146647
1.0072171201659523 2.291482078119592
1.0000539650851088 2.7590742611900922
1.0011443454578675 1.2258966912191611
1.0022179118493657 2.1318558984695883
1.0043520172808924 1.7799819988357495
1.000844819262654 3.3334438236509865
1.0019549173908613 2.1009029908676604
1.0018067260333912 1.9980676723921198
1.0002292521075158 3.3786420806860926
1.0016721330839837 1.4649771051421885
1.0033880760130014 2.9080768168964863
1.0003129895610294 1.9847553537312463
1.0047272555607958 1.7642305374381495
1.0189949265854443 2.619993845808076
1.0044568242650875 1.7317384399610873
1.0101347966108536 1.9438143053255428
1.0001105790912057 1.9241126204359236
1.0049268504496052 1.7504332010246173
1.008826920510696 2.6978932936950732
1.0246455875003924 2.703449121400801
1.000794902032632 2.7062814833010416
1.0049368261030085 1.892440370058567
1.0114415281367795 2.670912076865838
1.0049244042063663 2.727784716259822
1.0034976290364788 1.7320923546031333
1.0010067902320967 2.7082498932261
1.000404549048727 1.738458707589143
1.0002006540187902 2.5274437005403723
1.0023870025208261 1.8669265060578701
1.0048294394515058 1.8776201588544532
1.0005985883901742 2.561811187919788
1.0032075856160512 1.7263738056750908
1.0180788578162965 2.6888308782404877
1.0030188639831128 2.71354939356939
1.004794520491625 1.881692429807723
1.0025280623122466 2.7062285711478333
1.0016924508451686 1.7287899549390895
1.0024514207046278 2.46958078080682
1.007929086603218 1.8084358003366026
1.0011888796645558 1.8982917832331823
1.002584961790313 1.736609996984134
1.002308113690719 2.678976022572311
1.0016971913848456 1.7362734583538628
1.0008509458893557 2.4858359304212807
1.000530881824504 1.715989839615257
1.0015543581219213 2.18299715516864
1.000360450679217 1.1653210812077832
1.000849597551268 0.9768761291093548
1.0003654917105251 1.3607540429358354
1.00249100617629 1.4276956868232975
1.0007098215453014 1.3712198105130735
1.0005588193398516 2.233918447663804
1.0002816082960426 1.2547028632926986
1.003030838461414 2.115812032991597
1.0023855307502485 2.3299910463089297
1.0005816447385598 2.346702796325282
1.0001639979234795 2.089799604986021
1.0022142957735374 2.16663900920167
1.000149986581663 3.1678821883199495
1.0009758196518266 2.0022222376875436
1.0027403301137816 2.4333252952994515
1.000823432491433 2.9257377890511984
1.004033092009683 2.4170241481382955
1.0025277025892834 1.751279438134165
1.0059921293290954 2.5484570366368393
1.0007271247233736 1.7648321074251494
1.004403382734467 1.7664855226687377
1.0057706323023201 2.671122348918077
1.000636439883663 2.7296302570522615
1.004353537931111 1.7071295304203122
1.0027653724665933 2.7077552326610674
1.0010209984261167 1.7561821285203054
1.001805968356526 2.4364003430523296
1.0007411845029384 1.7434050926599012
1.000428200152162 2.5688421297820327
1.0019481952664049 1.7944437007246568
1.0039274865545655 2.6790606314873733
1.0011640131069552 1.8533962813965337
1.0020585797383934 2.4613542391628487
1.0010101297051566 1.9573082547682863
1.001336530181929 1.8324753759361134
1.0000426369538307 0.9260940585192501
1.0001221386927144 1.7793703321157486
1.0009634077198295 0.908491976471757
1.0001589858476923 1.5296632543734088
1.0000568585621725 2.3326695859095627
1.000831967198262 1.1517658755459137
1.0019005482821703 2.031203857735428
1.0004015163826538 2.4301439460070697
1.0001524601530047 1.9428574630428208
1.0002035712954847 3.1211242881350607
1.000025010045413 2.513939743981388
1.0019403662898003 2.6218954061555007
1.003237711517923 1.7201881006347959
1.0003198076792759 1.8889654152607989
1.0107150429133995 1.8087878856954374
1.0011867188126053 2.717837228105775
1.0009122822667396 2.2423999172175924
1.0017443615266997 2.6126307185699584
1.0002807811047396 2.017120745398995
1.0009019882950136 1.7256036385337015
1.000292190909066 1.5606077876800508
1.0000019188852645 1.1541156438661946
1.0014199062857427 1.7118434478137048
1.0003474766744556 2.6248687060344382
1.0002492849520725 1.36673552076436
1.0013679713981758 3.1230090421054295
1.0003822068789578 2.107993472137318
1.0001398043584548 1.7550263382878546
1.0012965799928313 1.6984169378829956
1.0001804732102606 1.7846775759233
1.0001252552930613 0.9746477671228668
1.000026924511563 1.2841000802328537
1.0000682807784997 2.6556241719246376
1.0004608628945961 2.409278317283783
1.000000874943557 0.9400597379086895
1.0 1.732490683823957
