60943.49348813858 0.3227847899376637
1.4035473197545216 0.46392972293712426
1.390103111986153 0.4840108777015667
1.37529159841942 0.42457664725969535
1.3446847355368576 0.273320221355589
1.3790275985917524 0.37979143981686286
116579.5846956318 0.6249052425039884
1.3395945471986885 0.33980299453064056
2.224013580659367 1.377985145002635
2.2574911741020958 1.4628880225039198
2.2884894328740897 1.4289512534939477
2.357716470403723 1.5176878353397885
2.46338015411125 1.6573919542948337
1.3624333343603958 0.4493340029742346
2.313816398926174 1.5223781493793123
2.2919606509384236 1.4676760689923025
2.350796284773163 1.5101748462690385
2.4625775399125516 1.4342856419290175
1.4205416705158638 0.48098376783461966
2.3277441165068495 1.4711652503937567
2.3060716297528225 1.3919946995710848
2.4474540484628178 1.5813454966679719
1.5029173024271731 0.5127940966805099
2.3513687564134598 1.4577395005043368
2.440106037925698 1.4371846086173623
1.4753759087761324 0.5216993654123088
2.4306634373912983 1.502967028761522
93423.85461533128 0.4786198106485858
2.337338318481153 1.4848783255282108
2.2360076084303917 1.4117740244284271
2.235126885156406 1.4172338618468578
2.3051631154271317 1.5242643147934647
2.3172711314149534 1.5280218258809661
2.2713572392902908 1.418446711090806
2.247998874266269 1.3678256872794496
3.1643321841773795 2.4994247088920156
3.1700746657086585 2.5098327107717395
3.1615107286051143 2.4295895081968095
3.1857646364387397 2.415430481503464
2.2586150397596576 1.4438827905571747
3.133395332361746 2.353776363182729
3.217035545258551 2.4325775341595963
3.1921870749964336 2.41712140621957
2.2626513081993895 1.364994853710296
3.190450703430707 2.423588006781681
3.286690890286001 2.445544396768683
2.3454817562191463 1.4882030542666618
3.203234609068221 2.401455522630307
2.330102457675647 1.3619751258437867
2.242108214028261 1.404069688276878
2.255510653778136 1.4499854538931842
2.2424203480417493 1.4294713744104792
2.2711685377950372 1.4743668341628853
2.3339119316085064 1.4550436334221661
2.2175776291524083 1.3494957229014575
3.117724376464114 2.4551888609874797
3.1459195458865885 2.3521116938766347
3.1594004989835653 2.4511965734061403
2.363688987332117 1.471321231594721
3.1728128925431465 2.41805355156395
3.246366204543781 2.509750485465265
2.334786391418487 1.51189975678349
3.171124522945256 2.3512192588194547
2.3681932587108907 1.532361281515032
2.2377245649621558 1.3977004689712111
2.2572296180304354 1.4628612277070556
2.2592733296673395 1.4455089180493517
2.238189459491911 1.387875455250674
2.2131825224857007 1.3356125129164067
3.1080587224278435 2.328834711492799
3.1176650115383553 2.3727620403489706
2.2955629625735297 1.5036135814992724
3.1386383405416383 2.2998600336127693
2.270033566169468 1.3733847438143112
2.2256665074378854 1.363955584363119
2.226478768583034 1.4069148625513601
2.2422429771815247 1.375640519606328
2.261913731474241 1.4610199924639358
3.1014911824035227 2.3561059563214344
2.2413545847350056 1.3512630652751563
2.31437267565347 1.4705452932420404
2.2313730593871135 1.3997224462786133
2.2196548095117072 1.3684450115260895
62589.48840935804 0.3416569016044333
1.3810064790782826 0.4702318700159762
1.4406104387272856 0.553829435835868
1.3289793912768815 0.35773487499682527
1.4729682976877114 0.5454672984526024
1.4451829905877092 0.5166663663529918
1.5784092280313498 0.6597108030689335
1.3819731247273848 0.4610063114886702
2.317187713342463 1.4379171965359672
2.271972433156075 1.4138281027910085
2.34320799982643 1.476364871146397
2.5863520294780393 1.5250110438813618
1.3630493399286576 0.3469787737667741
2.273988291148632 1.388932885990179
2.3296103898754104 1.4181927905123688
2.387788541468574 1.5203850325968384
1.3711136374860062 0.3945573874240088
2.3455861662592943 1.4202124653198027
2.4415790098892933 1.5330115792258696
1.468625672204965 0.4322529260700168
2.4096149559883413 1.4682344547904094
1.598459505110298 0.637937438287772
2.5006154674699648 1.5826730195326748
2.240820176267092 1.414369152729195
2.3080779217119893 1.524895872116582
2.2532376495649915 1.35556174773486
2.327153871011283 1.4143646296613102
2.2545135869678594 1.439628324289276
3.1301879310725234 2.4291590244227965
3.1571411312895004 2.4274396740929083
3.1822147340688525 2.4174530336982705
2.275636971385446 1.37766222962668
3.23271127774686 2.4175303256834018
3.1799483725370403 2.3698411043990193
2.352031010630534 1.3773054620375698
3.1861028281978907 2.3288916097948213
2.326112666505397 1.4352960468962883
2.2585132802336365 1.4557842445780071
2.2567645764966735 1.4436191462549748
2.2586977211026444 1.4244167269524108
2.3613109705543165 1.4693548309171873
2.247332974361655 1.4372101879964212
3.1453140080019715 2.445305284158442
3.157849167193687 2.410955246314845
2.287336259251423 1.3845650944095849
3.2240329938712846 2.5265341551934943
2.275472294031423 1.3546626964321522
2.2637726976936516 1.4683255460167093
2.235032433757112 1.4111433331281682
2.2262537557894646 1.3274819110883995
2.3033722962191274 1.476442776656893
3.144199366005524 2.3775849337026265
2.3056995901718143 1.4863209027380955
2.248545015056219 1.3875959010112706
2.2435072868746717 1.3764895974401856
2.2451533309209686 1.3633249855578522
1.3507845433094308 0.41204013113168925
1.3658879135264461 0.4192373380016082
1.4223569022873552 0.49175866351821584
1.389356976497439 0.4267810446189161
1.4260778466001145 0.4415281388824242
1.5018131636269554 0.4861697861327258
1.4902543391511442 0.5559127533531643
2.3471245849666134 1.4355113639908796
2.36081589558553 1.4620700340241268
2.404217559959475 1.4335391042445953
1.418490452578893 0.46162034014653763
2.361644147052824 1.4732582523849416
2.487815722369745 1.5751378169160755
1.4609022951091977 0.4536570566387457
2.4377400882371374 1.43362257406524
1.5101637462793673 0.5313432484604004
2.333518494416045 1.5260726989420306
2.2424740074416833 1.3122947425261526
2.266236815981638 1.3700446388919059
2.318417542096407 1.449195417677294
2.255875410942771 1.252112025772754
3.1969081242395987 2.3945641931256287
3.187710983816585 2.35996035500959
2.377071522346565 1.4557679770617782
3.2439440424509707 2.457489229089399
2.297599936485309 1.3705655317474366
2.27938820745388 1.411996340405644
2.3016896330190995 1.4463767202267357
2.296099111434019 1.4634107115592456
2.3883752485384564 1.5592021252726234
3.174838728271139 2.331465404141339
2.278344169115252 1.3329128404336283
2.290980668567885 1.4542298919991135
2.327401489586537 1.5077716982284453
2.2460706698500927 1.3390563030927876
1.3421575699334083 0.3703216281009204
1.5197684354182792 0.4048849324069162
1.4288956177718768 0.4748050676053057
1.4080696514216142 0.4110958477286465
1.4852076018500227 0.4481610910521232
1.4276078345552672 0.44409722519231154
2.328660051561882 1.3948323501224493
2.4474704861687377 1.4635640421281186
1.4463318980315463 0.3472863658432802
2.4833858284831685 1.4506537969995117
1.5636901550836209 0.6107566668193429
2.294099386648246 1.3557463242703216
2.3199238832172564 1.3640266950547018
2.298278705601976 1.3663401176641392
2.291589969530055 1.348611524001106
3.2668695165751265 2.410049598161788
2.3463157383597566 1.425079679166715
2.320251129171497 1.3888315622051293
2.3267862969140056 1.4176632575101105
2.289112592766198 1.3421724011299672
1.319422151646481 0.2683631289108803
1.459609260677619 0.31276778633274543
1.4395968174439502 0.43372280518108636
1.55020183042117 0.5338831357560477
1.4720967252033779 0.4256966479388579
2.5189846199549693 1.4227269858851403
1.522107295493988 0.5171674562782924
2.3334085249668517 1.3536873253151427
2.3806914191839397 1.2552259341836223
2.371175399740344 1.4327622597747034
1.460073617315674 0.47475992280862683
1.4798645107841244 0.406063638899483
1.58735236579794 0.6010492224114685
1.5377206657313913 0.5306799656289516
1.451980330600585 0.4418442527399383
81124.02035823392 0.4150780077701545
