1.0002282107578349 1.1007912023399353
1.0000927018854664 1.6204248992241004
1.001341240319831 2.5065553838356958
1.0002189287320271 0.9480939433267442
1.000451793050843 2.705102851474995
1.0004019648894837 1.8394923939790888
1.0002320125320836 1.8646628888904184
1.0000632566338516 0.7747729373277723
1.0010800049635948 2.7124800365375927
1.0010577218349272 2.7243464611176194
1.0024440798105534 2.3067312118557304
1.0048947111427462 2.714036648916437
1.0000298689378273 2.734897125521967
1.0000608921397827 1.6304221908190821
1.0018748708417777 1.7683032816592708
1.0033129093382023 2.422977559785732
1.0026069236735566 2.729111950870773
1.0002428495984959 3.045428959045882
1.0001162965519839 1.7102669101528503
1.0009453140182514 1.7636830418781797
1.003889602766282 1.7778372757737055
1.0001545514364802 2.7222306205652433
1.0000103600877284 1.8469615804424633
1.003559688910382 2.7009589940997367
1.0004275947566055 2.8611291454416756
1.0000392869907628 1.7128745281456759
1.0001812823338032 2.6641636637324964
1.001537100485233 1.7430465922251934
1.0000878136212374 2.5234976274531924
1.0019148793991608 1.785699507632237
1.0012625354712523 2.5442924660063095
1.0027551888138235 1.851974045219718
1.0005735246503968 2.604204036409109
1.0000305166624188 1.9197632252483554
1.0104054378037193 1.849643143792099
1.007509061959405 2.715457830868665
1.0065924599291185 2.720045899881896
1.006738986531114 2.7265244758480867
1.0001069288324747 2.725519116534954
1.0091152577406834 2.017800082072436
1.001664408385885 2.7106979118299743
1.0070137807865398 2.71828383701847
1.0011393009925464 2.7236374528385046
1.0030586415155698 2.393406788255648
1.007140626126859 2.7031612179185145
1.0010945886911031 2.7171785678149565
1.000506909182684 1.8251825230382566
1.0051750167714955 2.699675195119828
1.0004044447935598 1.8247370466959063
1.0026820500670635 2.4754713480509287
1.0003721205146574 1.9950104229678332
1.0012620031111705 1.831092731754286
1.002739687773256 2.5369847606471754
1.0012016443733147 1.7360721804346881
1.0026620981967203 1.7392673494585278
1.0035795101950151 2.7005026101070735
1.0033891636058534 2.711330013005882
1.0016568643116563 2.715681227725958
1.001083849090914 1.8370269571808397
1.0063416982935045 2.703327235251643
1.0037133683777988 2.7150863557742113
1.0009444945339714 2.441202384788371
1.001462015468153 2.6998008115507313
1.0012881256175659 1.860915111508338
1.0007454742901407 2.3536655389969967
1.0025508565857115 2.4882726537665274
1.0032858533472626 2.4890941776892945
1.0006759763614823 1.8304767631807675
1.0061781779261805 1.901895771642297
1.0044451839186561 2.6904795899547738
1.0040192197245343 2.70443125638631
1.0009700291142076 1.7336901814485965
1.004745967023361 2.6935606723249768
1.0001977804835835 1.8368794229361733
1.0024422558300674 2.4914285129675466
1.0009811790779286 2.493477642452433
1.0000087587618123 1.765604671038996
1.000239330564557 1.7239957405438853
1.0012106828145326 2.6823366950711356
1.0002910153543931 2.4562099217209616
1.0000392094276518 1.8349994107365701
1.000992307415547 1.8479864098962568
1.000214760026198 1.9737589163471387
1.0002943931119235 1.582463925337334
1.0000445987983966 2.3485009141213284
1.0019252751032222 0.7837322762025729
1.0010055640639315 0.939533396348578
1.000662858434056 1.6654859505021855
1.000196221699373 0.9421503905524254
1.0000296001434905 2.907995433097015
1.0033286326059114 1.7821936779338714
1.0074867608931477 1.7969055761252746
1.003469481116879 1.746927819369612
1.0068505125010976 1.9023919890130752
1.0013328592528763 2.8807510652527677
1.0025678604483836 0.9525350225774618
1.0004857533232947 1.7635512204684223
1.0051116441732644 1.7766536170909961
1.0013634489815542 3.0188466371595184
1.0022119058332795 1.0800724022107293
1.0064868669729745 1.7605272802633372
1.000728166079746 3.586800489440118
1.0004841902139339 0.885284233050565
1.0042776321418345 3.6548256656793465
1.0001117742104602 2.770039406616206
1.003650361660889 2.6280893560840486
1.0085533393352781 2.520855001723038
1.0022913283497261 1.8993225877162612
1.0043688046510209 1.8969024841908118
1.0004580121004942 1.7755385832218158
1.0066349990846415 1.7584697917735832
1.0092419043341512 2.6950552380354544
1.0051181437184853 2.704496548677777
1.005081610664673 2.7299188894684647
1.0021429383995202 2.363103677262888
1.0015644133099235 2.700174098747614
1.0048560824391413 2.7040618645468486
1.0021722171812701 1.7840818574580037
1.0040734808288754 2.688956359711246
1.0015453982466205 1.7461038204973394
1.0021361900253913 1.9150263261291376
1.0059208386908118 1.898851082192572
1.0012467992067111 2.4816467637154767
1.0010310284811303 2.5760919583069573
1.003621725660027 1.960524244590172
1.027782776171455 2.6995647264115945
1.0062815674065937 2.7058360015482736
1.0093798545485533 1.7966507659318682
1.0021833804933764 2.692699313976685
1.001691139145482 2.0374018815199797
1.0014144457228336 2.5652927876173885
1.0035466866333151 1.7400168643045086
1.0012990352121058 1.8807208193296427
1.0066044359502382 1.743377451730995
1.0034740625035923 2.6835517947132987
1.000539096121601 1.9807470232933322
1.0002677437110266 2.4836265653761167
1.0035352799748043 1.840677008748738
1.003311412153586 1.7165810961089671
1.0002750790559505 1.1439399972733504
1.0000605670602023 1.5563836228157775
1.000423625031019 1.8377782983339501
1.001303659348905 1.5135743368752845
1.0007626240531982 1.6610162241621798
1.000240576040423 2.7814847425651177
1.0006608430550397 0.7663434164576496
1.0048569391359845 2.2827803418902572
1.001895084865368 2.529972089696259
1.0013636123606258 3.533395077256545
1.001614080734965 1.6322419239385366
1.001967838628814 1.7583567082119893
1.0006881626643531 3.6722028652226273
1.0005069246136016 0.8051208837220281
1.001053462868022 2.897233408437383
1.000310218838149 1.9642404464266594
1.0007900039693334 1.7955525690560914
1.0022509099244252 2.4288127346277077
1.001923324370309 1.869825085580248
1.0002710030322506 1.877761559450751
1.009913961425726 2.307133211780592
1.0139548891042378 2.675384348444134
1.0013562225408459 2.6845493460310177
1.0008858407213375 1.7073489496296204
1.005345318089951 2.6757011179532206
1.000886389044481 1.9999617583942653
1.0004553982944782 2.416541785105417
1.007768962882052 1.7122011355782016
1.0010051220593486 2.414599913113811
1.0024696445937433 1.8881935232764702
1.007186588940615 2.680856675324825
1.000076703374233 1.7187563376462236
1.001475362373833 1.798394500112682
1.0014272353921316 2.5414496731589633
1.0014034460874637 2.3606926007638256
1.0000580178558822 1.2274678695798755
1.0000350590149487 1.5608361770397283
1.0010441721114394 1.4625777244885074
1.0009690721925935 2.2122290567179217
1.0000250736375131 2.6709276736840293
1.002577315633854 1.1422138724281194
1.003472560252031 2.3915839393097946
1.0011231794550117 3.6789860085738395
1.000970718337082 1.6465972826373556
1.0010980616488006 3.651067603645636
1.0001981993878368 2.9616647398027887
1.0005218247421552 1.7627707552624443
1.0013354219152453 1.809318444422991
1.0026700252687384 1.779595607147354
1.0010613737126624 2.4143917889114985
1.002645586060217 2.6575517297172024
1.000675879566286 1.7913892749107327
1.0006038303355484 2.5531855496369835
1.000935653477657 2.485944621368914
1.0003944015319213 1.7056952339359959
1.0000307049162456 1.3887289958075737
1.000007815015407 0.8154119795233035
1.000975824212312 1.5434953210810607
1.0000082560177632 2.532936746363264
1.000335701033503 1.0279338961973887
1.0011863155142164 3.6759036687897284
1.00023590975374 2.617321943663543
1.0013394032837624 2.1666278422487077
1.0015173797885315 1.957190000176364
1.0006151557690235 2.394525927597197
1.000379817466377 1.6130881895580003
1.000038439361314 1.4888028883658522
1.0000779969684805 2.780446259687044
1.0002582586421493 2.6249853241037724
1.0005378075688942 1.8631304731702758
1.0 1.909349989126562
